Number: 5942
Error: 1.9249700984818248e-10
A1: [0.08047785843814914, -0.1804216449993196, -0.019542736406874473, 0.1196711412929136] - [0.03733231276302482, 0.13351317994146633, -0.1348092871814203, -0.036369045759380485] - [-0.0016750156975613086, 0.2282179191769399, -0.12280061437243074, -0.10363111133313307] - [0.03891432823580359, -0.11443006454276818, -0.046365375051004035, 0.1220852921448893]
A2: [0.03543473420828223, -0.02914584186991822, -0.0755763258145746, 0.06979663319251295] - [0.1030451400539511, 0.2830493658125901, -0.39245998074093036, 0.006974516462051005] - [-0.011167797683012211, 0.5390340041865747, -0.35943274974200584, -0.16835612791970195] - [0.09791992210066233, 0.017520693394079394, -0.16879663676224557, 0.053584837963292664]
B1: 1.76274591604151e-05 - -2.3765014722715516e-05 - -1.3014312291419112e-05 - 3.698004452720722e-06
B2: 1.7091207031622307e-05 - 1.829937328080395e-05 - -2.6051031402912313e-06 - -1.7492066935935792e-05
