Number: 3342
Error: 8.493432274912991e-07
A1: [0.06320669261020921, -0.11691331035807727, -0.027044876040503815, 0.06868176796283008] - [0.034213184919009106, 0.18512860258342806, -0.15055467008155055, -0.08133237353335991] - [-0.04611196269826384, 0.342633768509871, -0.1137853927753271, -0.12710811723868679] - [0.03878210920389887, -0.05358708737841624, -0.03769149825999945, 0.05142165979863438]
A2: [-0.011900604446663805, -0.3497555572337028, 0.24673799182815537, 0.10354427475869268] - [0.07885903559033147, 0.035023153604512025, -0.051582531400900286, -0.06737743829751848] - [-0.041668822718444444, 0.2316528116134692, -0.03972436107032847, -0.14701978584665815] - [0.06628144793286733, -0.29553107673902923, 0.13974543924700628, 0.0814644264780993]
B1: 0.0019617321882816844 - 0.00016520079345102974 - -0.0012292818663918858 - 9.537057938196966e-05
B2: -0.00042611397733806534 - 0.0011097303842105897 - -0.0006903668940114677 - 0.0007443401960376184
