Number: 8157
Error: 1.0398158422563248e-15
A1: [0.08043165671034813, -0.18046783872164454, -0.01958888491417122, 0.11962494376710205] - [0.03741565342465561, 0.13359645955032742, -0.13472611291358552, -0.03628575170711798] - [-0.0017028176841533801, 0.2281901178353707, -0.12282838131851982, -0.10365890889618176] - [0.03886323135688699, -0.11448102161604488, -0.04641644446606918, 0.1220342248826013]
A2: [0.035307484377365965, -0.029273434366572777, -0.07569731066829122, 0.06966345098605692] - [0.10289372881739901, 0.2828966792263763, -0.3926064173876, 0.006815973120287106] - [-0.011187154060352169, 0.5390145362952211, -0.35945106667084925, -0.1683765215398763] - [0.09786280225080077, 0.01746331935136161, -0.16885100780814277, 0.053524881367418495]
B1: 2.0099366164878862e-08 - 1.4780780583829409e-09 - -1.7096250201756727e-08 - -1.279669099868536e-08
B2: -2.7995722240190557e-08 - 3.438638966264391e-08 - -6.477399421750573e-09 - -6.997049618361647e-09
