Number: 3879
Error: 1.0649761422613886e-15
A1: [0.06621315086382286, -0.1139521098386421, -0.023983981073878547, 0.0717228373834141] - [0.03740255659935866, 0.1881933163817472, -0.1474090013682026, -0.07818706477167875] - [-0.06022946359992566, 0.3289507115017149, -0.1277531999786187, -0.1409684120186952] - [0.039046112201301296, -0.0533227306171269, -0.037418635802168164, 0.05169507537727789]
A2: [-0.009108619091119846, -0.34680323140839886, 0.24945504667141538, 0.10645663448712785] - [0.08003981365637304, 0.036282243926698564, -0.05025012549589434, -0.06607197284346909] - [-0.04245285821179474, 0.23083184831683798, -0.040531287075196674, -0.14784788183314182] - [0.06813476642966619, -0.29346786581106377, 0.14177122727967773, 0.08356184660833983]
B1: -1.4023205528707456e-08 - -1.8665917777221782e-08 - -8.814248547720495e-09 - 7.80098828481989e-09
B2: -4.58395361545041e-09 - -1.5599785462001027e-08 - -6.467217815774606e-08 - 3.8657992993003517e-08
