Number: 3900
Error: 7.990215095388205e-16
A1: [0.06621313433597312, -0.11395212599714664, -0.023983997588756547, 0.07172282088330464] - [0.037402553533308895, 0.18819331345234502, -0.14740900438236382, -0.078187067786106] - [-0.06022939722419302, 0.32895077525191885, -0.12775313502725422, -0.14096834741667763] - [0.03904611131792515, -0.053322731455592035, -0.03741863665680566, 0.05169507452958005]
A2: [-0.009108634988084981, -0.34680324827260384, 0.24945503064582722, 0.10645661782002025] - [0.08003978114988512, 0.03628220890788964, -0.05025016102364654, -0.06607200867289624] - [-0.04245287808542919, 0.23083182638304817, -0.04053130837257996, -0.1478479038126455] - [0.06813479154848749, -0.2934678381541223, 0.14177125451091946, 0.08356187477120974]
B1: -2.8301989315700956e-08 - -1.5029071848836573e-08 - -1.9047516510831704e-08 - 1.742009994265963e-08
B2: -1.2429904016949637e-08 - -2.2480374622945504e-08 - 1.6382643538829498e-08 - -1.621906496610344e-08
