Number: 8514
Error: 1.2749631696903882e-15
A1: [0.08043161334659683, -0.18046788208045017, -0.01958892822606695, 0.11962490040832253] - [0.0374156411007324, 0.13359644723576314, -0.1347261252128511, -0.036285764024150735] - [-0.0017029076160143943, 0.22819002790540763, -0.12282847111872608, -0.10365899880404997] - [0.038863235100655244, -0.11448101788269865, -0.04641644072464734, 0.12203422862410505]
A2: [0.03530762989151473, -0.029273288449972432, -0.0756971723148997, 0.06966360328196217] - [0.10289376190791032, 0.28289671259775323, -0.39260638538283316, 0.006816007770826415] - [-0.011187143478679077, 0.539014546940051, -0.35945105665510707, -0.16837651038953683] - [0.09786281514806648, 0.01746333230728941, -0.16885099553075053, 0.05352489490530851]
B1: 4.919127168695316e-08 - -3.738275402626315e-08 - 5.746425544815275e-09 - -2.249341923193658e-08
B2: 4.417004135479801e-08 - -6.206053771009315e-08 - 4.9612815505342496e-08 - -2.3405318806946995e-09
