Number: 8311
Error: 9.05943520212914e-16
A1: [0.08043163903717371, -0.18046785639281826, -0.019588902566230547, 0.11962492609592605] - [0.037415621455735966, 0.13359642760561322, -0.13472614481877612, -0.03628578365829273] - [-0.0017028297276776606, 0.22819010579210253, -0.12282839334441058, -0.10365892093649169] - [0.03886317700594976, -0.11448107581445577, -0.04641649878238787, 0.12203417056542595]
A2: [0.03530737994713495, -0.029273539085620748, -0.07569740995943204, 0.06966334168870447] - [0.10289366094818407, 0.2828966107811781, -0.39260648302987877, 0.006815902051408017] - [-0.01118708151943442, 0.5390146092687884, -0.35945099800916597, -0.16837644510112224] - [0.09786286641731116, 0.017463383809719155, -0.16885094672565631, 0.053524948721221606]
B1: -4.478372001588312e-09 - 4.802310369459612e-09 - 8.84139379305439e-09 - 2.7702359048276945e-08
B2: 1.7211185537450626e-10 - 5.9382583406811607e-08 - 3.2267280678189956e-09 - 3.3262264532694766e-09
