Number: 1978
Error: 6.25355063309712e-05
A1: [-0.03649157959276696, -0.043470996040035514, -0.02697710750782479, -0.009410338752360208] - [0.09344103588838445, 0.2154950631018702, -0.11901620271986428, -0.08011891676723604] - [-0.10020711158265637, 0.4539643510984161, -0.058159062882536194, -0.2442946777084499] - [0.04161221643834158, 0.07814884258260776, 0.03587141096234445, 0.1069676564423662]
A2: [0.12142799155717714, -0.2358535492259472, 0.011554698603149552, 0.05848197293295315] - [0.043987532151646656, 0.21468898756318927, -0.10372770424070983, -0.11066097581099248] - [-0.10128007941587276, 0.5476736829223975, -0.24239481382346875, -0.2336746525443541] - [-0.019560340124354123, -0.01838496334777668, 0.009115008103814465, 0.03271746060956476]
B1: -0.001118664396981094 - 0.005962346185499439 - -0.008609603004306216 - -0.003794000936681893
B2: -0.015756391680097827 - -0.018036923873816665 - -0.00713320151810204 - 0.010225637546110906
