Number: 993
Error: 0.00016734004995927232
A1: [0.022534061038680032, 0.022387353390745688, 0.052635783230046244, 0.04709048426712882] - [0.042991097402100296, 0.16754084586945817, -0.16910477907918336, -0.13521110396817615] - [-0.07541137297835382, 0.44424736728802633, -0.03529121963536222, -0.2454673992829776] - [0.00018763148816428044, -0.013463352828025757, -0.006569740097186409, 0.028294506303699344]
A2: [0.168900465714458, -0.1651302735752078, 0.01875213745589327, 0.007713725411725516] - [0.03765275519969156, 0.20877006385485064, -0.11453354531017905, -0.1232386693950716] - [-0.050554798885449004, 0.6119362407011416, -0.19716584665617373, -0.22277231059810207] - [0.029409797476791566, 0.026470011496081025, 0.03610705364375208, 0.04067209931134173]
B1: -0.0010053795564587756 - 0.006951712402205455 - -0.014868185331308938 - -0.00872655494276898
B2: 0.020893561825389016 - -0.0018222507131970093 - 0.002037612152298862 - 0.0008029502130811328
