Number: 7316
Error: 1.2517910737081523e-15
A1: [0.08043168247679977, -0.18046781295808362, -0.019588859178481292, 0.1196249695306352] - [0.03741558804926328, 0.13359639422437633, -0.13472617815883906, -0.03628581704635904] - [-0.0017028263037928825, 0.22819010921592375, -0.12282838992552918, -0.10365891751351793] - [0.038863231530296326, -0.11448102144311234, -0.04641644429275965, 0.12203422505590823]
A2: [0.035307461883921316, -0.029273456922273976, -0.07569733205486745, 0.06966342744430658] - [0.10289373504670773, 0.2828966855085479, -0.39260641136269797, 0.006815979643281731] - [-0.011187124475951216, 0.5390145660561129, -0.3594510386684905, -0.16837649036584126] - [0.09786282165335825, 0.017463338842197657, -0.16885098933816475, 0.0535249017337937]
B1: 1.2488421946177179e-08 - -2.4784283182758484e-09 - -6.035898783422629e-09 - -1.2666013935282123e-09
B2: 6.372597994144681e-10 - 2.5506819922684027e-09 - -1.7015669527077927e-09 - 1.7120733738692219e-09
