Number: 2901
Error: 1.2648453715457616e-08
A1: [0.06387160780839984, -0.04743667575382202, -0.023010085719010046, 0.00828857862028217] - [0.04364704495751317, 0.1912563783427236, -0.14257962623793757, -0.09252838195484285] - [-0.12279549767684365, 0.41550711038099836, -0.10420800291675586, -0.18642526992232714] - [0.0374811512117758, 0.019643954423799095, -0.032657218305698676, -0.022579530101254932]
A2: [0.06236702050078105, -0.17475554025591528, 0.08524976797412738, 0.022893495321219995] - [0.02938586503565468, 0.20039327555365535, -0.10161463542343474, -0.1277793385773365] - [-0.09379617866674744, 0.5133029469114401, -0.22599304633275086, -0.19547221116784758] - [-0.0260814315726533, 0.018367070274253838, -0.050441741753587524, 0.05682721408010063]
B1: -0.0001651044840672482 - -6.010551559943951e-05 - 5.08879629646876e-05 - -0.0001711397726265933
B2: 0.00011058526624305737 - -9.611882879643623e-05 - -0.0001209579055614693 - -0.00010060378811213484
