Number: 5044
Error: 1.0553496031753197e-15
A1: [0.06621323166316698, -0.11395203084486957, -0.023983900337934527, 0.07172291804715547] - [0.03740259103398307, 0.1881933492817063, -0.14740896751630517, -0.0781870309168107] - [-0.06022942350513999, 0.32895075001041674, -0.1277531607442787, -0.14096837299517712] - [0.03904616934164357, -0.053322676381546294, -0.037418580520665316, 0.05169513020985987]
A2: [-0.009108453311272142, -0.3468030555421118, 0.2494552137924679, 0.10645680829809491] - [0.08003983470822516, 0.036282266605619715, -0.050250102487316615, -0.06607194963955175] - [-0.042452788136879624, 0.23083192565584312, -0.040531211980021804, -0.14784780433294029] - [0.06813480726894416, -0.29346782084534073, 0.14177127155308805, 0.08356189239659825]
B1: 3.116051398701331e-08 - -6.112902101092583e-09 - -1.9466246231441085e-09 - 2.3002119550525727e-09
B2: 3.441422564720111e-08 - 2.354050509274002e-08 - -1.1730386638484974e-07 - 7.396209032688292e-08
