Number: 5004
Error: 7.585769856966802e-16
A1: [0.06621321178097528, -0.11395205028276574, -0.023983920204522786, 0.07172289819833151] - [0.03740263611354402, 0.1881933923521814, -0.14740892319963772, -0.078186986596223] - [-0.06022936232432951, 0.32895080877130345, -0.12775310087629593, -0.14096831344919092] - [0.03904614002985299, -0.053322704203248965, -0.03741860887889001, 0.051695102081896246]
A2: [-0.009108573123554847, -0.34680318264394355, 0.24945509301083718, 0.10645668268164453] - [0.0800398096097867, 0.036282239567434614, -0.050250129918452895, -0.0660719773036084] - [-0.04245288033340769, 0.2308318239023135, -0.040531310781259766, -0.14784790629853678] - [0.06813472368229678, -0.2934679128776283, 0.14177118093732272, 0.08356179868082997]
B1: 3.395922423764277e-08 - 4.588404786172713e-09 - 2.0616522334473166e-08 - 1.5347084153449645e-08
B2: 2.0602703878088994e-08 - 2.750279841005531e-08 - 2.9319581236181637e-08 - 1.83415485713053e-08
