Number: 4555
Error: 1.1788518068128825e-15
A1: [0.06621310086580542, -0.1139521587194058, -0.0239840310326751, 0.07172278746927735] - [0.03740251619716397, 0.18819327778017206, -0.1474090410866517, -0.07818710449367108] - [-0.0602295596118373, 0.32895061928746716, -0.1277532939302737, -0.14096850546485767] - [0.03904618607290345, -0.053322660500933323, -0.0374185643338337, 0.0516951462652944]
A2: [-0.009108521819628264, -0.34680312821856074, 0.24945514472983282, 0.10645673647092935] - [0.08003985048293626, 0.03628228359947855, -0.050250085246531316, -0.0660719322523294] - [-0.04245289766407955, 0.23083180477499052, -0.04053132935361716, -0.147847925465666] - [0.06813469067800533, -0.29346794921686675, 0.14177114515742573, 0.08356176167685563]
B1: -3.1992971140071934e-08 - -2.8570480943778315e-08 - 9.097246371261005e-09 - 1.811130383528674e-08
B2: -3.162771370968331e-08 - -4.916895594048975e-08 - 7.476429903221832e-08 - -2.709562036154512e-08
