Number: 958
Error: 7.506585944770135e-06
A1: [-0.015312131025360774, -0.017765905976082012, 0.014591948303974317, 0.005201172707934021] - [0.06496014993241779, 0.18865289596485513, -0.14622787554010086, -0.11098391603908447] - [-0.09867199774961263, 0.41948238892357115, -0.05604275248886822, -0.27481421280505985] - [-0.004999478706716872, -0.021761266077761625, -0.00775479271131438, 0.019117660988516316]
A2: [0.16339593506775923, -0.16597915967860097, 0.01027450455280978, -0.0005688310896084634] - [0.035556828777221404, 0.20758676701648274, -0.11713957051345049, -0.12572238223337767] - [-0.08711740077513201, 0.5806538539555455, -0.2362685037195733, -0.2608168573014113] - [-0.006977537137841279, -0.007608301164256508, -0.0020009504047756306, 0.004236521500113216]
B1: 0.0003414684556127894 - 0.0016489243882148244 - 0.001632982729905021 - 0.001850407661447606
B2: -0.0011824316881100276 - -0.0007837904894111461 - -0.0017595107794976693 - -0.0011597428783440922
