Number: 9708
Error: 9.540747037963146e-15
A1: [0.053172587923529906, -0.1480012331788976, -0.026999009579414764, 0.12182785978342592] - [0.005313914082435737, 0.13083688873738897, -0.11360054953701978, -0.02254956883690474] - [-0.014444714325728398, 0.22309138299305722, -0.12704141715797976, -0.08160617083304782] - [0.02714640494445939, -0.10002009318960005, -0.049424563667437034, 0.12229806511225118]
A2: [0.08925479805539195, -0.07291303433385009, -0.12362709163324767, 0.10728672397723304] - [0.10884182893798511, 0.2498142812678625, -0.40484519137776553, 0.046189581912011904] - [0.03663634645554535, 0.4625555317869547, -0.37771704563169695, -0.12147284868626376] - [0.14342664768563432, -0.044606409635685906, -0.20149932605214158, 0.10268008016155172]
B1: 2.872324470648282e-08 - 1.1669552059725035e-07 - 4.796202396425836e-08 - 7.087089866035229e-08
B2: 3.742911327774218e-08 - -4.3459370178388174e-08 - -6.797458874142764e-08 - 3.059558039811698e-08
