Number: 6671
Error: 1.1963990269575544e-15
A1: [0.08043167480601049, -0.1804678206280037, -0.01958886684010053, 0.11962496186072187] - [0.03741557557944748, 0.13359638176399702, -0.13472619060381366, -0.03628582950926892] - [-0.0017028487091900937, 0.22819008681100325, -0.12282841229812554, -0.10365893991293887] - [0.03886322275777063, -0.11448103019101562, -0.046416453059692026, 0.12203421628883704]
A2: [0.035307424332633085, -0.029273494577424196, -0.07569736775815354, 0.06966338814282128] - [0.10289376352264219, 0.2828967142261557, -0.3926063838211518, 0.0068160094617382] - [-0.01118720684983103, 0.5390144831909159, -0.35945111663712487, -0.16837657716610502] - [0.09786275975524036, 0.017463276662527793, -0.16885104826116082, 0.05352483676091894]
B1: 2.238081689659601e-09 - 2.4784544564684755e-08 - -2.829234288501754e-08 - -9.517825501673871e-09
B2: -1.3513093921350974e-09 - 1.5496573800341794e-09 - -8.474759192499827e-09 - -1.0260187971146385e-09
