Number: 8451
Error: 8.900972958074201e-16
A1: [0.08043169617319772, -0.18046779926323, -0.0195888454984955, 0.11962498322546386] - [0.03741554083157649, 0.13359634704241571, -0.13472622528233227, -0.036285864237841366] - [-0.0017028276252465833, 0.22819010789449504, -0.12282839124505134, -0.10365891883461009] - [0.03886324939302016, -0.11448100363048365, -0.04641642644140753, 0.12203424290755614]
A2: [0.03530750371462603, -0.029273414975848962, -0.07569729228259867, 0.06966347122451169] - [0.10289381739286109, 0.28289676855359375, -0.39260633171846315, 0.00681606587159673] - [-0.011187016567699543, 0.5390146746079171, -0.35945093653077453, -0.16837637665939065] - [0.09786286802159747, 0.01746338542131321, -0.16885094519846156, 0.053524950405179746]
B1: 1.686369843871685e-08 - 1.5356031799665927e-08 - 1.3637303267123651e-08 - 1.4640657249269197e-08
B2: 2.8918688555600047e-08 - 3.3708576023155417e-09 - 1.820751604519082e-08 - 3.8044440347220736e-08
