Number: 2634
Error: 1.5364401175382863e-07
A1: [0.062481505711881706, -0.04881979581742199, -0.024386378486189953, 0.0069127588316942636] - [0.04387823961586444, 0.19147884502779225, -0.14234162863833177, -0.09227386541027092] - [-0.12452548401637406, 0.4137903522723107, -0.10593560295806598, -0.18814319568608276] - [0.035947040396386444, 0.01811300021822444, -0.03418414240043602, -0.024097025054320147]
A2: [0.06316757323335948, -0.17396119924033743, 0.08605605799748636, 0.023689618220790597] - [0.02942632614451181, 0.20043314832813, -0.10157456098249433, -0.12773978853546977] - [-0.09361856320893511, 0.5134776927253911, -0.2258172285469299, -0.19530003065493248] - [-0.025795160962048213, 0.018655233461730956, -0.05016040575297965, 0.0571051434128841]
B1: 0.00013679867978520213 - -9.622146618944611e-05 - -4.2661929201229514e-05 - -0.00019071097830230177
B2: 0.0002159819700462454 - 0.0007191800679342301 - 0.0001836416842249465 - 0.00016486631128594993
