Number: 527
Error: 8.236916056713912e-14
A1: [-0.012153437500887569, -0.014517214947539922, 0.018087235136751992, 0.008583050685736324] - [0.06583628023096952, 0.18949626596065977, -0.1453214900181425, -0.11000739746319087] - [-0.0962917749144276, 0.4217873454929515, -0.053455923546369986, -0.27203422067936756] - [-0.001321204159872671, -0.018218960109700973, -0.003834795548138025, 0.02337708582018356]
A2: [0.16158596767486996, -0.16775551221517584, 0.008500595947253017, -0.0023338036837858467] - [0.03548581366584786, 0.20751681046550957, -0.11721033445361786, -0.12579194136934893] - [-0.0862142004353302, 0.5815374794685065, -0.23538936470459582, -0.25993620762857467] - [-0.0038354552970074765, -0.004519769692874119, 0.0011097738801877485, 0.007242925880069082]
B1: 4.480920418727489e-07 - 6.297787925947425e-07 - 1.4091309655120136e-07 - -1.8665173963388378e-07
B2: 6.421729406898334e-07 - -1.7111324904917125e-08 - 9.386060453494958e-08 - -6.570469173622168e-07
