Number: 976
Error: 0.0005461864269374569
A1: [-0.018164543432184793, -0.0211833200282213, 0.011443868909711094, 0.0024605908740246915] - [0.07092105445318994, 0.19431777465001696, -0.14009488342048454, -0.10435802984077054] - [-0.12352815531142197, 0.3949725425751589, -0.08287961657876652, -0.30291103474304343] - [-0.024537298711264602, -0.04119239568887756, -0.02849109231919559, -0.0025222969043551674]
A2: [0.17491110294605425, -0.15553397461104138, 0.02166931588486463, 0.010855678153335959] - [0.04107745668124053, 0.2129198736920997, -0.11164129561179005, -0.12030468087685182] - [-0.059319136990828664, 0.6074612455616829, -0.20924604375920086, -0.2336455250812411] - [0.018072012691925786, 0.016924179007657136, 0.02277497719194635, 0.028218984889268328]
B1: 0.012827142143075447 - 0.013224897987766465 - 0.003587310570201195 - 0.005070978835042653
B2: -0.02005152939483459 - 0.008564445971433174 - -0.016252481610376807 - -0.021221760547914303
