Number: 8775
Error: 5.693309163224404e-08
A1: [0.0804093921261455, -0.18049008381868017, -0.019611114279547367, 0.11960268755382204] - [0.037160706765628694, 0.13334171263758418, -0.13498053527138787, -0.036540553691210016] - [-0.0016261807087394695, 0.22826677579602225, -0.1227518532891354, -0.1035822854385218] - [0.038798814214009054, -0.11454524579110599, -0.04648080735713484, 0.12196985293261438]
A2: [0.03508142469072293, -0.029500147840167076, -0.07591223743369313, 0.0694268526342898] - [0.10277160396684533, 0.2827734853362565, -0.39272452443100486, 0.006688091597235871] - [-0.011319543225736745, 0.5388813383738107, -0.35957637093004785, -0.16851602365630367] - [0.09769529942516549, 0.017295024114301207, -0.16901045076904278, 0.053349057557458834]
B1: 4.255128642563063e-05 - 6.677466389740954e-05 - 6.288624284856467e-05 - 5.54375074628795e-05
B2: -0.0001675094359194735 - -0.00014053084328625407 - -0.0001932930215011619 - -0.0002086972026224044
