Number: 3056
Error: 2.1759171122978163e-07
A1: [0.06443119811275738, -0.04688017490054657, -0.022456434520777016, 0.008838067654303276] - [0.04349426117632276, 0.19110924397127385, -0.14273319975798163, -0.09269260521165379] - [-0.12192338767809414, 0.4163867871051032, -0.10331969500747043, -0.1855298510937108] - [0.03812120178650843, 0.02028445863909629, -0.03202337182631487, -0.02195564999688618]
A2: [0.06471559328065181, -0.1724176907935767, 0.08759328125583957, 0.025215641514475636] - [0.030927438307493692, 0.20191262060512696, -0.10007925317572199, -0.1262711128926861] - [-0.0933995051136694, 0.5136885581066999, -0.22559621633441732, -0.19508417220790772] - [-0.026443498231012465, 0.017996845038731522, -0.050816757649424026, 0.0564783522289702]
B1: -0.0005681087684625127 - 0.0006086766632390773 - 5.151192090537915e-05 - 0.00029488269224079144
B2: 0.0005192584950200064 - 0.00043500136549372173 - 0.0005578453852137437 - 0.0004027966658206186
