Number: 7765
Error: 7.0893941638247e-16
A1: [0.08043171480694032, -0.1804677806316116, -0.019588826886992976, 0.11962500185708688] - [0.03741558619981398, 0.13359639237632007, -0.13472618000459213, -0.036285818894781094] - [-0.001702792539217381, 0.2281901429797759, -0.12282835621038797, -0.10365888375795006] - [0.038863252425164405, -0.1144810006068904, -0.0464164234111985, 0.12203424593779277]
A2: [0.03530740696460148, -0.029273511993480637, -0.07569738427149639, 0.06966336996532867] - [0.10289368115507147, 0.2828966311595419, -0.3926064634860092, 0.006815923210909284] - [-0.011187112837170471, 0.5390145777643163, -0.3594510276521207, -0.16837647810165401] - [0.09786278310789909, 0.01746330012141513, -0.16885102603096727, 0.05352486127363944]
B1: -8.661537955665396e-09 - -2.6906206179868435e-08 - -5.388201699974458e-09 - -7.304656302281702e-09
B2: -4.1322906476989685e-08 - 4.12956457177245e-08 - -3.260251773997246e-08 - -3.4126424124771626e-08
