Number: 9269
Error: 4.617794867847754e-09
A1: [0.053690004010617375, -0.14748369172561906, -0.026482135558863418, 0.12234557223497557] - [0.005695211166314661, 0.13121858996526198, -0.11321941204026319, -0.0221677280892895] - [-0.013882522199371493, 0.22365375954247885, -0.1264796087455959, -0.08104372062894845] - [0.02765729538358567, -0.09950927205027273, -0.048912541392922136, 0.1228103880644709]
A2: [0.08938559173185273, -0.07278241620671363, -0.12349924575993514, 0.10741919860401863] - [0.10902927611950779, 0.250001736696614, -0.40466150446765214, 0.04638026885782819] - [0.03661757106698289, 0.46253699064858017, -0.3777353588871019, -0.12149175453185512] - [0.14352087531763633, -0.044512479847918555, -0.2014072577505328, 0.10277564667670139]
B1: -1.458334326992768e-05 - 2.3980714479909966e-05 - -3.2266887619884554e-05 - -4.431609284667425e-05
B2: 1.668184677901654e-05 - 0.0001381607625248646 - 6.725301819356733e-06 - -3.472467307497824e-05
