Number: 9992
Error: 1.1981166467661026e-15
A1: [0.05317245908231528, -0.14800136206715767, -0.02699913827822557, 0.1218277308802765] - [0.0053136456432898715, 0.13083662001718238, -0.1136008179346565, -0.022549837654370998] - [-0.014444517622812686, 0.223091579768328, -0.1270412206105082, -0.08160597405977406] - [0.02714638615628938, -0.10002011197771092, -0.049424582495132346, 0.12229804627629962]
A2: [0.08925458599566932, -0.07291324590282636, -0.12362729891504488, 0.10728650930250307] - [0.10884182300160518, 0.2498142753305316, -0.4048451971965019, 0.04618957587574334] - [0.036635973266172316, 0.4625551605392033, -0.3777174097336356, -0.12147322574623863] - [0.14342654130366603, -0.044606515621130535, -0.20149942992484646, 0.10267997220124676]
B1: -1.310484319025305e-08 - 1.0136638464209925e-09 - -7.920705845144582e-09 - -1.715817138874645e-08
B2: -2.029702918841504e-08 - -2.6758286500390887e-08 - -6.661498549439788e-09 - -1.0309318089663222e-08
