Number: 1231
Error: 1.695820214878581e-07
A1: [-0.0076906442393916375, -0.01549941144452434, 0.0024768991415314552, 0.018937145742195245] - [0.0664761812890507, 0.1895475507047499, -0.1470978019312268, -0.11025218357523141] - [-0.1127340202140289, 0.4416416033429639, -0.07093760767794458, -0.25826171221255745] - [-0.02253404034728078, 0.016167446932035427, -0.029076421125580655, 0.03979013553560128]
A2: [0.13268615247766155, -0.22354472641014622, 0.023747719220930358, 0.07123617759333595] - [0.03329664662100431, 0.20438957880728717, -0.11424071308828633, -0.12082172081323247] - [-0.09221590237677871, 0.5579132084674205, -0.23283882135961406, -0.2232689156785273] - [-0.019064528718274618, -0.017538203704985822, 0.009866771166948665, 0.033878665963469785]
B1: 0.00017173961862813775 - 0.0011006291589736076 - 8.048595467537203e-05 - -0.00019995153573144344
B2: -0.0001970674523771492 - -0.00017198860066859658 - -2.9909431295067573e-05 - 0.00014326839621705767
