Number: 3411
Error: 1.042018983157958e-07
A1: [0.06761645252645329, -0.11258074164279572, -0.02258289355497307, 0.07312403121823408] - [0.037726701063936906, 0.18850272414684532, -0.1470904510095337, -0.0778680324805135] - [-0.06348285543533323, 0.32582169733928795, -0.13094142546646131, -0.1441433120072052] - [0.03765438601201899, -0.054641091257961086, -0.03876380092305688, 0.050357372533952595]
A2: [-0.00780592339091898, -0.3454211618014304, 0.2507657993522657, 0.10782490351861561] - [0.08102549290696642, 0.03734346327637876, -0.04917660410821548, -0.06498942637457007] - [-0.04176781514940701, 0.23158711680221702, -0.03980090443460459, -0.14709313338255628] - [0.06809403176532416, -0.29351177120411953, 0.14173357086142638, 0.08352139553918603]
B1: 0.0003109302078999613 - -0.0008095846638485839 - -0.0001951099663382585 - 0.0003162296654438476
B2: 9.939150860848008e-05 - 0.0001662810709606943 - -8.056185342652407e-05 - -0.0007617351518097202
