Number: 655
Error: 5.715894491808887e-14
A1: [-0.012153643127240618, -0.014517426146712161, 0.018087007856342773, 0.008582830948096021] - [0.06583515656128366, 0.18949518503820484, -0.1453226517943025, -0.11000864855676032] - [-0.09629183948828611, 0.42178728307924274, -0.05345599362296675, -0.2720342959164755] - [-0.0013221683978300004, -0.018219887438005525, -0.0038358219522481897, 0.02337597131856549]
A2: [0.16158679961849284, -0.1677546959401928, 0.008501411112459918, -0.0023329926633628584] - [0.03548574892399872, 0.20751674676326587, -0.11721039892458895, -0.12579200470535445] - [-0.08621347024218438, 0.5815381946905698, -0.2353886542013613, -0.2599354955828286] - [-0.003834663647890618, -0.004518991202930804, 0.0011105574225188334, 0.007243683279266164]
B1: 8.311600162197807e-08 - 2.0524488900753293e-07 - -3.7633589267255514e-08 - 5.16803265997765e-08
B2: -2.8798863782447917e-07 - -4.699398793199954e-08 - 7.98940626525399e-07 - 1.912561694664163e-07
