Number: 1560
Error: 6.045595394545959e-09
A1: [-0.005852213473984836, -0.013646425463005485, 0.004384865782210085, 0.02082587024065957] - [0.0669176317761027, 0.18997178890029823, -0.1466411984775395, -0.10976122571621637] - [-0.11292934164964878, 0.4414477473730422, -0.07114827370480765, -0.258472246586854] - [-0.024226759185425398, 0.014501462010503065, -0.030810051393999345, 0.03800650300180967]
A2: [0.13135533574227298, -0.22485603546677171, 0.022439718565814948, 0.06993536858239352] - [0.032735776772266544, 0.20383722136338178, -0.11479902647556968, -0.12136993579052645] - [-0.09471941864258845, 0.5554441169360241, -0.23529755617040235, -0.22573029551912038] - [-0.021187718307934894, -0.019631391559146717, 0.007760183055824523, 0.03183547186722284]
B1: -0.00010737235808019047 - -0.0001252228548552547 - -3.666589284899886e-05 - -0.0001001443702064146
B2: -0.00016988143846436438 - -2.556447969725902e-05 - 0.00015326029600841912 - -0.0003325081571021007
