Number: 6488
Error: 9.03993572314878e-16
A1: [0.08043169109773741, -0.1804678043381218, -0.019588850567853814, 0.11962497815058806] - [0.0374155943174854, 0.13359640048785193, -0.13472617190311123, -0.036285810781610355] - [-0.0017028150447868952, 0.22819012047469067, -0.12282837868301309, -0.10365890625752062] - [0.038863235432044826, -0.11448101755231187, -0.04641644039349347, 0.12203422895523448]
A2: [0.03530744628687487, -0.029273472562459914, -0.07569734688434646, 0.06966341112032257] - [0.10289373540297003, 0.2828966858678277, -0.39260641101812704, 0.006815980016326273] - [-0.01118709065021538, 0.5390146000836171, -0.35945100665169666, -0.16837645472247353] - [0.09786280428613263, 0.017463321395977068, -0.16885100587064467, 0.05352488350387121]
B1: -5.193990520352033e-09 - -1.4469781093204715e-09 - -3.681147665200118e-09 - -1.0249551299959677e-09
B2: -2.7923945895682556e-09 - -4.161609952845782e-09 - -7.94383096487951e-10 - -4.292310398059343e-09
