Number: 3010
Error: 1.8497114564326238e-08
A1: [0.06359899565022441, -0.047706216269348636, -0.02327919562355873, 0.008017427642975597] - [0.04334210327644126, 0.19096214786855234, -0.14289267884445117, -0.09286176628771245] - [-0.12343262498856893, 0.41487961362423526, -0.10484160119612211, -0.18705300104159645] - [0.037607727226616705, 0.019775055984010366, -0.03253012408750048, -0.02245326660378472]
A2: [0.0634014895847044, -0.17372821151380136, 0.08628641787974216, 0.023916454579254644] - [0.02945739372022375, 0.20046373876561122, -0.10154354545020018, -0.1277098886415442] - [-0.0936564058204637, 0.5134388223603562, -0.22585250640201537, -0.1953348730348837] - [-0.025987875526543847, 0.018454870843289655, -0.05035353926309752, 0.05691877406900676]
B1: -0.0002538192540842433 - 7.070385984502079e-05 - -6.448681624304484e-05 - 0.00011893272222132138
B2: 1.8428154626052787e-05 - 0.00020910238711753816 - 0.00016628065925956422 - -0.0001192095982583655
