Number: 1189
Error: 6.435307400869537e-08
A1: [-0.0069111968251886, -0.014709016574758522, 0.0032807287574789915, 0.019731639087122416] - [0.06740656165837407, 0.19044285900295196, -0.14613598364513217, -0.1092160103783967] - [-0.11208036541593162, 0.4422865721732207, -0.07025850530962943, -0.25755778468483037] - [-0.02156949431797195, 0.017117528630484477, -0.028086577051669153, 0.04080536034335106]
A2: [0.13090788049869134, -0.22529306242520902, 0.02200138049827512, 0.06950033112951576] - [0.03276235930787763, 0.20386463421564216, -0.11477221892247831, -0.12134494079945411] - [-0.09514457544991864, 0.5550232670719654, -0.23571984878152077, -0.22615761234488294] - [-0.02315139026915116, -0.021572198885183073, 0.005813044718366933, 0.029949756191893617]
B1: -0.000513659035653856 - -0.0007670047606630222 - 0.00030240501891016836 - -3.3425772587824783e-06
B2: -0.00027671769431907825 - 0.00010635144142283744 - -0.00012816693547314418 - -0.0005139241762398051
