Number: 9240
Error: 3.905954137840967e-08
A1: [0.053252021528493634, -0.14792271689325134, -0.026920253685863302, 0.12190762748891565] - [0.0052428119097240105, 0.13076580646493688, -0.11367137145712397, -0.022620192458581972] - [-0.014807231049023794, 0.22272859727901223, -0.12740365924779545, -0.08196837290697966] - [0.027181369872813443, -0.09998628344889003, -0.04939045384637753, 0.12233362792430405]
A2: [0.08911032965051943, -0.07305578385178994, -0.12376742525639549, 0.10714055555964459] - [0.1092313300449582, 0.25020334793991794, -0.40446363922103173, 0.04658590986681435] - [0.03651319074452795, 0.4624327052112303, -0.37783708662426463, -0.12159676280739093] - [0.14267438784062705, -0.04535469930742326, -0.20223289154748972, 0.10191659078508583]
B1: -4.770771991160303e-05 - -1.9955560872758588e-05 - -0.00035400375805680416 - -0.00015582036992215195
B2: 2.322684548944065e-05 - 0.0003970242717139646 - -0.00013865692767462597 - -0.00014859592917313786
