Number: 8204
Error: 1.0140106799428941e-15
A1: [0.08043170743133735, -0.18046778800640562, -0.019588834253841832, 0.11962499448228331] - [0.03741558440839327, 0.1335963905863079, -0.13472618179231485, -0.03628582068512884] - [-0.0017028100092232891, 0.22819012551013546, -0.12282837365483056, -0.10365890122330375] - [0.03886324662310697, -0.11448100639267111, -0.04641642920958536, 0.12203424013932382]
A2: [0.03530727747599787, -0.029273641840173996, -0.07569750738785452, 0.06966323444172878] - [0.10289376953055716, 0.28289672028506363, -0.3926063780103315, 0.006816015752860994] - [-0.011187020603458326, 0.5390146705481015, -0.3594509403507526, -0.16837638091195367] - [0.09786278884128254, 0.017463305880848917, -0.16885102057315926, 0.05352486729181732]
B1: -5.510500106180477e-08 - -1.0832676792922404e-09 - 3.4392671147516406e-08 - 2.44187002929279e-08
B2: 6.65459979093806e-09 - -6.464588423797443e-09 - 4.025653957792302e-09 - 1.944955806278811e-09
