Number: 6653
Error: 1.0229196416929682e-15
A1: [0.08043167403824572, -0.1804678213956815, -0.019588867606947308, 0.11962496109304478] - [0.037415610005718226, 0.1335964161642116, -0.13472615624613737, -0.03628579510206799] - [-0.0017029121926088174, 0.22819002332893934, -0.12282847568859573, -0.10365900337941579] - [0.038863274267790605, -0.11448097882555311, -0.0464164015824939, 0.12203426776684322]
A2: [0.03530742726080561, -0.029273491641152748, -0.07569736497408514, 0.06966339120747214] - [0.10289375412602621, 0.282896704749789, -0.3926063929094343, 0.006815999622105785] - [-0.011187148826859082, 0.5390145415599729, -0.35945106171713787, -0.1683765160252539] - [0.09786277928982073, 0.017463296285965074, -0.16885102966550994, 0.0535248572658748]
B1: 7.327476218602606e-10 - 6.0068916810815214e-09 - -1.2847700590898432e-08 - -4.083081132961317e-09
B2: -2.1578861216530365e-09 - 2.1324295587178847e-08 - -6.415020564572974e-08 - 3.334714609993468e-08
