Number: 118
Error: 0.00019253105589723377
A1: [-0.022369143032740336, -0.025629335183742382, 0.007341007072833905, -0.0012414843744411059] - [0.0882142442750837, 0.2124148771991004, -0.12316331359281464, -0.08646185208679649] - [-0.10641931390231121, 0.412932969081819, -0.0640084698581232, -0.28286961746223627] - [-0.004662642293872938, -0.02030544037710798, -0.006446453025113855, 0.020738863378253154]
A2: [0.22665564657321244, -0.1043341268381362, 0.07229355183799267, 0.06073869384297551] - [0.07644583768897345, 0.24630232207776578, -0.07824214032569471, -0.08745892520831365] - [-0.031098044767522745, 0.6360469619412656, -0.1819099598881139, -0.20669597786700172] - [0.07148940467529104, 0.07099043405893117, 0.0756698769952999, 0.07915113546664909]
B1: 0.0020065061853583423 - 0.20527846660193966 - 0.0034985455754007405 - 0.0007349902808085043
B2: 0.007574604338159872 - 0.20267156508731266 - 0.003708213744657013 - 0.002466853919448264
