Number: 317
Error: 3.655152156986598e-09
A1: [-0.012239988845130384, -0.014606128540819129, 0.01799160445046259, 0.008490604867457842] - [0.06589743950783274, 0.18955508851662586, -0.1452582645897857, -0.10993931444689566] - [-0.09655489109754226, 0.42153308990151234, -0.053741402569137856, -0.2723407802773181] - [-0.0015485923435167573, -0.01843761347977925, -0.004076813903972888, 0.023114237322473186]
A2: [0.1615046080236734, -0.16783535474788036, 0.00842087505186201, -0.0024131247581641235] - [0.035452376736897294, 0.2074839124113138, -0.11724363866145762, -0.12582465043308477] - [-0.08639826642005187, 0.5813571891507401, -0.23556845719290131, -0.2601156896716663] - [-0.003883376443118159, -0.0045668544068467485, 0.001062403422332607, 0.007197136293088315]
B1: -0.00012594876055926197 - -0.0003030595009942414 - -0.00013183472468807184 - -7.469272607113768e-05
B2: 0.00018977257045913544 - -0.0006720783231524401 - -0.00012556269605124644 - -0.00010266138550918703
