Number: 4572
Error: 9.94872059878497e-16
A1: [0.06621307369323605, -0.11395218528476017, -0.023984058183923424, 0.07172276034230744] - [0.03740246569985946, 0.18819322953341952, -0.14740909072937955, -0.0781871541407882] - [-0.06022951227710135, 0.32895066474989887, -0.1277532476112851, -0.140968459394963] - [0.03904615934862485, -0.053322685866625114, -0.037418590188685784, 0.05169512062036374]
A2: [-0.00910864009749692, -0.34680325369278175, 0.24945502549500465, 0.10645661246310566] - [0.08003978149834384, 0.036282209283336635, -0.05025016064272596, -0.06607200828874388] - [-0.04245280250299588, 0.23083190980055393, -0.04053122737530794, -0.14784782022121692] - [0.06813468754282352, -0.29346795266883335, 0.14177114175857403, 0.083561758161745]
B1: 1.6314954001580463e-09 - -3.64484051590083e-08 - 1.6677232913850677e-11 - -3.51203130601979e-08
B2: -2.9872539582480134e-08 - -6.02722183768054e-08 - 2.9570862043038468e-08 - -1.6995473673794824e-08
