Number: 4619
Error: 1.0914687309631982e-15
A1: [0.06621319183468874, -0.11395206978337027, -0.023983940135193362, 0.07172287828548261] - [0.037402624249337046, 0.18819338101670635, -0.14740893486308507, -0.07818699826069775] - [-0.060229537551912404, 0.3289506404748011, -0.12775327234374406, -0.1409684839943951] - [0.03904614903454288, -0.05332269565636301, -0.03741860016721422, 0.05169511072286281]
A2: [-0.009108655938042274, -0.34680327049710635, 0.2494550095262524, 0.10645659585516844] - [0.08003987345330545, 0.03628230834513564, -0.05025006014122793, -0.06607190693387323] - [-0.0424527789531378, 0.2308319357916091, -0.04053120213835371, -0.14784779417600064] - [0.0681347992437274, -0.2934678296814172, 0.14177126285297564, 0.08356188339893124]
B1: 2.5402564064335874e-08 - 6.879294064710569e-09 - 1.4190087605719502e-09 - 2.9985932262487126e-11
B2: 2.6193784752838847e-08 - 3.162275694508158e-08 - -1.1682136878734026e-08 - 2.4759698504927763e-08
