Number: 7311
Error: 9.517391119237199e-16
A1: [0.08043167860498662, -0.18046781682945803, -0.019588863045664675, 0.11962496565926437] - [0.03741558596085695, 0.13359639213755067, -0.13472618024308414, -0.0362858191336085] - [-0.0017028310468590556, 0.22819010447295898, -0.12282839466165048, -0.10365892225531814] - [0.038863225239965916, -0.11448102771578945, -0.04641645057908143, 0.1220342187694875]
A2: [0.035307376662042624, -0.029273542379862388, -0.07569741308278059, 0.06966333825040658] - [0.10289380557658098, 0.2828967566370111, -0.3926063431471114, 0.006816053498342245] - [-0.011187022322842346, 0.5390146688185156, -0.35945094197830557, -0.16837638272359398] - [0.09786280871657663, 0.0174633258465716, -0.16885100165314876, 0.053524888154390396]
B1: -2.1823598539894312e-08 - 2.498975629809045e-08 - 2.6780040927957335e-08 - -2.649189188376379e-09
B2: 5.24439186107678e-09 - 6.8600752498253705e-09 - 3.8653095149176e-09 - 6.308641053234327e-09
