Number: 8213
Error: 1.2456449895700045e-15
A1: [0.08043169988722414, -0.18046779554966424, -0.01958884178893515, 0.1196249869390302] - [0.03741559651110621, 0.13359640267986134, -0.13472616971371568, -0.036285808589118874] - [-0.0017028118599570607, 0.2281901236594413, -0.12282837550285476, -0.10365890307354421] - [0.03886324398069058, -0.11448100902767222, -0.04641643185031897, 0.12203423749854811]
A2: [0.03530730142381352, -0.029273617826121798, -0.07569748461853189, 0.06966325950566934] - [0.10289370930193197, 0.28289665954528764, -0.3926064362627221, 0.006815952684770327] - [-0.011187054827782976, 0.5390146361196497, -0.35945097274488463, -0.16837641697524836] - [0.09786283773337653, 0.017463354995324035, -0.1688509740309707, 0.05352491861250638]
B1: -4.3551014023233705e-08 - -3.1688128646872337e-10 - 1.2513217922131046e-08 - -1.7653939569736798e-08
B2: -1.419982933482802e-08 - -9.920693508942683e-09 - -7.707141006288564e-09 - -1.3947307223293007e-08
