Number: 2853
Error: 1.2689377525256378e-08
A1: [0.06340534562036997, -0.04790117554450174, -0.02347248793730119, 0.007826577937006515] - [0.043712696209995947, 0.19131990319657063, -0.142511984290545, -0.09245575650856437] - [-0.1227040782898026, 0.41559900543912265, -0.10411571906963024, -0.18633245238817372] - [0.038217408605769186, 0.02038258956935515, -0.031920685025665585, -0.02184580285959652]
A2: [0.063813990269367, -0.173315378637117, 0.08669389991511024, 0.024324549442752877] - [0.0293070335346913, 0.20031553841546157, -0.10169314844223555, -0.12785633798686102] - [-0.09310067720032408, 0.5139853491200421, -0.22529620470780953, -0.1947986254099319] - [-0.02570822071275775, 0.018738468646618624, -0.05006816293507804, 0.05719032957496013]
B1: 0.00011967037210683131 - -0.00018807453846620857 - -3.3969497537539054e-05 - 8.159904897516691e-05
B2: -0.00019339356245165015 - 5.419124331589729e-05 - 4.581670385372542e-06 - 0.00016976095371574985
