Number: 2815
Error: 2.0810508100225114e-09
A1: [0.06335799028377154, -0.04794848600065472, -0.023519629840636075, 0.0077791439921819] - [0.043582157978080224, 0.1911939408063161, -0.14264634722380784, -0.09259938763781342] - [-0.12323587805467502, 0.41506901265046536, -0.10464958917055805, -0.18686451690123446] - [0.037012758277424763, 0.019175978849551068, -0.03312391374605726, -0.023043464639940683]
A2: [0.06405424980745293, -0.1730759023706079, 0.08693465396034081, 0.02456288801290699] - [0.02928542434061264, 0.20029429076979888, -0.10171455664854039, -0.12787735260229868] - [-0.09323636340475669, 0.5138522616911831, -0.22543204961626753, -0.19492983792788204] - [-0.025427400184805788, 0.019017810102413414, -0.049786902019236925, 0.057464099570959846]
B1: 1.4248822962476177e-05 - 3.636697484582696e-05 - -8.73544208671095e-05 - -0.00011420074218610477
B2: -3.7009033504876686e-05 - 3.223238167105128e-05 - -7.621065747155168e-05 - -4.386689751630868e-05
