Number: 5200
Error: 1.2177980284194554e-15
A1: [0.06621315542280519, -0.11395210538155928, -0.02398397651849632, 0.07172284193470929] - [0.03740256224421132, 0.1881933217750453, -0.14740899581884098, -0.07818705922185379] - [-0.06022909138928581, 0.32895106898968196, -0.1277528357550838, -0.140968049753832] - [0.03904601268728088, -0.053322825072126545, -0.03741873207867161, 0.05169497988241928]
A2: [-0.009108584891598492, -0.34680319512790175, 0.24945508114739767, 0.10645667034361724] - [0.08003976932327063, 0.03628219616737098, -0.050250173949228864, -0.06607202170828275] - [-0.042452863409504486, 0.23083184258054082, -0.04053129264503098, -0.14784788758132697] - [0.06813473541345501, -0.29346789996114153, 0.14177119365487648, 0.08356181183365992]
B1: -1.6249969344145139e-09 - -3.1849462065263496e-08 - -7.113548693140976e-09 - -3.9150770902331216e-09
B2: -7.1498379764112135e-09 - -3.416255960304765e-10 - -3.6216492905085584e-08 - 2.137153363233375e-08
