Number: 9410
Error: 3.6294217029047023e-12
A1: [0.053183077852948436, -0.1479907393293209, -0.02698853120464941, 0.12183835483786824] - [0.005323388822299542, 0.13084637362089133, -0.11359107606737681, -0.022540080396915817] - [-0.014439166030714531, 0.22309693295803243, -0.12703587345300893, -0.08160062087349235] - [0.027155823685754622, -0.10001067370342973, -0.049415124507130016, 0.12230750874878292]
A2: [0.08924895229212568, -0.07291886658649661, -0.12363280567436992, 0.10728080653139184] - [0.10883595821957932, 0.24980840948983565, -0.4048509458329031, 0.046183612214622645] - [0.0366347546565998, 0.4625539480963901, -0.3777185985968709, -0.12147445717018084] - [0.14343236017072983, -0.044600718712897246, -0.20149374822026997, 0.10268587683947787]
B1: -7.844035284667203e-06 - 8.422645455309924e-06 - -1.0875691408125865e-06 - 5.389960130690157e-06
B2: 2.3521334141458355e-06 - 1.3069854418200308e-06 - 1.6971227889999627e-06 - 7.300606165176086e-07
