Number: 4954
Error: 1.0070823793180285e-15
A1: [0.06621320114823769, -0.11395206067790623, -0.02398393082892052, 0.07172288758343363] - [0.037402626986167906, 0.1881933836315872, -0.1474089321725525, -0.07818699556993064] - [-0.06022934388901894, 0.3289508264774239, -0.12775308283657413, -0.14096829550649617] - [0.03904619361308277, -0.053322653344017465, -0.03741855703886953, 0.05169515350099328]
A2: [-0.009108581511538113, -0.3468031915422858, 0.2494550845549656, 0.10645667388730846] - [0.08003984504145975, 0.03628227773746402, -0.05025009119369202, -0.06607193825002941] - [-0.04245282409805113, 0.23083188596697732, -0.04053125051734307, -0.1478478441045274] - [0.0681347653040826, -0.2934678670503543, 0.14177122605924883, 0.08356184534638796]
B1: -7.869207038186243e-09 - 5.811808037335958e-09 - 3.0925979996917884e-09 - 4.495393487295662e-10
B2: -8.158635390876415e-09 - 1.687505325089355e-08 - -3.3373683638800273e-09 - -1.3226086623621797e-08
