Number: 1081
Error: 6.636310301285939e-06
A1: [-0.003926190786107197, -0.01175788695302206, 0.006340960667815208, 0.02252719561991489] - [0.06988609957851183, 0.1926868569222215, -0.14380377078941495, -0.10642423011780897] - [-0.10680231633133246, 0.4471898003299431, -0.06635890083218796, -0.25276886660745873] - [-0.006813976304634536, 0.03213327145312628, -0.011376037722921162, 0.05718221948908011]
A2: [0.14399462461879417, -0.2122936194647322, 0.034736628621881586, 0.08275705599822959] - [0.027431006651239962, 0.19875244343458315, -0.11985290305604757, -0.12678417755351867] - [-0.07824179121522919, 0.5719174159505688, -0.21751560024169622, -0.21089290718041173] - [-0.025653094648261585, -0.02436448371402236, 0.0037664251635283986, 0.02720526406189833]
B1: 0.009587025467228266 - -0.00101395154492161 - 0.0008464773430027737 - 0.010820752232205522
B2: 0.0014117561496573838 - 0.016043261351051174 - 0.002211874784395522 - 0.004693216369888003
