Number: 9500
Error: 1.38868187031923e-13
A1: [0.05317352675251484, -0.1480002940259192, -0.02699807179880963, 0.12182879906864298] - [0.005314934108213765, 0.13083790981289353, -0.11359952968600401, -0.022548547379985004] - [-0.01444467054571264, 0.22309142677560348, -0.12704137342719038, -0.08160612704909515] - [0.02714875103105866, -0.10001774706121312, -0.04942221258774667, 0.12230041720502885]
A2: [0.08926166571615216, -0.0729061825465583, -0.12362037869045055, 0.1072936763720384] - [0.1088414954891747, 0.24981394776375737, -0.4048455182276092, 0.04618924285382375] - [0.03663737458144924, 0.46255655457612693, -0.37771604253633323, -0.12147180988683506] - [0.14342699388756155, -0.04460606471741701, -0.20149898800834218, 0.1026804315124171]
B1: -2.548695821301544e-07 - 5.099679260067361e-07 - 2.0864855995481134e-07 - 6.798266104918871e-07
B2: 9.047873911732826e-07 - 4.981141552733893e-07 - 3.140251800787555e-07 - 4.615866442036303e-11
