Number: 9377
Error: 8.474809144978632e-12
A1: [0.05316861577273499, -0.14800520475408444, -0.02700297632291608, 0.12182388775013882] - [0.005303020261740719, 0.13082598258418107, -0.11361144214783675, -0.022560478566438544] - [-0.01445322181641065, 0.2230828724064713, -0.12704991752844225, -0.08161468062825787] - [0.02713405673887831, -0.10003243958185293, -0.04943693633241776, 0.12228568826221722]
A2: [0.08923802147990628, -0.07292977390660758, -0.12364349132201935, 0.10726974051466909] - [0.10882575597991351, 0.24979820660987825, -0.40486094522593774, 0.04617323932491979] - [0.03663802294302513, 0.4625571994923788, -0.37771541014200244, -0.12147115493831831] - [0.14343913054265922, -0.04459397182439245, -0.20148713701733786, 0.10269274832269862]
B1: -1.3761219529213783e-05 - 1.0345358535868146e-05 - -3.866902753710813e-06 - 6.191200437016387e-06
B2: -1.0543851179166516e-06 - -4.087595680578022e-06 - 2.872473195160305e-06 - -1.7345801687127866e-06
