Number: 9564
Error: 4.1963498125667884e-13
A1: [0.053171764170942985, -0.1480020572424176, -0.026999832428603734, 0.12182703563993016] - [0.005312433192744018, 0.13083540628168636, -0.11360203021122987, -0.02255105180943576] - [-0.01444499108174759, 0.22309110612999367, -0.12704169369877857, -0.08160644768616604] - [0.02714626683583485, -0.10002023130761367, -0.04942470207315333, 0.12229792664866847]
A2: [0.08925367214320351, -0.07291415764826287, -0.12362819218468117, 0.10728558416987803] - [0.10883905565523375, 0.24981150749529776, -0.40484790973779755, 0.046186761957174825] - [0.0366336034298484, 0.46255280303262003, -0.377719721870946, -0.12147562017296992] - [0.14342605050237392, -0.04460700460527064, -0.20149990915784677, 0.10267947411023647]
B1: -5.70800997499703e-08 - -4.6647000178898326e-07 - -5.555877491911698e-07 - -4.387105294688464e-07
B2: 2.124006721973975e-07 - 3.290159715678934e-07 - 1.8029552343549935e-07 - -1.3896839316200635e-07
