Number: 7240
Error: 8.146296546354786e-16
A1: [0.0804316932084052, -0.18046780222769307, -0.019588848459707275, 0.1196249802610151] - [0.03741559190386196, 0.1335963980760578, -0.13472617431192074, -0.03628581319389572] - [-0.0017028412779821489, 0.2281900942420567, -0.12282840487779105, -0.10365893248370972] - [0.03886324236897755, -0.11448101063484795, -0.046416433460984466, 0.12203423588785314]
A2: [0.035307411794635674, -0.02927350715009841, -0.07569737967913971, 0.0696633750204568] - [0.10289378526572406, 0.28289673615377536, -0.39260636279151134, 0.006816032229914439] - [-0.011187082997817822, 0.5390146077816437, -0.35945099940851505, -0.16837644665890614] - [0.09786279851767851, 0.017463315601282718, -0.16885101136184172, 0.053524877448870585]
B1: -1.957165679417305e-09 - 1.237398356782545e-08 - 1.6638431084441858e-08 - 5.8236631490149444e-09
B2: 1.3625731400706104e-08 - 1.2837439867644632e-08 - -8.188164170955986e-09 - 1.57004493441283e-08
