Number: 6666
Error: 1.0198386333568377e-15
A1: [0.08043167499001744, -0.1804678204440176, -0.019588866656313608, 0.1196249620447078] - [0.037415580022117645, 0.13359638620330466, -0.13472618616999552, -0.036285825069059696] - [-0.0017028571520642862, 0.22819007836830926, -0.12282842072863823, -0.10365894835355992] - [0.0388632300155378, -0.11448102295361663, -0.04641644580654944, 0.12203422354209346]
A2: [0.03530742663935387, -0.02927349226432331, -0.07569736556495342, 0.06966339055705537] - [0.1028937780992428, 0.2828967289264697, -0.39260636972285584, 0.006816024725571513] - [-0.01118722901397904, 0.539014460894568, -0.3594511376159676, -0.1683766005212478] - [0.09786275242985736, 0.017463269303824074, -0.16885105523444968, 0.05352482907164974]
B1: 3.2501214806544913e-09 - 2.843511400240069e-08 - -3.6698414351342876e-08 - -1.1691336914079526e-08
B2: -3.3247054419941275e-09 - 2.0920109954605833e-09 - -1.823986442642746e-08 - 1.739875419890803e-09
