Number: 1685
Error: 2.3251062401361947e-07
A1: [-0.007828093250183112, -0.015646149503322253, 0.0023316503118407128, 0.01878527430186143] - [0.06747125241007433, 0.1905042618468926, -0.14606978568597398, -0.10914569221002404] - [-0.11324371809295462, 0.4411238670974949, -0.07148409787069959, -0.2588203796734345] - [-0.023089572220848988, 0.015607659078224657, -0.029648705196107957, 0.03919691459974974]
A2: [0.13156554470918264, -0.22464538094402284, 0.022639765184635882, 0.0701309149992897] - [0.03298005424175229, 0.20407783372313454, -0.11455641291377577, -0.12112973293509988] - [-0.09532547667310798, 0.5548556813727166, -0.23588984083132855, -0.22633215400010528] - [-0.020922906667525644, -0.019374049405213666, 0.00801633829157382, 0.032081795407332185]
B1: 0.0005105062918651648 - 0.0006809427090230356 - 0.00022299859436479238 - 0.00041798295507274556
B2: -0.0005016159546765073 - 6.832191752150575e-05 - 0.00050212863202308 - -0.0001740588590081545
