Number: 7230
Error: 8.285667159105278e-16
A1: [0.08043170220829325, -0.18046779322882467, -0.01958883947058129, 0.11962498925987486] - [0.03741560259561652, 0.1335964087597199, -0.1347261636414707, -0.036285802508064215] - [-0.0017028423227755207, 0.22819009319728667, -0.1228284059210534, -0.10365893352822365] - [0.03886325423417205, -0.11448099880295222, -0.04641642160335191, 0.12203424774567265]
A2: [0.035307420783864396, -0.029273498136006867, -0.07569737113229213, 0.06966338442865636] - [0.10289374378570953, 0.2828966943217178, -0.3926064029104461, 0.006815988794288533] - [-0.011187053015616677, 0.5390146379426747, -0.3594509710296999, -0.1683764150656251] - [0.09786281947086846, 0.01746333664978087, -0.16885099141575466, 0.05352489944289142]
B1: -1.300410650051551e-08 - 2.2642663181925553e-08 - 6.520793289882873e-09 - -5.3235917264614035e-09
B2: 9.272150601823032e-09 - 7.233025650354279e-09 - -2.0997176030428007e-08 - 1.26202907281882e-08
