Number: 9484
Error: 1.32202789403328e-13
A1: [0.05317235879738705, -0.14800146241579623, -0.026999238470776378, 0.1218276305460064] - [0.00531354890284988, 0.13083652315423908, -0.1136009146794941, -0.022549934535044294] - [-0.01444349710060052, 0.22309260065318384, -0.1270402009080955, -0.08160495318250868] - [0.02714662556070369, -0.10001987251556044, -0.04942434252701741, 0.12229828635241577]
A2: [0.08925632902891248, -0.07291150687999125, -0.12362559511117559, 0.10728827390209623] - [0.10883980867648896, 0.24981226065847847, -0.4048471716257831, 0.04618752766592508] - [0.03663497567913457, 0.46255416815930855, -0.37771838301851285, -0.1214742336667857] - [0.14342567913692453, -0.04460737457035858, -0.20150027174394833, 0.10267909725262739]
B1: 4.485175194484699e-07 - -4.31974206646841e-07 - -9.949036352554161e-09 - 1.3663801156057643e-07
B2: -1.7047989684869337e-07 - -3.325035652611761e-07 - 9.087934098768152e-08 - -3.8888054212018146e-07
