Number: 9393
Error: 5.2851619697615334e-11
A1: [0.05316069618779526, -0.14801312841439954, -0.027010887814965856, 0.1218159631879223] - [0.005305996052450982, 0.13082896232044458, -0.11360846647626904, -0.022557498080805857] - [-0.014447279782383493, 0.22308881676900244, -0.12704398047191812, -0.08160873689654567] - [0.02713915327624365, -0.10002734353976407, -0.04943182977315268, 0.12229079658316785]
A2: [0.08929458559774081, -0.07287333936832904, -0.12358820036872885, 0.10732700252863213] - [0.10886688676724711, 0.24983934392565024, -0.404820629826645, 0.0462150613282931] - [0.03665552660246868, 0.46257461196598904, -0.37769833242039796, -0.12145346976065068] - [0.14343082142518723, -0.044602251216482675, -0.20149525071247004, 0.10268431534696024]
B1: 2.064143595269807e-05 - -2.0449569538883842e-05 - 2.3387498860016916e-06 - -1.5389525948904818e-05
B2: -1.0790628436904027e-05 - -8.154054781903755e-06 - -8.457755493811673e-06 - -8.342056839845196e-06
