Number: 4290
Error: 1.0501368379283964e-15
A1: [0.06621309642799295, -0.11395216305802605, -0.02398403546698543, 0.07172278303894372] - [0.03740258724470465, 0.18819334566129134, -0.14740897124147087, -0.07818703464228596] - [-0.06022954644574344, 0.32895063193281754, -0.1277532810466719, -0.14096849265070102] - [0.03904626161812579, -0.05332258879628513, -0.03741849124636683, 0.05169521875930152]
A2: [-0.009108693889793233, -0.34680331075802145, 0.249454971267539, 0.10645655606486944] - [0.08003983971608716, 0.03628227200047849, -0.050250097014116785, -0.06607194411983096] - [-0.04245276620612097, 0.23083194985999883, -0.040531188478272376, -0.1478477800783359] - [0.06813475312158718, -0.29346788046382866, 0.1417712128524372, 0.08356183168751513]
B1: 7.119247438215928e-09 - 9.265684811772645e-09 - 2.681240279647315e-09 - -2.0467540751674677e-08
B2: -6.956240084173468e-09 - 1.3723549143168655e-08 - -4.5208242486655284e-08 - 3.057031708001997e-08
