Number: 7985
Error: 9.490938822464312e-16
A1: [0.08043169167805216, -0.18046780375788365, -0.019588849988237324, 0.11962497873083498] - [0.03741556454335456, 0.13359637073626304, -0.13472620161785798, -0.03628584053922594] - [-0.0017028369303728847, 0.2281900985895657, -0.12282840053655027, -0.10365892813725962] - [0.038863236427596724, -0.11448101655956343, -0.0464164393985751, 0.12203422995016627]
A2: [0.03530746447272162, -0.029273454326301376, -0.07569732959342135, 0.0696634301537217] - [0.1028936832442878, 0.28289663326649245, -0.3926064614653477, 0.006815925398627869] - [-0.011187146700786072, 0.5390145436987016, -0.35945105970483066, -0.1683765137848672] - [0.09786277989713099, 0.017463296896031, -0.1688510290874189, 0.05352485790338252]
B1: 1.1927853858922658e-08 - -7.67546845007181e-09 - -1.2406408189440515e-08 - 1.8617740080706924e-09
B2: -1.961695839353851e-08 - 3.639915235899211e-08 - -1.8250831835051098e-09 - -1.4664600493731926e-08
