Number: 2759
Error: 7.092888759474839e-09
A1: [0.06380070307906195, -0.04750767742320954, -0.023081142935190993, 0.008218528161894468] - [0.044047938943851145, 0.19164346659996292, -0.14216688910117523, -0.09208758024823858] - [-0.12297633272819225, 0.4153296176318049, -0.10438669154099943, -0.1866018666027755] - [0.03735513234838487, 0.019519728304379272, -0.032780708054506176, -0.022701810711831076]
A2: [0.06369056725958654, -0.17343727159638864, 0.08657508334144491, 0.024205620906625626] - [0.029407220842741288, 0.20041422957710467, -0.10159334200541253, -0.1277582723960958] - [-0.09287059375775888, 0.5142115156840227, -0.2250653117749092, -0.19457577547566046] - [-0.025918986559647802, 0.018529103594508874, -0.05028047619320173, 0.056984819957523615]
B1: 5.554931473825356e-05 - 9.615723354896408e-05 - -4.38339448165425e-05 - 0.00017941474041334744
B2: 7.817419346202381e-05 - 0.0001143141416382993 - 7.360375671984626e-05 - 7.880026394504887e-05
