Number: 2708
Error: 2.5798621571107126e-09
A1: [0.06310218267408152, -0.04820407334974053, -0.023773708630965094, 0.007525179851077354] - [0.04372750680605564, 0.1913340870995338, -0.14249681070952028, -0.09243994797755606] - [-0.12319329143650887, 0.4151135039685894, -0.10460254128636562, -0.18681664467478368] - [0.036990777180355296, 0.01915513604934943, -0.03314381473614128, -0.0230631560452756]
A2: [0.06352447413037161, -0.17360217594837007, 0.08641068581206966, 0.0240423382516468] - [0.02910202392690287, 0.20011345540640807, -0.10189734767368412, -0.1280569789578657] - [-0.09355411503834374, 0.5135409394280934, -0.22575129756061113, -0.19523747102464836] - [-0.026036180988602706, 0.018413099613440388, -0.05039905648519074, 0.056871268665574355]
B1: -0.00011459936286771025 - 1.6039222834983654e-05 - 1.366381753970255e-05 - 2.801065117139663e-05
B2: -7.342631564945015e-05 - -1.9867564121394334e-05 - 1.1108759616985923e-05 - 9.543774970567391e-05
