Number: 7315
Error: 6.486137031858642e-16
A1: [0.08043168168265818, -0.18046781375213522, -0.019588859971673284, 0.11962496873658433] - [0.037415587452189675, 0.13359639362775463, -0.13472617875472298, -0.0362858176431019] - [-0.001702827129127411, 0.22819010839060688, -0.12282839074965524, -0.10365891833863217] - [0.038863230182121615, -0.11448102278750352, -0.04641644564007523, 0.12203422370857146]
A2: [0.03530744746202057, -0.029273471384063325, -0.07569734576703317, 0.06966341235022992] - [0.1028937498286593, 0.2828967004159545, -0.39260639706578443, 0.006815995122140202] - [-0.011187104492080914, 0.5390145861591773, -0.3594510197533136, -0.16837646930814926] - [0.09786281880003425, 0.01746333597589499, -0.16885099205434567, 0.053524898738733694]
B1: 6.44216426110562e-09 - 3.6947530950489915e-09 - 4.961338176515136e-10 - -7.162794023698547e-10
B2: 1.6022602284053378e-09 - 3.3699234112449986e-09 - -5.395315304213591e-10 - 2.552625269467298e-09
