Number: 2316
Error: 6.776505214259451e-05
A1: [0.023552929366107388, -0.09000796409460637, -0.06938981352713319, -0.03316727664236852] - [0.012384758809440826, 0.16129631332734515, -0.1745872206707667, -0.12544815774264023] - [-0.1605294382314193, 0.38056114364169313, -0.14093961008263226, -0.22110242635170685] - [0.008340911669190324, -0.006607975072810352, -0.05848552071337941, -0.048575616079803215]
A2: [0.044083058683734064, -0.1922549808454583, 0.06972528625811696, 0.0056556610724434395] - [0.050474322095330586, 0.22041866005706068, -0.08075552585936394, -0.10736109493199605] - [-0.07588248284884408, 0.5271162671660531, -0.20937900297321987, -0.1806579880102895] - [0.021180769577132365, 0.06435761105991133, -0.0025543556339985354, 0.10349785664234563]
B1: -0.01909362304397692 - 0.019782617842764284 - -0.0011349314310007581 - 0.002514218908916843
B2: -0.012546418365499065 - 0.021529114230730353 - -0.010565479791865638 - -0.008378228951920563
