Number: 9827
Error: 6.418875897657448e-16
A1: [0.053172582349600005, -0.14800123875462803, -0.026999015146899893, 0.1218278542069122] - [0.005313771457745533, 0.13083674596353037, -0.11360069213931723, -0.022549711662546466] - [-0.014444419801486547, 0.22309167762543955, -0.12704112286667485, -0.08160587620359433] - [0.027146470292500887, -0.10002002784146319, -0.04942449818127542, 0.12229813062644988]
A2: [0.08925424582091525, -0.0729135852909388, -0.12362763142542979, 0.10728616493357543] - [0.10884168595424029, 0.24981413825897883, -0.404845331529391, 0.046189436522537465] - [0.036635891446053545, 0.462555079144792, -0.37771748956143897, -0.12147330841494547] - [0.1434263801119314, -0.044606676212533294, -0.201499587314616, 0.10267980861807571]
B1: 3.0052132470421716e-08 - 3.837514575160794e-08 - 2.9271121546347613e-08 - 1.4379200402846698e-09
B2: 2.8310569494650234e-08 - 1.8795600027979232e-08 - 3.957395691108442e-08 - 1.326747566024817e-08
