Number: 2648
Error: 5.086849536298728e-08
A1: [0.06274747560111912, -0.048556476915540166, -0.024123824856608786, 0.007175158027734706] - [0.043352363725386596, 0.19097114716916685, -0.14288336927834688, -0.09285270022688746] - [-0.12436334770282978, 0.41394965908008563, -0.10577418488793147, -0.18798307332903846] - [0.0363521753936528, 0.01851677426755155, -0.03378068763709408, -0.023696369762885826]
A2: [0.06307075398794046, -0.17405609696898683, 0.08595902167384867, 0.023594111169287894] - [0.028851685496562116, 0.1998668625696042, -0.10214711206018778, -0.1283021021983671] - [-0.09302694537461206, 0.5140584017998785, -0.22522414617790107, -0.1947263111739591] - [-0.024972050117553966, 0.019472685617859926, -0.04933601268179634, 0.057907960021196025]
B1: -6.585219940180657e-06 - -0.0003274379815846715 - 3.921109620650575e-06 - 0.00010276409470876266
B2: -4.120841635200507e-05 - -0.0004207055777327117 - -0.00013986951115037695 - -0.00021907667976544336
