Number: 9514
Error: 2.391913946729577e-13
A1: [0.053172892812665504, -0.14800092819793645, -0.02699870503953403, 0.12182816482386845] - [0.005312646215923212, 0.1308356195152963, -0.11360181723677902, -0.022550838504143685] - [-0.014445602247095008, 0.22309049473308262, -0.12704230439080363, -0.08160705908204739] - [0.027142273404608088, -0.10002422469644373, -0.04942870389286171, 0.12229392310014492]
A2: [0.08924868100058385, -0.07291913724613316, -0.1236330708596187, 0.10728053152967101] - [0.10884056754671721, 0.24981301965716463, -0.4048464277911138, 0.04618829930015708] - [0.036635292869825246, 0.4625544836936769, -0.37771807356126536, -0.12147391319191995] - [0.14342659791016266, -0.04460645922126257, -0.2014993746486886, 0.10268002966092209]
B1: 2.3674900394149007e-07 - -3.696623402541095e-07 - -8.240917576733005e-07 - -1.1046367826853473e-06
B2: -7.632149605942435e-07 - -5.433597221019715e-07 - -6.985343437100242e-07 - 8.815631194668534e-07
