Number: 3545
Error: 1.5796135919591652e-11
A1: [0.06622889923131937, -0.11393671382460661, -0.023968245734041143, 0.07173855982824043] - [0.037407940802699956, 0.18819846030021506, -0.14740370850385562, -0.0781817707067514] - [-0.06023724918702586, 0.3289432345710236, -0.12776081736437817, -0.14097599028253138] - [0.03906449560431972, -0.053305282050140984, -0.03740085102035267, 0.051712716533716306]
A2: [-0.009131664884692699, -0.3468276790715287, 0.24943181551305219, 0.10643247210942143] - [0.08002967686357482, 0.03627132408448271, -0.050261204354442014, -0.0660831459682119] - [-0.04246763419820298, 0.2308155410301823, -0.040547121715866816, -0.14786422413669326] - [0.06809721474763449, -0.293509212299206, 0.14173051889813446, 0.08351974511921492]
B1: -2.498653124909725e-06 - -6.912038250955759e-06 - -3.79612712280744e-06 - 4.5210351559568314e-06
B2: 1.7596448655079448e-06 - 5.558612899483401e-06 - -5.073971804288458e-06 - 1.286759845469704e-06
