Number: 3231
Error: 0.0047628688203181615
A1: [0.3329492355734667, 0.18094685476776728, 0.23454033106497538, 0.33435565231796927] - [-0.1505723755819741, -0.0027339506205038416, -0.3363826789328427, -0.2608859315690618] - [-0.2511237802434638, 0.2228980899418049, -0.2739575621833788, -0.28077347219971416] - [-0.1759740867846296, -0.21465486654353677, -0.23127941545998423, -0.13410318098346438]
A2: [0.23153383173541903, -0.2486132395800378, 0.4178007887708696, 0.20990323125934762] - [-0.22765108024838698, -0.17004035342055496, -0.23803905155533361, -0.31262340904686986] - [-0.008065027341094724, 0.29613814746217276, -0.03389081082912715, -0.16542774973579671] - [0.0662741764787926, -0.2314186370924396, 0.12126057385947613, 0.04591591159395415]
B1: -0.10668444031217499 - -0.3927116547384307 - -0.181401040381134 - -0.17856329402893054
B2: -0.2744866641685966 - -0.4099666848261374 - -0.12822346850960975 - -0.16642749036473178
