Number: 9458
Error: 1.3476292633447532e-13
A1: [0.05317239267398718, -0.1480014285325889, -0.026999204636449513, 0.12182766443359332] - [0.005314525943814419, 0.13083750121801513, -0.11359993777580019, -0.02254895610080384] - [-0.014442549844396357, 0.22309354825590974, -0.1270392543965172, -0.08160400558524168] - [0.027147052590120617, -0.1000194454830757, -0.04942391458341627, 0.1222987144884576]
A2: [0.08925782547970927, -0.07291001388278026, -0.12362413236112532, 0.10728978881030155] - [0.10884141285027296, 0.2498138651213836, -0.4048455992122635, 0.04618915883304795] - [0.036634042112407436, 0.46255323943894366, -0.37771929385052555, -0.1214751769299708] - [0.1434242811330516, -0.04460876738676928, -0.20150163677384925, 0.10267767848122233]
B1: -1.1361086021977696e-07 - -3.0146177986805286e-08 - 1.966870627349072e-08 - -1.2228561787141987e-07
B2: -1.2644097250346637e-07 - 3.7085204617340583e-07 - 3.805599906231525e-07 - 2.20389352879478e-07
