Number: 4624
Error: 1.1136544680095289e-15
A1: [0.06621320198674605, -0.11395205985817482, -0.023983929991102843, 0.07172288842050441] - [0.03740262096415443, 0.18819337787793788, -0.14740893809267103, -0.07818700149056855] - [-0.060229577929385866, 0.3289506016944368, -0.12775331185476999, -0.1409685232929193] - [0.039046126141759036, -0.05332271738534077, -0.03741862231522401, 0.05169508875468745]
A2: [-0.009108631144762765, -0.34680324419534014, 0.2494550345201184, 0.10645662184954362] - [0.08003986513033495, 0.03628229937891553, -0.05025006923775616, -0.06607191610764221] - [-0.042452817003328314, 0.2308318937971108, -0.04053124291440954, -0.1478478362580215] - [0.06813481668012954, -0.29346781048320314, 0.14177128175569734, 0.08356190294832969]
B1: 1.3981300236400031e-08 - 1.1921327805252349e-08 - -6.333196853677566e-09 - 1.1181955148042037e-08
B2: 2.4978573555946364e-08 - 2.3028505959743193e-08 - -3.282185261041925e-08 - 8.804065530699978e-09
