Number: 5800
Error: 1.342367958380414e-05
A1: [0.06826539415731205, -0.19291916492060407, -0.031953429831283034, 0.10729432880806121] - [0.0013178442886616372, 0.09714951855724206, -0.17139784047084208, -0.07279853013604773] - [-0.0021647807068586084, 0.22782554486400056, -0.12319475528586514, -0.10407292701983957] - [0.06262192845857158, -0.09067131051637888, -0.022141878366990726, 0.14609737489853794]
A2: [0.03398069692733601, -0.030730789761514245, -0.07663713487176409, 0.06868506660841976] - [0.12245575760774612, 0.3023315429862756, -0.37368810316944095, 0.02757484944398729] - [-0.019965844187282374, 0.5306104164567123, -0.36785130726266796, -0.17819883390645402] - [0.09339072491689035, 0.013169454364132006, -0.1730678484394378, 0.048613066743913066]
B1: -0.0076429887460869655 - -0.00011744311850407055 - -0.007274368188288654 - -0.006213908779648463
B2: -0.004686637525935995 - -0.003307040911384981 - -0.008147133669715216 - 0.0007690024751917761
