Number: 8184
Error: 5.748130245217252e-16
A1: [0.0804317141913918, -0.1804677812471141, -0.019588827501864588, 0.11962500124157255] - [0.03741556258973447, 0.13359636878416012, -0.13472620356750556, -0.036285842491708686] - [-0.0017028137954332738, 0.22819012172400668, -0.12282837743549584, -0.10365890500850189] - [0.0388632538124952, -0.11448099922345649, -0.04641642202477356, 0.12203424732424924]
A2: [0.035307629517172534, -0.02927328882535221, -0.07569717267095132, 0.06966360289032494] - [0.10289381196568392, 0.2828967630803291, -0.39260633696759584, 0.006816060188582682] - [-0.011187161096983188, 0.5390145292166298, -0.3594510733311886, -0.16837652895459515] - [0.0978626282879132, 0.017463144597214677, -0.16885117340983702, 0.05352469876335041]
B1: 4.183064395894859e-08 - -6.5593803565326e-09 - -4.236778817171315e-09 - 7.297137129085715e-08
B2: 4.001751526881222e-08 - 1.2835806384269397e-08 - 2.613750537833313e-08 - 3.294387339205405e-08
