Number: 9690
Error: 1.0799039592802665e-14
A1: [0.05317235046399284, -0.1480014707258854, -0.02699924677748044, 0.12182762220943023] - [0.005313039285818856, 0.13083601302305548, -0.11360142420185688, -0.022550444866734725] - [-0.014444515266698283, 0.223091582124817, -0.1270412182568492, -0.08160597170288579] - [0.02714654856275667, -0.10001994957176087, -0.04942441974647521, 0.12229820909543883]
A2: [0.08925528343857164, -0.07291255007348425, -0.12362661718584017, 0.10728721534542765] - [0.10884214508144917, 0.24981459746689932, -0.4048448814958684, 0.046189903374923694] - [0.036635788845476865, 0.46255497707828785, -0.3777175896633942, -0.12147341207944776] - [0.1434274880001437, -0.04460557245158413, -0.20149850555771173, 0.10268093294328974]
B1: 1.386958222792737e-07 - 3.458164987496044e-08 - -9.01756658085143e-09 - -1.8667747035141492e-08
B2: -2.409934260416633e-07 - 1.4846008516212656e-07 - 2.2903576580843763e-07 - -1.68311704096569e-07
