Number: 3386
Error: 2.299980667869718e-07
A1: [0.06497483598286558, -0.11516173217385405, -0.025221491158890753, 0.07048758647741271] - [0.03693377616310406, 0.18774559223320741, -0.14786986702456606, -0.07864777936234615] - [-0.05524412015903022, 0.33373861791982246, -0.12287742162482283, -0.13612494609083847] - [0.03676157502774159, -0.05549106573815713, -0.039629446074708675, 0.04949889732196979]
A2: [-0.009710551087656715, -0.34743954473396466, 0.2488717353865879, 0.10582730280642337] - [0.08023779654204558, 0.03649585815077906, -0.050032908735600755, -0.06585767232808504] - [-0.04234465097988312, 0.23095164032433596, -0.040410186040007484, -0.1477324784040412] - [0.06810673374705387, -0.2934958815390988, 0.14176084832408478, 0.08353458209688121]
B1: -3.546110884290678e-05 - -1.456776337144483e-05 - 0.00021186038427431096 - 0.00018563043801543672
B2: 0.0003345847613606154 - 0.00020180049767539742 - -0.0007900123143803638 - -0.0003613179249921088
