Number: 1632
Error: 1.0415369755018396e-07
A1: [-0.00784052035195334, -0.01565427738299334, 0.0023189424486176674, 0.01877483212277517] - [0.06615142531113324, 0.1892347138828167, -0.14743419370172506, -0.1106126337879739] - [-0.11253543467164988, 0.44183063643691756, -0.07073543809739194, -0.25805117978787745] - [-0.024764037762487926, 0.013969435664515636, -0.03135825340425864, 0.03743421483634885]
A2: [0.1323347325850915, -0.2238939610104765, 0.023398541659120104, 0.07088807025447656] - [0.0324920404842067, 0.20359791107834282, -0.11504136388939276, -0.12160799878629897] - [-0.09354156617005882, 0.556607371563161, -0.23414122058164885, -0.22457440108313106] - [-0.01992226005630853, -0.01839402155288568, 0.009008793389995013, 0.03304422187048717]
B1: -0.00031422007496236567 - -0.00015137352373802848 - -0.0003540258289895707 - -9.496382177312328e-05
B2: 0.00017283763387321104 - -0.00019323665224210267 - -0.00011767520281779022 - 0.0002370966350397083
