Number: 7776
Error: 9.509910095933342e-16
A1: [0.0804316839503851, -0.18046781148467222, -0.019588857706653195, 0.11962497100405577] - [0.03741567038441486, 0.13359647649720655, -0.13472609598772908, -0.036285734756812925] - [-0.0017027931514849268, 0.22819014236752158, -0.122828356821759, -0.10365888437005419] - [0.03886322364688515, -0.1144810293044076, -0.046416452171140085, 0.12203421717739944]
A2: [0.03530732599111645, -0.02927359319091999, -0.07569746126014079, 0.06966328521788573] - [0.10289362600620133, 0.28289657554263037, -0.3926065168253023, 0.006815865462026834] - [-0.011187219828744927, 0.539014470134597, -0.35945112892209075, -0.16837659084228118] - [0.09786269234826733, 0.017463208948958926, -0.16885111242835152, 0.05352476600567394]
B1: 1.7768555220843217e-08 - 9.07439370464784e-09 - 1.6234649930923044e-08 - 1.6609990062953823e-08
B2: -1.5096514640958318e-08 - 8.379337503121085e-08 - 1.042903773326196e-09 - -1.3212184030517196e-08
