Number: 2453
Error: 1.320548302836168e-06
A1: [0.07052940257998762, -0.040855293082474896, -0.01634093598492613, 0.014943013736059397] - [0.0454066232927534, 0.19293491911894026, -0.14081526671782815, -0.09063124768573426] - [-0.11765997365819363, 0.42060483390443876, -0.09910110326177336, -0.18137125378345384] - [0.041961008057058276, 0.02417098371444679, -0.028176373177567847, -0.018157077690322203]
A2: [0.06724676584616153, -0.169967904661151, 0.09012477513976518, 0.02775672865589351] - [0.02797383748800805, 0.19898263908586852, -0.10303906921527478, -0.12918157128218494] - [-0.09563757725818295, 0.5116330029318568, -0.22770458962531032, -0.19711903171173203] - [-0.02719251986517322, 0.017355405366136265, -0.05142222458524081, 0.055881931327355784]
B1: -0.0022908420518674634 - -0.0018146114203424371 - 0.0004707756121317491 - 9.490940535183875e-05
B2: -0.0017190163913655878 - 0.0006276422603563935 - -0.0005063972824296277 - -0.00026270412405288027
