Number: 3381
Error: 2.0964921315139203e-07
A1: [0.06539431420442203, -0.11475203749332197, -0.024802942655546664, 0.07090587757063525] - [0.03771988682917942, 0.18849622625934653, -0.14709758452054392, -0.07787544044685032] - [-0.05295590055733745, 0.3359416064354762, -0.12063434392136647, -0.13389498669041502] - [0.03638012599799397, -0.05585379645963396, -0.03999883329665987, 0.04913261383590299]
A2: [-0.00785295740678394, -0.3454682512088103, 0.2507555769817019, 0.10777293901484221] - [0.08064243282519896, 0.03693205810473419, -0.049590330991321714, -0.06541196438321355] - [-0.04138026315263631, 0.23201641293716183, -0.03937322599021857, -0.14666738802959509] - [0.06943263026757812, -0.29203521519165365, 0.14320376514359737, 0.08501936539433293]
B1: 0.00011826014265152745 - -0.00010812162515546611 - 0.00010318025176138959 - 9.794311952826201e-05
B2: 8.00183639662233e-05 - -2.2639601729356688e-05 - -0.000475519861122912 - -0.0008324713322998501
