Number: 5329
Error: 1.121103022079171e-15
A1: [0.06621318322243355, -0.11395207820312507, -0.023983948740664934, 0.07172286968769383] - [0.037402626327261705, 0.18819338300213628, -0.14740893282023906, -0.07818699621768138] - [-0.06022932581545814, 0.3289508438357541, -0.1277530651510343, -0.14096827791599764] - [0.0390463044123119, -0.053322548177272666, -0.03741844984413902, 0.051695259825317114]
A2: [-0.009108598982489207, -0.34680321007602444, 0.24945506694235403, 0.10645665557010098] - [0.08003990019392608, 0.03628233715239939, -0.0502500309152176, -0.06607187745979697] - [-0.0424528333758994, 0.2308318757273768, -0.040531260459886226, -0.14784785436539705] - [0.06813474793984195, -0.29346788616909, 0.1417712072346495, 0.08356182587802578]
B1: 4.239121552078308e-08 - -4.616586853541357e-08 - 1.1989699658498485e-09 - 1.6557914634636075e-09
B2: -2.0138080744881826e-08 - -3.419468271022931e-08 - -3.847862609872004e-08 - 5.162314183656253e-08
