Number: 2904
Error: 7.19630541469094e-08
A1: [0.06404062698402656, -0.04726828931399973, -0.022842571871162162, 0.008456309261452565] - [0.04356023504383281, 0.19117251635927912, -0.14266906241497937, -0.09262389567792496] - [-0.12265642507373188, 0.4156457663217277, -0.10406830216524818, -0.18628613300384728] - [0.037609164527401505, 0.019772184603697274, -0.0325293337000163, -0.022452297436578353]
A2: [0.06244778126885833, -0.17467542113177095, 0.08533033834478274, 0.022973279467381497] - [0.029277890941769524, 0.20028688856328966, -0.1017222168176294, -0.12788500054216495] - [-0.09398292969654495, 0.5131195866921265, -0.22618019931239702, -0.19565310906649389] - [-0.02603724520469085, 0.018410887864517955, -0.05039747637876113, 0.056870274625085905]
B1: 0.00015753161376839216 - 2.7208850445232114e-05 - 0.0003133714943848692 - -4.141976091318246e-06
B2: 4.9023106388630715e-05 - -0.00017682862902253948 - -0.0001571865360442297 - -0.00014087842647658047
