Number: 6292
Error: 1.069231711903789e-15
A1: [0.08043164689868282, -0.1804678485321668, -0.019588894714058207, 0.11962493395658409] - [0.03741555594985609, 0.1335963621492656, -0.13472621019429157, -0.036285849127983126] - [-0.0017028371428359336, 0.2281900983771153, -0.12282840074870822, -0.1036589283496699] - [0.03886320614941241, -0.11448104675276301, -0.04641646965746789, 0.12203419969080417]
A2: [0.035307402830285085, -0.02927351613924833, -0.07569738820229119, 0.06966336563826218] - [0.1028938008878268, 0.28289675190846525, -0.39260634768204383, 0.006816048588560968] - [-0.01118692377634633, 0.5390147679528292, -0.35945084870204014, -0.1683762788815506] - [0.09786286371984293, 0.017463381100032944, -0.16885094929362493, 0.053524945889948994]
B1: -4.8658545473242155e-08 - 1.2277788227130413e-08 - 1.0679993837938915e-08 - 3.043117683678844e-09
B2: -1.3340542419248587e-08 - -1.1077917564256307e-08 - 6.407013972438922e-09 - -1.9710300469698562e-09
