Number: 1350
Error: 1.8641699325188684e-09
A1: [-0.007260303906624404, -0.015067216858446865, 0.0029216856441715744, 0.019379992770526006] - [0.06675190455113823, 0.18981240913422323, -0.14681258327879373, -0.10994557017482726] - [-0.11260092712612359, 0.4417701627497613, -0.07080554408597696, -0.25811669150039124] - [-0.023569074934296042, 0.01514795462222141, -0.03013830439481433, 0.038700757550754764]
A2: [0.1315986452270232, -0.2246162644291948, 0.022679010601220895, 0.07017279090244882] - [0.03275436797273862, 0.20385558323942207, -0.11478069505304019, -0.12135172880512092] - [-0.09477474213529445, 0.5553905648646527, -0.23535157537986837, -0.22578463024709025] - [-0.02087653770857037, -0.019324432385406806, 0.00806931048991998, 0.032134413086784955]
B1: 1.1577401338245236e-05 - -5.9782310099734686e-05 - 2.003920390108592e-05 - 3.2621708034882763e-06
B2: 3.441620170859718e-05 - -0.00023316888749573848 - 3.084007015795249e-05 - 3.631581857631226e-05
