Number: 559
Error: 1.1736789010728147e-13
A1: [-0.012154320045652131, -0.014518121411227665, 0.01808625965895524, 0.008582107583517193] - [0.06583550746241892, 0.18949552259031682, -0.14532228899311764, -0.11000825786348266] - [-0.09629266829078317, 0.4217864820583786, -0.05345689296928087, -0.27203526150990887] - [-0.001320859486802689, -0.01821862863526422, -0.0038344286564399826, 0.023377484204121314]
A2: [0.1615862019140202, -0.16775528238868026, 0.008500825461245897, -0.0023335753409560265] - [0.03548569688623157, 0.20751669556179958, -0.11721045074448141, -0.1257920556116691] - [-0.08621331439782155, 0.5815383473416798, -0.23538850255682559, -0.25993534360963766] - [-0.0038347739864776926, -0.004519099706031011, 0.0011104482164350424, 0.00724357771498866]
B1: -2.4316947035949043e-08 - -2.4548463257758083e-10 - 1.938924900247063e-07 - 6.337396392221479e-08
B2: -1.541628936879252e-08 - 7.566162265933686e-08 - -8.796185824227616e-07 - -1.707884293923463e-07
