Number: 7497
Error: 9.16117883704079e-16
A1: [0.08043171063477784, -0.18046778480330122, -0.01958883105418125, 0.11962499768539252] - [0.037415617447020676, 0.13359642359987958, -0.1347261488196609, -0.03628578766489017] - [-0.001702796302315277, 0.22819013921675865, -0.12282835996798364, -0.10365888752004762] - [0.03886325396444769, -0.11448099907192566, -0.04641642187291048, 0.12203424747611134]
A2: [0.03530742603550151, -0.029273492869834328, -0.07569736613910592, 0.06966338992506907] - [0.10289371378550267, 0.2828966640669044, -0.39260643192626393, 0.006815957379708493] - [-0.011187082066444, 0.5390146087185755, -0.3594509985269451, -0.16837644567748175] - [0.09786277927297914, 0.0174632962690517, -0.16885102968156387, 0.05352485724822115]
B1: 1.8054920249233987e-09 - 2.0583864209691805e-08 - 2.690309337613842e-09 - 1.6356682322940337e-08
B2: 1.0772254599737344e-08 - 5.632674553137224e-09 - 1.5275011251763308e-08 - 1.0618996537652978e-08
