Number: 4017
Error: 9.13411835110712e-16
A1: [0.0662132070700065, -0.11395205488849154, -0.023983924911797693, 0.07172289349526986] - [0.03740256239435788, 0.1881933219184781, -0.1474089956712696, -0.07818705907423934] - [-0.060229304718244225, 0.3289508640987513, -0.12775304450639346, -0.14096825738269214] - [0.03904624525346086, -0.053322604329073826, -0.03741850707866932, 0.051695203055552835]
A2: [-0.009108461046853675, -0.34680306374808284, 0.24945520599443907, 0.10645680018797933] - [0.08003982797016977, 0.03628225934675922, -0.05025010985173351, -0.06607195706646189] - [-0.04245281546542252, 0.23083189549440264, -0.04053124126647571, -0.14784783455723402] - [0.0681348388157134, -0.29346778611084895, 0.14177130575313387, 0.08356192776651655]
B1: -1.6545170077903898e-08 - 8.677915375935259e-09 - -3.033229870008577e-08 - 5.9439984815947215e-09
B2: -1.6736449502808365e-09 - -3.969984002660319e-08 - -1.3509360754422488e-08 - 1.5359463907997327e-08
