Number: 1405
Error: 1.8955889287580074e-09
A1: [-0.0073274079291462835, -0.01513488978372132, 0.00285175062398155, 0.01931112837078854] - [0.06680573967647113, 0.1898642278039044, -0.14675682681136157, -0.10988569097353565] - [-0.11285368649124261, 0.44152224160168946, -0.07106910060585508, -0.25839038911923357] - [-0.023518321904214545, 0.015197736238596002, -0.030086790034819882, 0.038754274204569304]
A2: [0.13141860018015003, -0.22479338515027503, 0.022501892101166855, 0.06999671968042585] - [0.03268314292299603, 0.20378555502793788, -0.11485154938246127, -0.12142135620130454] - [-0.09494346263013281, 0.5552242083080641, -0.2355175478545038, -0.22595044085166985] - [-0.020848016989379155, -0.019296155571031596, 0.008097578202458563, 0.03216186826590769]
B1: -5.214862883369426e-05 - 5.93184938268868e-06 - -7.060400548708381e-05 - 2.650616561860805e-05
B2: -6.757395758947425e-05 - -4.6762150842097524e-05 - -1.9256484852318786e-05 - -1.6040175125372146e-05
