Number: 3245
Error: 0.0026157146921353754
A1: [0.04254825625445578, -0.13770439878169183, -0.060676137147770794, 0.03865317464001642] - [0.06982254403153618, 0.20253625589011243, -0.12117942588578665, -0.04965174243813131] - [-0.3882365048024508, 0.05610713963084653, -0.4271747868198197, -0.4370703497073501] - [-0.19132968820680138, -0.24722911426967117, -0.25559588600548566, -0.16241300687223353]
A2: [-0.28691218493273674, -0.6981657931124525, -0.008131187482024307, -0.19112162422227724] - [-0.1169753465211845, -0.1410354156909716, -0.22964826180980916, -0.26087857343599863] - [-0.15789196680932704, 0.09177060064079454, -0.20940057197000123, -0.3118562273546723] - [-0.014813194852335199, -0.38401470581726294, 0.004576260623052571, -0.044024401363851697]
B1: -0.06892356528436454 - -0.28823857359592464 - -0.07469059347848554 - -0.07025170912687771
B2: -0.21477990872890665 - -0.2635204669077229 - -0.029382674740403653 - -0.05028029113727146
