Number: 851
Error: 8.784777074667211e-10
A1: [-0.01221628142467333, -0.014581762128820081, 0.018017774250799763, 0.008515894543733584] - [0.06585686366084956, 0.18951606623052106, -0.1453002085866644, -0.10998447999658746] - [-0.09632201536355817, 0.4217581182873985, -0.05348873756745256, -0.2720694525926446] - [-0.0013559131003140937, -0.018252339865239216, -0.0038717420750959504, 0.02333696848255022]
A2: [0.16156420553481068, -0.16777686495541685, 0.00847927220686982, -0.002355017575263755] - [0.03548931925306574, 0.2075202596808314, -0.11720684354729571, -0.12578851182973502] - [-0.0862022300111171, 0.5815492044508428, -0.23537771735882523, -0.25992453301303947] - [-0.0038390983362159244, -0.004523352396251113, 0.0011061679967639447, 0.007239440865678766]
B1: 4.9973519381866045e-06 - -1.725793416962602e-05 - -1.06169916786428e-05 - -2.800534584794748e-06
B2: 4.790551158919082e-05 - -9.76025240484382e-06 - 2.8252266976244795e-05 - 1.2196024738027734e-05
