Number: 3264
Error: 0.00017382183529754354
A1: [-0.022866414267799746, -0.20302106024555136, -0.11990928035480752, -0.02279021233911319] - [0.03691322598394011, 0.18145386991231105, -0.14673318240647143, -0.07727909412170049] - [-0.03261072029798996, 0.36440462111461536, -0.09164946406999394, -0.1053395717976537] - [0.013560625076126681, -0.07118092223146187, -0.061256978186600225, 0.028595588427703742]
A2: [-0.0010961920267618247, -0.3493305528535041, 0.2624885118496876, 0.11429423711861003] - [0.061520702526547996, 0.02364175819049293, -0.07680297585951468, -0.09190062160006214] - [-0.12926420033076705, 0.11593260663025591, -0.15565279667426238, -0.25833089091625955] - [-0.01339763730891563, -0.3987652073860049, 0.032186441473271515, -0.021287001075544126]
B1: -0.007448268078658438 - -0.03953958824107514 - -0.0037623650106685083 - -0.004064456206676782
B2: -0.0104320030001534 - -0.04499276539228202 - 0.014419138028305816 - 0.017430629001107208
