Number: 3909
Error: 9.898073000087714e-16
A1: [0.06621313194428378, -0.11395212833538919, -0.023983999978567927, 0.07172281849563009] - [0.037402556655146676, 0.1881933164350488, -0.14740900131335727, -0.07818706471682837] - [-0.060229478253348984, 0.3289506974279099, -0.1277532143175885, -0.14096842628053882] - [0.039046166471182156, -0.053322679106216714, -0.037418583297883, 0.0516951274552353]
A2: [-0.009108681962767326, -0.3468032981054251, 0.24945498329106633, 0.1064565685696084] - [0.08003977085127427, 0.03628219781333267, -0.05025017227944536, -0.06607202002427123] - [-0.04245300358234915, 0.23083168787676575, -0.04053144286010458, -0.14784804260759804] - [0.06813472234803392, -0.2934679143468949, 0.14177117949090176, 0.08356179718464707]
B1: -6.194910574610274e-08 - -3.09338599710358e-08 - -9.923316023698943e-09 - 8.297888693039967e-08
B2: -1.2952540172586326e-08 - -2.4113648381190072e-08 - 3.486495087880761e-08 - -3.834659666802541e-08
