Number: 9493
Error: 2.347741683494787e-13
A1: [0.053173890035775814, -0.14799993061201772, -0.026997708918207124, 0.12182916252482902] - [0.005314153370097006, 0.13083712825564592, -0.11360031030541924, -0.022549329218171744] - [-0.0144452763100126, 0.2230908207898856, -0.127041978711402, -0.08160673302915936] - [0.027147335748039254, -0.10001916233569726, -0.04942363084957126, 0.12229899833364849]
A2: [0.08925223948464894, -0.07291558697309843, -0.1236295925272029, 0.10728413392098039] - [0.10884038003745397, 0.24981283211649621, -0.4048466115843211, 0.04618810863510574] - [0.03663442375895949, 0.4625536191092522, -0.37771892150178, -0.12147479131370456] - [0.14342473700846348, -0.04460831318945263, -0.20150119165162086, 0.10267814114881531]
B1: -6.264634168027353e-07 - -1.5188492745919645e-07 - -2.865331012832971e-07 - -2.996802866790639e-07
B2: 5.103900222756409e-07 - -5.752541369663192e-08 - -4.598744307742179e-07 - -1.6355406975913337e-07
