Number: 6962
Error: 7.893990774976617e-16
A1: [0.08043167827834598, -0.18046781715606028, -0.019588863371913977, 0.11962496533266169] - [0.03741558509708492, 0.13359639127443074, -0.13472618110513818, -0.036285819996903376] - [-0.001702822744175718, 0.22819011277546283, -0.12282838637112828, -0.10365891395485459] - [0.03886322835868589, -0.11448102460581883, -0.04641644746234668, 0.12203422188627078]
A2: [0.035307422177692234, -0.029273496738323742, -0.07569736980704372, 0.06966338588744464] - [0.10289381609301493, 0.28289676724270063, -0.39260633297576897, 0.006816064510599219] - [-0.011187178460940281, 0.5390145117491271, -0.35945108976645057, -0.16837654725172183] - [0.09786280284243877, 0.017463319945715355, -0.1688510072449451, 0.05352488198845965]
B1: 2.876895268177677e-08 - -8.886922729455241e-10 - -3.4760116121116244e-09 - 1.1543884748591011e-08
B2: 3.962694832505871e-09 - 9.681094282697561e-09 - 1.355920857759295e-08 - 6.249992302562002e-09
