Number: 3150
Error: 1.4488054992949467e-05
A1: [0.06834382525366618, -0.04298144989007637, -0.01841718248998499, 0.013085969212680551] - [0.042110099451014085, 0.18975728629334082, -0.14415513776331412, -0.09427398512248164] - [-0.11763043735250922, 0.42065270040133623, -0.09883763359818352, -0.1808752536232377] - [0.03586786280715952, 0.01777208579564731, -0.034596035083953085, -0.024066533241909622]
A2: [0.06641780174011166, -0.17082035818508312, 0.08906299751970326, 0.026085437322397407] - [0.02936725980709657, 0.20033539667551645, -0.10162556496091758, -0.12786832294217704] - [-0.07834139358579666, 0.5285392504481279, -0.21049137733150883, -0.18042773862336622] - [-0.00880921085562024, 0.035790054383007024, -0.0330447390666057, 0.07381501161216164]
B1: 0.003572857335874543 - 0.001450594960995268 - -0.005534829110889693 - -0.00631022430355025
B2: -0.001426162083417362 - -0.005432791708813139 - -0.002741860164571219 - -0.006037819067382754
