Number: 157
Error: 2.058416771629298e-05
A1: [0.008948397697007147, 0.007350177883353785, 0.04217241973372435, 0.03157762091131605] - [0.06942469377903877, 0.19289117868663574, -0.14182479289404717, -0.10618307530267916] - [-0.08634581657892228, 0.43174797155946076, -0.0422745962090595, -0.2600372730602221] - [0.009601052782133251, -0.007499303115348515, 0.008573260852115776, 0.03655729583491515]
A2: [0.17571417515522358, -0.15418163461325482, 0.022417507702711406, 0.01106987280824984] - [0.04471402284894128, 0.21650675475256215, -0.10821128943777261, -0.11699209356895263] - [-0.08896997435886948, 0.5789101585739845, -0.2380930693728467, -0.2629757991991925] - [0.008556863158989153, 0.007781256554003761, 0.013301878418728465, 0.018870464897606274]
B1: -0.0018361104915148498 - 0.01719139313240975 - -0.000862400587434453 - 0.0034751083081901667
B2: -0.012440372414421658 - 0.04125540365076451 - -0.005979369818809529 - -0.005176884972251819
