Number: 3124
Error: 7.172876028782583e-07
A1: [0.064037453611788, -0.047456134031841124, -0.02306507492440009, 0.008302754820867394] - [0.04505050191175738, 0.19249944536231664, -0.14123451960251387, -0.09111990102149567] - [-0.12198152244752182, 0.41610953018271957, -0.10361501647115175, -0.18577947791601143] - [0.04161092993665726, 0.023517209897523088, -0.028900632467746407, -0.018531127945276823]
A2: [0.0585986529274525, -0.17839029073177734, 0.08142915796959452, 0.019043817182043846] - [0.024503109826820704, 0.1955905181576142, -0.10644613354577269, -0.13254272363653474] - [-0.09809716360317625, 0.5090870164475283, -0.23032545075864147, -0.19958814528313829] - [-0.023940777982288355, 0.020504176900622607, -0.048320121678692346, 0.0588261278940441]
B1: 0.0026307559377781566 - -0.002200644527672747 - -0.00085900521873358 - -0.00443794287208576
B2: -0.00023976005136448587 - -0.0036645865883393925 - 0.000161522621339288 - 0.0009661410789930544
