Number: 6932
Error: 1.2534112115561541e-15
A1: [0.08043165958056206, -0.18046783585172665, -0.019588882047342115, 0.11962494663701288] - [0.03741559805966643, 0.13359640422720073, -0.13472616816838592, -0.036285807041502846] - [-0.0017028033248238142, 0.22819013219439993, -0.12282836698020895, -0.10365889454068544] - [0.03886323808070441, -0.11448101491108438, -0.04641643774652241, 0.12203423160224691]
A2: [0.03530736613339257, -0.029273552937635755, -0.07569742309325102, 0.06966332723100596] - [0.10289370424507087, 0.2828966544454904, -0.392606441153643, 0.006815947389457822] - [-0.011187051916919292, 0.5390146390479322, -0.3594509699897778, -0.1683764139078652] - [0.09786277608286431, 0.017463293064420245, -0.16885103271832902, 0.05352485389961786]
B1: -1.2656525760465498e-08 - -2.0602206198820236e-08 - 2.5652917538664493e-08 - -5.695105782148926e-09
B2: -2.280449613644342e-08 - 4.51820742850421e-09 - 1.0140440116480856e-08 - 9.240986373005257e-11
