Number: 7287
Error: 9.668666829588742e-16
A1: [0.08043167526475573, -0.18046782016930984, -0.019588866381900803, 0.11962496231941533] - [0.037415578163778364, 0.13359638434637416, -0.13472618802462596, -0.03628582692636762] - [-0.0017028302745419528, 0.22819010524526032, -0.1228283938904635, -0.1036589214832069] - [0.038863220520952, -0.11448103242155916, -0.04641645529508731, 0.12203421405340693]
A2: [0.035307449457870586, -0.029273469382693217, -0.07569734386940466, 0.06966341443910394] - [0.10289376503739826, 0.2828967157537706, -0.3926063823560874, 0.006816011047906651] - [-0.01118706209933392, 0.5390146288047765, -0.35945097962763706, -0.16837642463745356] - [0.0978628172613907, 0.017463334430252737, -0.1688509935190355, 0.05352489712365973]
B1: -1.4827314959404155e-08 - -6.134865259971364e-09 - -4.563162653508145e-09 - -6.167018557747043e-09
B2: -8.798973906903977e-09 - -9.087689205779804e-09 - -7.729678138796602e-09 - -8.082431579367716e-09
