Number: 9537
Error: 2.659316106887629e-13
A1: [0.0531705524405611, -0.1480032694185267, -0.02700104281804154, 0.12182582333794797] - [0.005314959214021252, 0.13083793493829451, -0.11359950458689073, -0.022548522241960023] - [-0.014443269966037748, 0.2230928278681287, -0.12703997395368805, -0.0816047259658977] - [0.027147977644034996, -0.10001852050779575, -0.049422987661835546, 0.12229964179243659]
A2: [0.08925197662949565, -0.07291584925786056, -0.12362984950966524, 0.10728386773085616] - [0.10884145347251162, 0.24981390573549278, -0.40484555941659084, 0.0461892001138092] - [0.03663614515793327, 0.4625553315427808, -0.37771724202989543, -0.12147305208215649] - [0.14342765674281957, -0.044605404334048214, -0.20149834079083773, 0.10268110419053564]
B1: 1.0781757690670802e-07 - -1.2781077536130456e-07 - -4.994761548842718e-07 - -8.380229412587082e-07
B2: -1.3701337277477343e-06 - 1.924706825084507e-07 - 2.6799019343569566e-07 - 2.3629040973540897e-07
