Number: 2787
Error: 8.48976185105507e-09
A1: [0.06314235445349371, -0.048163406342572344, -0.023733339655057237, 0.0075650222043865106] - [0.043678632073124626, 0.19128697050883312, -0.14254712606017825, -0.09249366247228055] - [-0.12354258181489426, 0.41476449597877585, -0.10495625272463859, -0.1871693460365868] - [0.03660551980489099, 0.018769134951874072, -0.03352940579626759, -0.023446605483490486]
A2: [0.06274623399825956, -0.17437758093557484, 0.08563166478815189, 0.023272211855107642] - [0.02938515268167744, 0.20039250581637374, -0.1016152917440684, -0.12777984733978492] - [-0.09307051509412122, 0.5140151004492368, -0.2252660185405757, -0.1947694598531715] - [-0.025106414508429424, 0.0193373053845979, -0.04946651890812739, 0.05777595877131745]
B1: -0.00020988756475445958 - 6.512455750282441e-06 - 6.983078993382262e-05 - -4.237560484684603e-05
B2: 5.115149126399418e-05 - -3.3499367192146425e-05 - -4.975106587090036e-05 - 2.7383964382044872e-05
