Number: 6080
Error: 5.540822933783801e-14
A1: [0.0804327154563149, -0.180466780095743, -0.01958782743419209, 0.1196260023920345] - [0.03741672541055417, 0.13359753072454508, -0.1347250430639802, -0.03628468031534689] - [-0.001701703089223312, 0.2281912324066291, -0.12282726835543205, -0.10365779459865782] - [0.03886388196103454, -0.11448037283773964, -0.046415794276462, 0.12203487508241005]
A2: [0.03530734867819519, -0.029273570441229836, -0.07569743968884539, 0.06966330896241725] - [0.10289373366420014, 0.28289668411425495, -0.3926064126995888, 0.006815978195597683] - [-0.01118716458553044, 0.5390145257073021, -0.3594510766326257, -0.16837653263062433] - [0.09786263577213809, 0.01746315211543782, -0.16885116628467658, 0.053524706618970665]
B1: -1.3761866140008042e-07 - -3.722532694913204e-08 - -1.2669692641300478e-07 - -1.6754907168593352e-08
B2: 4.53195179829847e-07 - 6.997643534171211e-07 - -6.840984391199544e-07 - -7.057402613629562e-08
