Number: 1157
Error: 7.456952608446611e-07
A1: [-0.009803245255646582, -0.017605311578727866, 0.0002911870355621533, 0.016760377464653135] - [0.06848552503564662, 0.19147556164604662, -0.14502119319563947, -0.1080108423954435] - [-0.11536797531360402, 0.4390979767757622, -0.07367513418659861, -0.26111381499849406] - [-0.03178955268530719, 0.007110582113590856, -0.038476239464525316, 0.0300319250802718]
A2: [0.12793821234257086, -0.22823465493784828, 0.01908835829571561, 0.06661269056457224] - [0.034034485870564936, 0.2051245842416073, -0.11350377469851466, -0.12010423886755102] - [-0.09862954926119923, 0.5515798483215906, -0.23912467789626382, -0.22957469875711684] - [-0.023417737696646918, -0.02185913528430772, 0.005550089190903976, 0.02969349352658971]
B1: 0.0005366954960343488 - 0.0007265459209593511 - 0.0009532126619300784 - 5.5773905552588166e-05
B2: 0.0003139360026596286 - 0.002234215742752326 - -0.0008017608043807876 - -0.0005637550601437299
