Number: 8900
Error: 0.00017963368471544348
A1: [0.03176031060555663, -0.2214046310651119, -0.05946597394683983, 0.079956258328783] - [-0.005873269612096459, 0.09864304129068857, -0.16617041491787768, -0.06913354738896671] - [-0.058716056804361615, 0.17678485880447525, -0.17559454625153834, -0.157777737999087] - [0.0010161187581129716, -0.14074860156416547, -0.07392182202133724, 0.09471430002281521]
A2: [0.20094108071532596, 0.13894187742615602, 0.07641370884630116, 0.24571398997889726] - [0.2624534864523279, 0.4442651261936966, -0.23909066411249838, 0.17593567501079743] - [0.0019175653946495314, 0.5486741265176779, -0.34442390936742534, -0.14761925702735784] - [0.11378199027391149, 0.03165743992182742, -0.14996108193106678, 0.07766073296445655]
B1: 0.014517279828735543 - -0.0198125485964473 - 0.010446471566924619 - 0.010393728238784499
B2: -0.0024945365880163165 - 0.006764108036906953 - -0.01877572021598537 - -0.010736885669497691
