Number: 8426
Error: 1.4668800357852947e-15
A1: [0.08043171876000688, -0.18046777667898295, -0.019588822938696644, 0.11962500580968966] - [0.03741553043154498, 0.13359633665026469, -0.134726235661634, -0.03628587463210402] - [-0.0017028160749519713, 0.22819011944454334, -0.12282837971166798, -0.10365890728739792] - [0.0388632815955004, -0.11448097151838078, -0.04641639425945243, 0.12203427509001655]
A2: [0.03530729007574293, -0.029273629205585593, -0.07569749540821703, 0.0696632476287643] - [0.10289376549125248, 0.28289671621150475, -0.3926063819170785, 0.006816011523117333] - [-0.01118709088599177, 0.5390145998463688, -0.3594510068748312, -0.16837645497097323] - [0.09786281176273952, 0.01746332890656248, -0.16885099875337303, 0.05352489135182996]
B1: -1.0961230117677029e-08 - 6.53297572039233e-10 - 4.85773617677539e-09 - 3.3074130756508694e-08
B2: 2.4156013310060936e-08 - -3.822669384871779e-08 - 4.346707510139836e-09 - 3.4327827384104774e-08
