Number: 1429
Error: 7.823470601741575e-10
A1: [-0.007324998627163855, -0.01513249978658936, 0.0028542449699524917, 0.01931358757841963] - [0.066787450896681, 0.18984663226240417, -0.14677571665033218, -0.1099060542504393] - [-0.11275280710088613, 0.4416210803471404, -0.07096400160625319, -0.2582811626945142] - [-0.023643769659189642, 0.015074483171332975, -0.030214829333350582, 0.038621833883858765]
A2: [0.13159896795697004, -0.22461582187157852, 0.022679204794175897, 0.07017311050695127] - [0.03268892722918777, 0.20379123689704612, -0.11484578517351424, -0.12141570331218823] - [-0.09479664321906445, 0.5553687786888482, -0.23537330239248194, -0.22580603346219139] - [-0.020676754548341756, -0.01912724468096561, 0.008267463437066217, 0.03232642438435181]
B1: -2.2142458945084453e-05 - -4.2338454469338695e-05 - -2.8245203928084104e-05 - 4.4128089479897824e-05
B2: -2.3686309544661445e-05 - -7.726281639651694e-06 - -2.88502972985217e-05 - -1.9492274579352984e-05
