Number: 7751
Error: 9.9343335656686e-16
A1: [0.08043167567910654, -0.18046781975501464, -0.019588865968041817, 0.11962496273372189] - [0.03741548141603804, 0.13359628767184778, -0.13472628457958616, -0.03628592362051353] - [-0.0017028598054771396, 0.2281900757149496, -0.12282842337815994, -0.103658951006258] - [0.03886322440651871, -0.1144810285469062, -0.046416451411990495, 0.12203421793656093]
A2: [0.03530742254862148, -0.02927349636635805, -0.07569736945439177, 0.06966338627567804] - [0.10289368608795794, 0.2828966361342948, -0.39260645871498273, 0.006815928376357949] - [-0.011187113510855648, 0.5390145770866136, -0.35945102828977843, -0.16837647881153936] - [0.09786279257699985, 0.017463309633587037, -0.16885101701698663, 0.053524871213101774]
B1: -1.49614074942406e-08 - -3.3773578464728775e-08 - -1.2042520246318766e-08 - -1.2100453509023898e-08
B2: 6.052092399632311e-10 - -5.982510263221545e-08 - -1.9367085600732923e-08 - 2.705225578284468e-09
