Number: 4063
Error: 1.0493239067432124e-15
A1: [0.06621317196445246, -0.11395208920954705, -0.023983959989802676, 0.07172285844863562] - [0.037402634696364116, 0.18819339099813123, -0.1474089245928531, -0.07818698798954268] - [-0.06022940636457751, 0.32895076647307925, -0.12775314397148993, -0.14096835631279692] - [0.03904610893067102, -0.05332273372149718, -0.037418638966405154, 0.051695072238733555]
A2: [-0.009108495988139998, -0.34680310081533716, 0.24945517077042687, 0.10645676355392283] - [0.08003982703689684, 0.036282258341356725, -0.05025011087174667, -0.0660719580951355] - [-0.042452815414855016, 0.2308318955502095, -0.040531241212301734, -0.14784783450132502] - [0.06813474819866881, -0.29346788588420375, 0.14177120751548153, 0.08356182616801759]
B1: -2.7605920031121532e-08 - -2.2544991068484443e-09 - 1.2862685160853704e-08 - 3.2401215703196238e-09
B2: -7.536500182844173e-09 - 2.2935251090021183e-08 - -1.3933061640070625e-08 - -2.463230462618542e-08
