Number: 6091
Error: 1.5508270921601584e-14
A1: [0.08043211910075042, -0.18046737638368457, -0.01958842307664553, 0.11962540610464184] - [0.03741609415863114, 0.1335968999505496, -0.1347256730579906, -0.036285311217449615] - [-0.0017021855498825277, 0.22819074995612848, -0.12282775010977895, -0.10365827693070159] - [0.038863259743294055, -0.11448099330931825, -0.0464164160977429, 0.12203425325134233]
A2: [0.03530711298111086, -0.029273806790166328, -0.07569766378680316, 0.06966306227961026] - [0.10289400285574792, 0.28289695559050815, -0.3926061523412493, 0.006816260078565002] - [-0.011187306119982377, 0.5390143833286323, -0.3594512105982002, -0.16837668177054965] - [0.09786314346239781, 0.017463662115046696, -0.16885068299682315, 0.053525239528743995]
B1: 1.3163668303876974e-08 - 7.978960509744394e-08 - 6.012942578677423e-08 - 2.132890575207038e-08
B2: 5.052412065242766e-07 - 7.13915042862926e-07 - -6.712575596394179e-07 - 4.127336810049486e-09
