Number: 4755
Error: 6.376681669315374e-16
A1: [0.06621318854364347, -0.11395207300085719, -0.023983943423646455, 0.07172287499996305] - [0.037402639335191494, 0.18819339543023225, -0.147408920032524, -0.07818698342882914] - [-0.06022939220794282, 0.3289507800697145, -0.12775313011867684, -0.14096834253428753] - [0.03904607325532381, -0.053322767583170526, -0.037418673481090514, 0.051695038004244395]
A2: [-0.009108466984661463, -0.3468030700473526, 0.24945520000842922, 0.10645679396227797] - [0.08003989423216734, 0.036282330729906616, -0.05025003743111332, -0.06607188403093602] - [-0.04245278757757771, 0.23083192627313612, -0.040531211380648066, -0.14784780371432887] - [0.0681348153091859, -0.29346781199269023, 0.14177128026948424, 0.08356190141120548]
B1: -8.9114767789709e-09 - 4.59681291640235e-08 - 1.26832863200624e-08 - 1.3396103083496706e-08
B2: 8.728877071217768e-09 - -3.2886467357381915e-09 - 1.5657016672135355e-08 - 4.578572351217366e-08
