Number: 2894
Error: 4.273816393560678e-08
A1: [0.06339454639341392, -0.047911991171306914, -0.023482920972041955, 0.007815111809602718] - [0.04393929120575744, 0.1915386245353008, -0.1422785939984536, -0.09220688824751236] - [-0.12340771182560167, 0.4148970331093978, -0.10482276469753399, -0.18703765931403815] - [0.03693204747271103, 0.01909417882029472, -0.033205587096991174, -0.023125196761038004]
A2: [0.06425612021732416, -0.17287540750426456, 0.08713378890468654, 0.02475938827255042] - [0.02971348705563814, 0.20071605863442948, -0.10128818623369365, -0.1274587161492163] - [-0.09302240631596312, 0.5140626242413747, -0.2252176211390499, -0.1947227018471619] - [-0.025263148689366344, 0.019180976434419152, -0.049622823804879396, 0.05762399533817008]
B1: 0.00022450412002751962 - 8.128840322989796e-05 - -2.7285345596490953e-05 - 0.00015517178598902737
B2: -0.00011015799773238998 - -9.301023743887049e-05 - -2.7219838605237916e-05 - -3.196850032837513e-05
