Number: 1501
Error: 3.441988798384492e-08
A1: [-0.008030551325044209, -0.015844590825828, 0.0021204434067910926, 0.018588592873235697] - [0.06648712163625228, 0.1895576402001543, -0.14708618159729805, -0.11024017136822192] - [-0.11365697402033054, 0.44073474247957006, -0.07190602115441144, -0.259259986554476] - [-0.023634888833748445, 0.015082955563963506, -0.030205582567982427, 0.03863148852292195]
A2: [0.1314638179474514, -0.22474881367273838, 0.022546152701031875, 0.07004100902893166] - [0.03269947650778877, 0.2038015984912072, -0.11483528415671511, -0.12140544292940873] - [-0.09474541132180954, 0.5554189303490095, -0.23532342687365163, -0.22575645507315417] - [-0.020995214959640685, -0.01944145412154764, 0.007951248669337557, 0.032020072909132516]
B1: -0.00013914073194046754 - -0.0003098605582579163 - -0.00011334628823164909 - -7.318965402940612e-05
B2: -2.0042560840029863e-05 - 2.350416614534409e-05 - 0.00026855628959001466 - -0.00031966033814360495
