Number: 5830
Error: 2.5219385734986123e-06
A1: [0.07335955992941774, -0.18758663131773212, -0.026618980922555612, 0.11256712245480448] - [0.031249002836137997, 0.1273960317230928, -0.14087551708344045, -0.042451667635398135] - [-0.006338197273328435, 0.22353375531190317, -0.12742372058394927, -0.10827700532275801] - [0.033676194952582096, -0.1196865153779465, -0.05153364503599259, 0.11688562305427848]
A2: [0.031776688217960584, -0.032834511046620926, -0.07903448306368217, 0.06600798275719968] - [0.0893318994500409, 0.26914393340233733, -0.40572175519491627, -0.007325278438049587] - [-0.0016627822852679293, 0.5486389406031243, -0.3504261574273262, -0.15836405221326358] - [0.10070760694421439, 0.020335411762784007, -0.16613330666899537, 0.056509587494981674]
B1: 0.0016818655020597894 - -0.00084083756463151 - -0.0004316774774116587 - 0.0004026251936979812
B2: -0.0007835312378775016 - 4.6320511155384164e-05 - -0.0024422193858546198 - -0.0008125062934129613
