Number: 4525
Error: 1.7282632878407964e-15
A1: [0.06621311381560266, -0.11395214605899395, -0.02398401809304, 0.07172280039734405] - [0.03740253610290285, 0.18819329679875593, -0.14740902151778182, -0.07818708492307015] - [-0.06022957576905154, 0.32895060376936447, -0.1277533097407361, -0.14096852119032924] - [0.03904600021184519, -0.05332283691330909, -0.03741874414823622, 0.05169496791093428]
A2: [-0.009108583326260111, -0.34680319346742916, 0.24945508272555414, 0.10645667198462976] - [0.08003983421039991, 0.03628226606930052, -0.050250103031483286, -0.06607195018829083] - [-0.0424526666721867, 0.2308320597117149, -0.04053108181376127, -0.14784766999761978] - [0.06813473748754179, -0.29346789767758436, 0.14177119590346898, 0.08356181415892806]
B1: -7.754289849431368e-09 - -1.2364639720471284e-08 - 2.130325284939383e-08 - -5.453745898726101e-08
B2: 2.1033050956441946e-08 - 2.6083235418783437e-08 - -1.304883257038317e-07 - 1.9166754066290853e-08
