Number: 9215
Error: 5.8966610125910835e-08
A1: [0.05425918108927525, -0.14691815527224728, -0.02591553372976461, 0.12291229760645549] - [0.002954261184975404, 0.12847817686120463, -0.11595643812911548, -0.0249082808052089] - [-0.01360562330568219, 0.2239313445732418, -0.12620327790298558, -0.08076502939927264] - [0.028775553043411943, -0.09839552571753793, -0.04779474523527045, 0.1239286137852409]
A2: [0.08821149766222763, -0.07394349828426028, -0.12464233966472212, 0.106229854097365] - [0.11014543788765978, 0.25111395286167576, -0.40356913355180446, 0.047515885865727074] - [0.03772204392620507, 0.4636324336268093, -0.3766571317800106, -0.120374715545341] - [0.1448344933257967, -0.04320421539213005, -0.20012382891153765, 0.10410885658040002]
B1: -0.000476632210148186 - 6.378629823463489e-05 - -0.0001726110390336407 - 0.0003043915590518544
B2: -0.0005715540674242134 - -0.0001386377105652915 - 0.0008701156893311325 - -0.000532564163513794
