Number: 7277
Error: 9.898905375222945e-16
A1: [0.08043168505718541, -0.18046781037798884, -0.019588856601179636, 0.11962497211072674] - [0.03741558821800313, 0.13359639439298968, -0.13472617799043413, -0.03628581687771215] - [-0.0017028213504994391, 0.22819011416911297, -0.12282838497948678, -0.10365891256154583] - [0.03886323176873404, -0.11448102120534216, -0.046416444054472095, 0.12203422529419852]
A2: [0.035307473116278375, -0.02927344565885011, -0.07569732137528264, 0.06966343920018386] - [0.1028937115306708, 0.28289666179292916, -0.39260643410710544, 0.006815955018560223] - [-0.011187121916122028, 0.5390145686312101, -0.35945103624555264, -0.16837648766846494] - [0.09786281025325896, 0.0174633273902437, -0.16885100019032598, 0.05352488976740581]
B1: 2.281374338838877e-09 - -2.04184069244547e-08 - -1.707247143768164e-08 - -3.715694310537092e-09
B2: -7.979757959787683e-09 - -8.24987480385223e-09 - -8.022864922699674e-09 - -8.093005223886175e-09
