Number: 8707
Error: 3.993971894328308e-13
A1: [0.08043164489492154, -0.18046785053584405, -0.01958889671542377, 0.11962493195310268] - [0.037416259703676395, 0.1335970653691872, -0.1347255078430397, -0.03628514576427451] - [-0.0017028089423990365, 0.2281901265766388, -0.12282837258969383, -0.10365890015682516] - [0.0388630103771198, -0.11448124197578773, -0.04641666530497078, 0.12203400404029588]
A2: [0.035306974881944224, -0.029273945270775755, -0.07569779509123302, 0.06966291774528537] - [0.10289481314339818, 0.28289777275372346, -0.3926053686411527, 0.006817108566209052] - [-0.011186726077633652, 0.5390149668303975, -0.35945066157488453, -0.1683760705606731] - [0.09786309759936444, 0.017463616043303366, -0.16885072665465942, 0.05352519138642775]
B1: 1.356203249313448e-07 - -1.6771088695726327e-07 - 2.2115942081596305e-07 - 3.3147346801346393e-07
B2: -4.468623746059081e-07 - -8.305970300988897e-07 - -4.3395404907049534e-07 - -2.6901203975047726e-07
