Number: 1859
Error: 2.063166719935004e-07
A1: [-0.00528297431770997, -0.013046131518489268, 0.005019019068823925, 0.021400013135251375] - [0.06940851573624529, 0.19237421749838787, -0.14406441415208157, -0.10698832873741902] - [-0.11401779854419473, 0.44040277923140025, -0.07233928164210303, -0.2596433924715513] - [-0.02410833151624214, 0.01465142694432496, -0.030761186074694444, 0.03813632627518259]
A2: [0.13295744182651914, -0.22332048936111468, 0.02399518853941586, 0.07148048873385217] - [0.03310756955204574, 0.20421725634659194, -0.11442749682439245, -0.12099758794752694] - [-0.0931648503982484, 0.5569827827093539, -0.23370772863241496, -0.22410476545243044] - [-0.02131025652370497, -0.01979416639219282, 0.00760932146377475, 0.03168908047965767]
B1: 0.00032719640177255986 - 0.0011649631720055174 - 0.00017710212187453753 - -0.0003488633834357888
B2: -0.0007110223077040178 - 0.0015442472606978135 - 9.726622115710889e-05 - -0.0001921891914902907
