Number: 6993
Error: 1.032366181108218e-15
A1: [0.0804316915003385, -0.1804678039355655, -0.019588850165730625, 0.11962497855314415] - [0.037415589879628425, 0.13359639605335463, -0.13472617633212378, -0.03628581521700902] - [-0.0017028114553830924, 0.22819012406401468, -0.12282837509886423, -0.10365890266907464] - [0.03886322029194677, -0.11448103264991952, -0.04641645552394577, 0.12203421382454524]
A2: [0.03530739681173822, -0.029273522174436083, -0.07569739392467174, 0.06966335933922553] - [0.1028937173925716, 0.28289666770457816, -0.39260642843755167, 0.006815961156817721] - [-0.011187022782715805, 0.5390146683559033, -0.35945094241361525, -0.16837638320815057] - [0.09786279510654775, 0.01746331217463658, -0.16885101460901325, 0.053524873868293334]
B1: -1.500926822205052e-08 - -1.2293150991332434e-08 - 2.7344516603628745e-08 - -3.983600473540778e-09
B2: 2.928906990556013e-09 - -2.1010494724946165e-09 - 3.0337484520972525e-09 - -8.532342892552182e-09
