Number: 9305
Error: 5.737225482720587e-10
A1: [0.053236841310192615, -0.14793695770002027, -0.026934809012813584, 0.12189214287050816] - [0.0054009978811205075, 0.13092407688854296, -0.11351344647759769, -0.02246235262029112] - [-0.014463764491209131, 0.22307232315329506, -0.12706043824021795, -0.08162522295052886] - [0.027254090652450814, -0.0999124044118058, -0.049316624337917205, 0.12240602753666047]
A2: [0.08931681192500934, -0.07285112401683533, -0.12356649045459514, 0.10734951432208234] - [0.10890190593643258, 0.24987439296380198, -0.40478631496755785, 0.04625067710912519] - [0.03660543373625027, 0.4625247853544435, -0.37774720459562583, -0.12150408740458538] - [0.14346202395328864, -0.04457118189440524, -0.20146478409156074, 0.10271596748363125]
B1: 5.83530003124975e-05 - 3.405755225944067e-05 - -7.976156757414225e-06 - -3.561492081264144e-06
B2: 1.7759915037877176e-05 - 4.5594031461274664e-05 - 2.0942880726185755e-05 - 2.5651785286876754e-05
