Number: 9234
Error: 4.275159222097791e-08
A1: [0.05382090250084393, -0.14735410066248325, -0.026352305365507724, 0.12247670440082728] - [0.006197914479821234, 0.13172218715578904, -0.11271600934534372, -0.02166343637172443] - [-0.013501197997169518, 0.2240351214158065, -0.12609853472185853, -0.08066161688719169] - [0.028003577211816517, -0.09916469993055553, -0.04856692018403971, 0.12315795799863104]
A2: [0.08940349961659086, -0.07276249124577881, -0.12348033370804173, 0.10743730275776872] - [0.10930049169846018, 0.250272207653433, -0.4043960548553261, 0.04665632437279909] - [0.036554665797643306, 0.4624736819671122, -0.37779674997814167, -0.12155479298969507] - [0.1431460684012473, -0.044884459920021255, -0.20177202741707834, 0.10239520036676907]
B1: 0.00018548167835366706 - 0.00022507754510213532 - 1.7483752997869117e-05 - 0.00010183262267268401
B2: -2.210305792680638e-05 - 0.00016627662988715738 - -0.00012627065286433813 - -0.00019967241586394847
