Number: 2534
Error: 2.7955127597133742e-08
A1: [0.06324972414760516, -0.048051535923064666, -0.023624284432236055, 0.007672784608745006] - [0.04330328141527155, 0.19092299666914805, -0.14293664396197142, -0.09291018158246478] - [-0.12363493502107259, 0.41467929486385335, -0.10504044407996638, -0.18725344199720123] - [0.03660530727106726, 0.01877673139607615, -0.0335246065677062, -0.023442312735767103]
A2: [0.06358429757413149, -0.17355425237432315, 0.08647071503686875, 0.024101279029322166] - [0.028419236091060007, 0.19944094335281623, -0.10257757648328705, -0.12872536131245413] - [-0.09362288976031179, 0.5134729628594944, -0.2258230035995915, -0.195304180333089] - [-0.026516440998809745, 0.01793853425473894, -0.0508856743005219, 0.05640112855747491]
B1: -3.860972427676462e-05 - 0.00011276316492334384 - 0.0001850904807618243 - 0.00026375407920052786
B2: 6.427525311366743e-05 - 3.807952162677265e-05 - -1.6944082687699338e-05 - 6.561456536948463e-05
