Number: 3213
Error: 0.019341851953267417
A1: [-0.3302955384478008, -0.4708840719172378, -0.43046394920783204, -0.36528443946954187] - [-0.41064000657738536, -0.2558638423357245, -0.5998437170825374, -0.5405653308707343] - [-0.4166012452373239, 0.11107271440633312, -0.3903974507751311, -0.41000816437276466] - [-0.38209229194163846, -0.3989209916313076, -0.4195288426395881, -0.3338761037814254]
A2: [0.34536057630480643, -0.05672315381378139, 0.32686417464052797, 0.16723552192863497] - [-0.026066978369114122, 0.06873511845813257, -0.1724804880922421, -0.23434525554623553] - [-0.07082157051630006, 0.38017316312395216, -0.2605084695820718, -0.3325764864183925] - [-0.10967434487580997, -0.219308852630644, -0.20693667407034197, -0.21595202360702984]
B1: -0.5344395785023867 - -0.6880476444231113 - -0.5569647959238667 - -0.527912538173635
B2: 0.02131795140775533 - -0.10758802204388745 - -0.00719063356318024 - -0.04682244547135974
