Number: 2008
Error: 1.0849802257035336e-05
A1: [-0.011848117271807996, -0.020676108881247077, -0.004714360592371332, 0.01392673466745168] - [0.06125573884083295, 0.18455704361511277, -0.15279546481478123, -0.11621087199958785] - [-0.10742977386005703, 0.4474787386721507, -0.06658655604595554, -0.25237573525210905] - [-0.037078706323144695, 0.0022292391616909237, -0.0443872324806437, 0.025567804440257816]
A2: [0.13402900441099053, -0.22349796425481866, 0.026368388947217193, 0.07339480893246692] - [0.025681295195306507, 0.19577785951811827, -0.12216459730810729, -0.12884891427654974] - [-0.08952289150931146, 0.5584219021200288, -0.22959584463355273, -0.2212116318857591] - [0.014803488643870846, 0.01360583164454953, 0.04346184755647273, 0.06621371111888258]
B1: 0.006671214713614809 - 0.007862041801080005 - -0.005370794136849513 - 0.00781996952186656
B2: -0.004724951355555983 - 0.018692700705442596 - 0.002075498654897059 - -0.003965247992778697
