Number: 2696
Error: 6.5605211471526114e-09
A1: [0.06380369863634998, -0.04750524737844743, -0.023078485428352512, 0.008221467863581066] - [0.043846784340014745, 0.19144926727232153, -0.14237396120257564, -0.09230874603602585] - [-0.12372399310011306, 0.4145845770281692, -0.10513522473515145, -0.1873473250967195] - [0.0374332578152324, 0.019598519439800476, -0.03270182247611295, -0.022623348364787608]
A2: [0.06365186594321143, -0.17347563002821295, 0.08653723870192573, 0.024168299619045243] - [0.029507484513640977, 0.20051285145651443, -0.10149349977041007, -0.1276601632990728] - [-0.0930625438999084, 0.5140235189697572, -0.22525891311682783, -0.1947609870733823] - [-0.025418944023999298, 0.019027130732214598, -0.04978160375709794, 0.05747272876542924]
B1: 4.699498381463255e-05 - 8.892913681298493e-05 - -5.897967152039577e-05 - -8.722204542633828e-05
B2: 5.837961544275178e-05 - -1.748887922890184e-05 - 0.00013930937179198322 - -0.00020023252766657217
