Number: 7478
Error: 8.483730795206527e-16
A1: [0.08043172893911248, -0.18046776650103918, -0.01958881277173339, 0.11962501598763695] - [0.037415629968992295, 0.1335964361123741, -0.13472613632263986, -0.03628577514985477] - [-0.0017027751531392167, 0.2281901603654842, -0.12282833884977346, -0.10365886637651531] - [0.03886327485698801, -0.11448097823801695, -0.04641640099368336, 0.12203426835566716]
A2: [0.03530749849810239, -0.029273420206814962, -0.07569729724254046, 0.06966346576498983] - [0.10289374043237443, 0.2828966909399284, -0.3926064061537494, 0.006815985282864233] - [-0.011187090716766246, 0.5390146000166587, -0.35945100671466895, -0.16837645479262206] - [0.09786280389297304, 0.017463321001031904, -0.16885100624490856, 0.05352488309118327]
B1: 1.627283338124115e-08 - 1.2559044491157776e-08 - -9.750491886091854e-09 - 1.010489126425501e-08
B2: 6.304457651812082e-09 - 6.0128951329796375e-09 - 6.697514929922167e-09 - 5.4660816138296876e-09
