Number: 2595
Error: 2.0545648924288176e-08
A1: [0.06266730806081702, -0.048631569099230165, -0.024201453219824667, 0.007096223266135096] - [0.04372774008078888, 0.19133448976689543, -0.14249650189897856, -0.09243988718862323] - [-0.12336329688823061, 0.4149520164406632, -0.10476703566024773, -0.1869805270741472] - [0.036058281339303465, 0.018227873850177077, -0.034072116733557166, -0.023986884465294515]
A2: [0.06272386862889585, -0.17440484155423447, 0.08561388669840507, 0.02325036911875463] - [0.02938110486344318, 0.2003882519335796, -0.10161939020654558, -0.12778421550084182] - [-0.09408098263354199, 0.5130222878360695, -0.22628111017922453, -0.1957487432861292] - [-0.026956128688654383, 0.017499643928236754, -0.05132349501659365, 0.05597289515427032]
B1: -0.00018538637245213462 - 0.0002961047770474288 - -2.6787065372190692e-05 - -8.228992417983911e-05
B2: -0.00011394406275207649 - -3.755448163228598e-05 - -0.00019127521866912719 - 4.9174073253091364e-05
