Number: 4819
Error: 5.743940639167639e-16
A1: [0.06621318284531255, -0.11395207857184521, -0.0239839491174976, 0.07172286931120285] - [0.03740261581243968, 0.1881933729558373, -0.1474089431571897, -0.07818700655553978] - [-0.0602294295191655, 0.32895074423431725, -0.12775316662924133, -0.14096837884848468] - [0.03904634619719162, -0.053322508516837445, -0.0374184094188004, 0.05169529992244323]
A2: [-0.009108648284629059, -0.34680326237800396, 0.24945501724159397, 0.10645660387937862] - [0.0800398529697158, 0.03628228627845168, -0.05025008252858536, -0.0660719295113418] - [-0.04245271497879978, 0.23083200639749635, -0.04053113358102999, -0.14784772342297914] - [0.06813485571917043, -0.2934677674996306, 0.14177132407772902, 0.08356194671815895]
B1: 4.356793588246708e-08 - 2.2938235905183363e-08 - -2.1586862083750395e-08 - -3.222739436665929e-08
B2: -2.5613691933752334e-08 - -3.3287814844854445e-08 - -2.882178786466153e-08 - 6.340365458339645e-08
