Number: 6659
Error: 9.41295518811215e-16
A1: [0.08043167460127655, -0.18046782083271445, -0.01958886704458968, 0.11962496165601132] - [0.03741559257672301, 0.13359639874840784, -0.13472617364040523, -0.03628581252140872] - [-0.0017028806187718395, 0.22819005490210248, -0.1228284441609873, -0.10365897181400494] - [0.038863248562441444, -0.11448100445876293, -0.04641642727146372, 0.1220342420774701]
A2: [0.03530742561528017, -0.029273493291229507, -0.07569736653862932, 0.06966338948525085] - [0.10289376781547145, 0.2828967185554184, -0.3926063796691836, 0.006816013956958058] - [-0.011187194830565066, 0.5390144952818727, -0.35945110526063273, -0.16837656450097996] - [0.09786276306259221, 0.017463279984923984, -0.168851045112777, 0.053524840232562966]
B1: 2.1294823595250053e-09 - 1.7655872430701618e-08 - -2.650398358731395e-08 - -8.422660209196203e-09
B2: -1.4452438842094346e-09 - 1.1392716798930916e-08 - -3.6537153840825503e-08 - 1.6291970606535288e-08
