Number: 5476
Error: 1.1309957659964383e-13
A1: [0.06621301222411316, -0.11395224538267656, -0.02398411960737661, 0.07172269897386482] - [0.0374032675659243, 0.18819399566168024, -0.14740830243398745, -0.07818636577552689] - [-0.060228908055474845, 0.32895124506856616, -0.12775265635876748, -0.14096787132187327] - [0.03904556970764376, -0.05332324553693595, -0.03741916065252278, 0.051694554788444945]
A2: [-0.009109347868435239, -0.34680400452323856, 0.24945431199734683, 0.10645587040494373] - [0.08004092515627169, 0.0362834413281263, -0.05024891069045727, -0.06607074772418124] - [-0.04245160793893431, 0.23083322818864047, -0.04052994723780585, -0.14784649908423697] - [0.06813622464572823, -0.2934662602601037, 0.14177280811921386, 0.08356348152939252]
B1: 2.2393422825635172e-07 - 3.8423653674294587e-07 - -4.1432797370843653e-07 - -3.9094712449366985e-07
B2: 3.12431592616832e-07 - 2.464496959395458e-07 - 2.48003379530156e-07 - 1.946067944921542e-08
