Number: 2446
Error: 2.256792536642718e-06
A1: [0.06234418089669986, -0.04903608243495282, -0.024428878190577794, 0.006837615406998728] - [0.04736109107206206, 0.19482283162435277, -0.1388202670696726, -0.08849169623517308] - [-0.13133821963713627, 0.40703487682592204, -0.11286567226959042, -0.19509630758871552] - [0.03557122443495812, 0.01781915006194827, -0.03453349601037145, -0.024507793361085578]
A2: [0.058903737151476177, -0.17827946027044259, 0.08190808927039303, 0.01954496771840686] - [0.025175225666038206, 0.19622449806655218, -0.10582952111921878, -0.1319281772701026] - [-0.0943910016244669, 0.512916533650473, -0.22627020213656587, -0.19583356572149607] - [-0.030217696001357652, 0.014381128091922681, -0.05427386695896305, 0.053005084691668924]
B1: 0.002289990405910151 - -0.0002324969658747864 - 0.002072682929603983 - 0.002466800296564286
B2: -9.870585154982798e-05 - 0.0013931760041731446 - 0.0024364205790888085 - 0.0012420024376733286
