Number: 5309
Error: 1.007033913426571e-15
A1: [0.06621322514403566, -0.11395203721831815, -0.023983906851966375, 0.07172291153893515] - [0.03740263591384487, 0.18819339216146566, -0.14740892339589645, -0.07818698679250677] - [-0.060229387491106505, 0.32895078459962135, -0.12775312550320944, -0.14096833794357858] - [0.039046140015122556, -0.05332270421714037, -0.037418608893106865, 0.051695102067752394]
A2: [-0.009108581736814418, -0.34680319178113034, 0.24945508432757896, 0.10645667365122154] - [0.08003989443567933, 0.036282330949125696, -0.050250037208634565, -0.0660718838066635] - [-0.04245275412517571, 0.23083196319304547, -0.04053117553192002, -0.14784776671745672] - [0.06813488417992526, -0.29346773616342753, 0.1417713549315376, 0.08356197862757117]
B1: -1.1429492270760258e-07 - 1.575721412642714e-08 - 5.680692795276317e-08 - 4.604942208491619e-08
B2: -1.4614150015611395e-08 - -1.8435020053774488e-08 - 2.398751992235956e-08 - -3.5021020817031364e-08
