Number: 4547
Error: 1.1190622672120002e-15
A1: [0.06621309643476733, -0.11395216305142564, -0.02398403546023591, 0.07172278304567556] - [0.03740253616803427, 0.18819329686098482, -0.14740902145375326, -0.07818708485903775] - [-0.06022915740335917, 0.32895100558667945, -0.1277529003526873, -0.140968114004145] - [0.03904603486210727, -0.05332280402457458, -0.03741871062527098, 0.051695001161709754]
A2: [-0.009108612779341782, -0.3468032247125197, 0.24945505303415982, 0.10645664110469827] - [0.08003983390482693, 0.036282265740111334, -0.050250103365457044, -0.06607195052510255] - [-0.04245292373819079, 0.23083177599801455, -0.04053135729565183, -0.1478479543026153] - [0.0681347721988796, -0.29346785945892495, 0.1417712335338498, 0.08356185307670279]
B1: -1.992799814673029e-08 - -8.927463158754859e-09 - -3.095117529134348e-08 - 1.3113651121446062e-08
B2: -1.8733545305677764e-08 - -2.9458726434437896e-08 - -2.6716703133421902e-08 - 1.1663617324389837e-08
