Number: 8550
Error: 1.438501639354379e-15
A1: [0.08043168406571766, -0.18046781136931972, -0.019588857591479124, 0.11962497111938586] - [0.0374155657090775, 0.1335963719011631, -0.13472620045428632, -0.03628583937404945] - [-0.0017027587174945707, 0.22819017680076592, -0.12282832243819747, -0.10365884994525412] - [0.03886324774753921, -0.1144810052713032, -0.04641642808583016, 0.12203424126312831]
A2: [0.03530749654239936, -0.029273422167915102, -0.0756972991018734, 0.0696634637179598] - [0.10289375530095067, 0.2828967059347234, -0.3926063917730043, 0.006816000852380444] - [-0.01118711556494539, 0.5390145750202631, -0.3594510302340882, -0.16837648097593472] - [0.09786282065027872, 0.01746333783452507, -0.16885099029299144, 0.05352490068082022]
B1: 2.5458825889479473e-08 - -1.917804012694783e-08 - 1.4763635424701154e-08 - 3.769251137231116e-09
B2: 4.934616830446274e-08 - -2.5133338555092367e-08 - 2.5140096137178094e-08 - 4.1191430395919246e-08
