Number: 3017
Error: 3.054195904307409e-08
A1: [0.06329273374460814, -0.048011917068928205, -0.023582800111638953, 0.007712900790530613] - [0.04430353061082603, 0.19189047526870656, -0.1419023450226333, -0.0918040960993719] - [-0.12245637524280996, 0.4158533782779112, -0.10386050867914062, -0.18607505221169932] - [0.03614217553032646, 0.018306116484443625, -0.033995070785085325, -0.02391184782117424]
A2: [0.06338419024247298, -0.17374537702466408, 0.0862701352135033, 0.02389946760857064] - [0.029287689758267666, 0.20029659605304387, -0.10171257780074254, -0.1278760540739861] - [-0.09280004588938322, 0.5142790449848242, -0.2249946585921847, -0.19450472537832048] - [-0.025355601891392753, 0.01908325773495089, -0.04972180522416793, 0.05753483588365416]
B1: 0.0003685412274537897 - -9.617772989755331e-05 - 8.070399048475341e-05 - -0.00018009950790120343
B2: -5.8462339592460066e-05 - -0.00015016862318600156 - -0.00018890911675977396 - 0.00021738688521890525
