Number: 4822
Error: 1.0735598481619183e-15
A1: [0.06621318419378378, -0.11395207725350731, -0.023983947770083995, 0.07172287065741115] - [0.037402621648755734, 0.18819337853204282, -0.14740893741964256, -0.07818700081748542] - [-0.06022943838538351, 0.32895073571879724, -0.12775317530520228, -0.14096838747778415] - [0.039046281675793215, -0.05332256975816006, -0.03741847184112359, 0.051695238006968444]
A2: [-0.00910857916993284, -0.34680318905822527, 0.24945508691548562, 0.10645667634228448] - [0.0800398683538566, 0.03628230285156827, -0.05025006571460833, -0.06607191255459277] - [-0.042452751204843216, 0.230831966416266, -0.040531172402235006, -0.14784776348753859] - [0.06813486008050251, -0.29346776269762376, 0.14177132880582682, 0.08356195160800624]
B1: 5.342665236204103e-09 - 2.5644283967416448e-08 - 6.080391459427436e-09 - 1.4738833274218933e-08
B2: -1.9450300254453136e-08 - -3.145722255091889e-08 - -8.23095603052457e-09 - 5.859315773071206e-08
