Number: 3330
Error: 9.78406804664324e-07
A1: [0.06691547777821988, -0.11329856715311272, -0.023410642464711126, 0.07234178067018122] - [0.03329003336284319, 0.18423814092957258, -0.1514431755773462, -0.08222492477896061] - [-0.06779211340915409, 0.3218342302214402, -0.13493678715320542, -0.14816994270869654] - [0.04040956793001017, -0.05204242384919735, -0.036143364293746864, 0.052959212325396396]
A2: [-0.013993699752294144, -0.35192574026385304, 0.24474715955556875, 0.10140079326377233] - [0.07935897852401648, 0.03558794361293478, -0.051025548163095555, -0.06681761463089701] - [-0.03843008890646953, 0.23512973045536242, -0.0363527395799788, -0.14348845897242216] - [0.07112153551747322, -0.29025677325255655, 0.14494649003622753, 0.08687470473256499]
B1: -0.0014507147055721021 - -0.0017213192545351592 - 0.0015307784434917253 - 0.0008032485947193481
B2: 0.0012051300403832681 - 0.0016847182761638086 - -0.0008099430661146501 - -0.0015950095973194828
