Number: 3796
Error: 1.2396623989376963e-15
A1: [0.0662132220880907, -0.11395204020601458, -0.02398390990550903, 0.0717229084881455] - [0.03740263724180215, 0.18819339343011726, -0.1474089220905032, -0.07818698548696641] - [-0.06022936656219355, 0.32895080470108606, -0.12775310502324, -0.14096831757403974] - [0.03904618590525472, -0.05332266066014244, -0.03741856449607099, 0.05169514610438391]
A2: [-0.009108644790592563, -0.34680325867154305, 0.24945502076400786, 0.10645660754261754] - [0.08003981782603556, 0.03628224841862073, -0.05025012093869681, -0.06607196824756215] - [-0.04245282245846531, 0.23083188777646504, -0.04053124876049921, -0.14784784229125855] - [0.0681347700204289, -0.2934678618574668, 0.1417712311724194, 0.08356185063427343]
B1: -1.2642516176540738e-08 - 2.6167236222169663e-08 - -1.7981562704931518e-08 - 1.2487692110534359e-08
B2: 3.0756980161211895e-09 - 1.8949331221280518e-08 - -6.58531566171959e-10 - 1.1034569103991718e-08
