Number: 9948
Error: 9.484692060431896e-16
A1: [0.05317249753158337, -0.14800132360376705, -0.026999099871350195, 0.12182776934807087] - [0.0053137222648280465, 0.13083669671906112, -0.11360074132473805, -0.02254976092479985] - [-0.01444454950155758, 0.22309154787789973, -0.12704125246403072, -0.08160600594990938] - [0.02714653059787662, -0.10001996753636264, -0.04942443774887647, 0.12229819108492584]
A2: [0.0892545523056128, -0.07291327951497752, -0.12362733184604682, 0.10728647519705879] - [0.1088417477384371, 0.24981420005408073, -0.4048452709689437, 0.04618949934624272] - [0.03663588161838179, 0.46255506936826807, -0.37771749914979846, -0.12147331834457725] - [0.14342648233315172, -0.04460657437201777, -0.201499487504438, 0.10267991235580978]
B1: 9.366557373878812e-09 - -2.4661538896094466e-09 - -6.29677595992037e-09 - -1.1932040540270016e-08
B2: -1.3555786408617889e-08 - -4.437446778223692e-09 - -1.8980360868618613e-08 - 4.2522620591648504e-08
