Number: 2882
Error: 5.03615630344289e-10
A1: [0.06340563157778224, -0.04790092809397324, -0.023472009440058242, 0.007826278765623411] - [0.0437183132864249, 0.19132525993758467, -0.14250617927889428, -0.09244981288320218] - [-0.12329882449888134, 0.4150055970484323, -0.10471340273434514, -0.18692860761949223] - [0.037043274973666315, 0.01920565362590263, -0.03309434562703725, -0.023014466912521923]
A2: [0.0633518765611608, -0.1737752043442359, 0.08623185079516067, 0.023866187602065585] - [0.02930426199004368, 0.20031290850337716, -0.10169599111334152, -0.12785922299114447] - [-0.09303539735943338, 0.5140498446156077, -0.22523076748898652, -0.19473547590411777] - [-0.025842099291491134, 0.018605087310891003, -0.05020212193221502, 0.05706033559237047]
B1: -0.00010714328046882698 - -8.838450171427993e-05 - 2.8822065706057067e-05 - 2.628964223990316e-05
B2: -7.980719267021845e-05 - 2.1878015136380725e-05 - -4.083278725947322e-05 - -3.5656954957851625e-05
