Number: 8243
Error: 1.0794413117755768e-15
A1: [0.08043167911086513, -0.18046781632366712, -0.01958886254044993, 0.11962496616504756] - [0.03741557290781479, 0.13359637909443567, -0.13472619326997234, -0.03628583217933302] - [-0.0017028323605904018, 0.2281901031592453, -0.12282839597347067, -0.10365892356870644] - [0.038863228902077926, -0.11448102406396649, -0.04641644691932205, 0.12203422242931009]
A2: [0.03530742724869281, -0.029273491653237484, -0.07569736498560647, 0.0696633911948076] - [0.10289372065501155, 0.28289667099472, -0.3926064252821612, 0.006815964573088224] - [-0.011187111048061324, 0.53901457956405, -0.35945102595870965, -0.16837647621639915] - [0.09786276321058289, 0.017463280133561587, -0.16885104497197626, 0.05352484038797857]
B1: -1.023152877112889e-08 - 7.399418472378419e-09 - -2.95628745804657e-09 - 1.015110829671493e-09
B2: 1.8740001417578996e-10 - -9.638615582681355e-09 - -5.172653881515468e-10 - 5.456328294750144e-10
