Number: 852
Error: 2.22873879451071e-10
A1: [-0.0122085518117621, -0.014573823421669874, 0.01802631740789475, 0.00852415424651216] - [0.06585925191416542, 0.1895183636145601, -0.14529773935514895, -0.10998182092794298] - [-0.09631656046065701, 0.4217633900656904, -0.05348281862782684, -0.2720630976169664] - [-0.0013396672013941426, -0.018236716138645827, -0.0038544492321493625, 0.02335574578003164]
A2: [0.16155374894044533, -0.16778712474390603, 0.008469026319595237, -0.0023652111866754246] - [0.035488771671038095, 0.20751972083149814, -0.11720738885363911, -0.1257890475203205] - [-0.08621174545073698, 0.581539883770833, -0.23538697639163741, -0.2599338120107664] - [-0.0038443475548467975, -0.004528514493093751, 0.0011009724633497123, 0.007234418786213468]
B1: 1.7194730278440643e-05 - 9.687066000773264e-07 - -8.40033881851252e-07 - 4.5460390444775825e-06
B2: 1.7885117767995824e-05 - -3.3131917422437625e-05 - 5.89884773743776e-07 - -7.370197394471681e-06
