Number: 3803
Error: 1.2059632363238257e-15
A1: [0.06621318493889611, -0.11395207652504037, -0.023983947025548034, 0.07172287140129925] - [0.03740265037561567, 0.1881934059785818, -0.14740890917895888, -0.07818697257428059] - [-0.06022941717610834, 0.3289507560892348, -0.12775315455101652, -0.1409683668354266] - [0.03904626501952276, -0.05332258556789565, -0.037418487955681395, 0.05169522202327623]
A2: [-0.009108611460635845, -0.34680322331364516, 0.2494550543636423, 0.1064566424872744] - [0.08003981926836741, 0.0362822499724262, -0.05025011936230962, -0.06607196665778851] - [-0.04245283090411639, 0.23083187845531153, -0.04053125781119834, -0.1478478516318402] - [0.06813476980580456, -0.2934678620937774, 0.14177123093974564, 0.08356185039364074]
B1: -5.134539609278877e-09 - 2.906073509744641e-08 - -7.780476852129915e-09 - 1.1826782210313335e-08
B2: 2.064305424136256e-08 - 1.3055719377871777e-08 - 4.947704091279986e-09 - -2.558487538535e-08
