Number: 6198
Error: 6.623252060203918e-16
A1: [0.08043164521897883, -0.18046785021168033, -0.019588896391753482, 0.11962493227707216] - [0.0374155549328325, 0.13359636113301163, -0.13472621120928893, -0.03628585014444331] - [-0.0017028254363765693, 0.22819011008332535, -0.12282838905938873, -0.10365891664633459] - [0.03886322058944924, -0.11448103235325016, -0.04641645522663223, 0.12203421412186641]
A2: [0.03530741416737294, -0.02927350477080307, -0.07569737742313631, 0.06966337750376095] - [0.10289371949953045, 0.28289666982941286, -0.3926064263997215, 0.006815963363089272] - [-0.011187059347633508, 0.5390146315729101, -0.3594509770231414, -0.16837642173783396] - [0.09786278804086206, 0.017463305076811046, -0.16885102133507982, 0.053524866451612446]
B1: -2.6500923836643333e-08 - -9.007992298117968e-09 - -1.3806661174785603e-08 - -9.788949895427496e-09
B2: -2.0023156248248115e-08 - -2.70037702473037e-08 - 6.4906970922904875e-09 - -3.2466407055807122e-09
