Number: 9971
Error: 8.501267954480247e-16
A1: [0.053172506576923975, -0.1480013145550983, -0.02699909083597359, 0.12182777839777947] - [0.005313733432489102, 0.13083670789843388, -0.11360073015876797, -0.02254974974139107] - [-0.01444456891923065, 0.223091528453124, -0.12704127186631817, -0.08160602537449668] - [0.027146486879795935, -0.10002001125437532, -0.04942448155917704, 0.12229814725574445]
A2: [0.08925447008425606, -0.0729133615462006, -0.12362741221491888, 0.10728639196190327] - [0.10884161408914775, 0.24981406638121378, -0.4048454019710744, 0.04618936344827189] - [0.0366357819014663, 0.46255497017020686, -0.3777175964386196, -0.12147341909569909] - [0.14342638784674552, -0.04460666850649508, -0.2014995797622619, 0.10267981646762464]
B1: -7.637328461609004e-10 - -1.2023293147652185e-08 - -1.1761556033664514e-08 - -1.5622344303530924e-08
B2: -6.594693225187012e-09 - -1.0209043999121048e-08 - 3.2727794102263088e-09 - -1.5388128830351364e-08
