Number: 6106
Error: 2.7499627650933827e-15
A1: [0.08043170276231933, -0.18046779267489432, -0.019588838917231916, 0.11962498981381796] - [0.037415674402261706, 0.1335964805119729, -0.13472609197792784, -0.0362857307412188] - [-0.001702795251092924, 0.2281901402679536, -0.12282835891830293, -0.10365888646914297] - [0.03886286760170658, -0.114481384350386, -0.04641680798945566, 0.12203386135349435]
A2: [0.03530730274109268, -0.029273616505286815, -0.07569748336572192, 0.06966326088404501] - [0.10289380715237839, 0.2828967582261835, -0.3926063416230348, 0.006816055148445174] - [-0.011187279430264726, 0.5390144101775568, -0.3594511853359622, -0.16837665364670498] - [0.0978628857622656, 0.017463403242716974, -0.1688509283106369, 0.053524969027328125]
B1: 4.546710517724209e-08 - 1.1809810697573983e-07 - 8.98815113076863e-08 - 5.614035419856478e-08
B2: 3.1182388057353743e-07 - 4.1540390148842497e-07 - -4.60449356605809e-07 - -3.5472089398088445e-08
