Number: 5839
Error: 1.8844080311361918e-06
A1: [0.07822581838712143, -0.1826993134078557, -0.02177144674337909, 0.11742855474120224] - [0.03802009374000322, 0.13418143707288074, -0.134117659073577, -0.03568072926692973] - [-0.003945686982369303, 0.22593472191862107, -0.12504967504526052, -0.10589221587936581] - [0.03524186728588487, -0.11811369106364336, -0.049999981756066604, 0.1184336345733124]
A2: [0.03204063001973914, -0.03256116617413341, -0.0787952573148825, 0.06626192890681414] - [0.0912028723178557, 0.2710605710405025, -0.40391670319473466, -0.005396431786614032] - [-0.004452259922310873, 0.5458115860358617, -0.3530665210822667, -0.16128699047388534] - [0.09979491927261544, 0.01941073510087694, -0.167004898644132, 0.055554225104080375]
B1: 0.0006800022226223672 - -0.0010790258401036405 - -0.0017087426682391668 - -0.0005739686520095206
B2: 0.0009937317335881287 - 0.0004830352903534126 - -3.990091722305949e-05 - 0.0009908923178856429
