Number: 2013
Error: 0.00011504759877254004
A1: [-0.044361914283829504, -0.0535936912693773, -0.038549322089004724, -0.019071547007022245] - [0.06634506321369482, 0.18942879146644587, -0.14766625666474345, -0.1105553175112915] - [-0.15462329327635477, 0.40143269561048056, -0.11566774555647487, -0.3023969169561487] - [-0.04626171468176376, -0.006664372327370327, -0.05397090610841305, 0.015851244675200833]
A2: [0.13551542063307115, -0.22245542167263524, 0.028491940078833194, 0.07502285323565927] - [0.02695135875320142, 0.196858582968757, -0.12083661673766244, -0.12759528668924958] - [-0.0822960856506126, 0.5652931985582276, -0.22173841141762818, -0.21381203675755062] - [-0.006463566722886901, -0.008248255088252684, 0.022541265214724254, 0.046022389927135324]
B1: 0.004952028534421441 - 0.017207380201371327 - 1.7096377702085618e-05 - 0.001915283296768936
B2: -0.003824502404393481 - 0.015049939609868664 - -0.01592820937012662 - -0.004651505462600711
