Number: 2393
Error: 6.7232383484625885e-06
A1: [0.07518231622590806, -0.037223935577460024, -0.012972164830403138, 0.01909879484498074] - [0.04646385618383396, 0.1937090874660008, -0.1400934162075002, -0.08935820122467558] - [-0.11839757605582282, 0.42060953777701326, -0.09930111035463027, -0.18194284329093915] - [0.041714982796460826, 0.02456906217296696, -0.027798459352631456, -0.018164512429451767]
A2: [0.06987335162889755, -0.16734782229445222, 0.09319957058419745, 0.030510845332865123] - [0.035470946410958736, 0.2064256950239592, -0.09559989532486848, -0.12189568252954944] - [-0.10134623823454783, 0.5066726862431642, -0.23280930087916513, -0.20214501137629107] - [-0.023389006548514904, 0.020976508063633593, -0.047132228636315554, 0.0595822023652683]
B1: -0.005747932328672684 - 0.004486460916557789 - 0.0002807072285219 - -0.005270271196560655
B2: -0.00022987384252426803 - 0.0015049228357945507 - 0.001289183105164871 - 0.00037933415442387196
