Number: 5113
Error: 1.111787463980709e-15
A1: [0.06621313311410448, -0.11395212719174727, -0.023983998809695904, 0.07172281966344846] - [0.037402611412260874, 0.18819336875179454, -0.14740894748287459, -0.07818701088161073] - [-0.060229202500966875, 0.3289509622729275, -0.12775294448253036, -0.14096815789655717] - [0.03904603562052131, -0.053322803304727384, -0.03741870989148305, 0.05169500188947719]
A2: [-0.009108723437238227, -0.3468033421028322, 0.24945494148094363, 0.10645652508632433] - [0.0800398020570209, 0.036282231430952425, -0.05025013817318203, -0.0660719856284282] - [-0.04245283522967785, 0.23083187368144462, -0.04053126244648122, -0.14784785641562923] - [0.06813477212228446, -0.2934678595432473, 0.14177123345074538, 0.08356185299084608]
B1: -4.8284970342897296e-08 - -2.9009797804996794e-09 - 3.248784379669332e-08 - 2.985554704727963e-08
B2: -2.6108407169555634e-09 - 4.593507699379255e-09 - 2.606009309081428e-08 - 1.6210748029391783e-08
