Number: 3333
Error: 1.4434966166965527e-06
A1: [0.0699890100572462, -0.11029208173457913, -0.020321597457361614, 0.0754198598446056] - [0.03351632545488209, 0.18445720223035003, -0.15122818570423333, -0.08200843151261548] - [-0.0676790798447733, 0.32194025611408217, -0.1348319821783723, -0.1480615295721213] - [0.037435824677868455, -0.05486312595041569, -0.03900495934857879, 0.050118752982382414]
A2: [-0.011880583717451485, -0.3497022356002367, 0.2468495212461875, 0.1035999027962709] - [0.07937687351776987, 0.0355949716572964, -0.051015878811715286, -0.0668038172906439] - [-0.03935386436542231, 0.2341444969490331, -0.03731334481895899, -0.14449326236335558] - [0.06951652110079147, -0.2920040886296952, 0.14322209144240353, 0.08508092041004456]
B1: 0.00024187002724205783 - -0.0015978260541807373 - -0.00012715974593591835 - 0.00013523423844765667
B2: 0.002421478912156667 - -0.0001902376648521369 - -0.0026297826114835524 - -0.0010278153930710961
