Number: 8565
Error: 1.1176578468944438e-15
A1: [0.08043165945606721, -0.18046783597618385, -0.01958888217170338, 0.11962494651254546] - [0.03741552181000039, 0.13359632803530688, -0.13472624426589838, -0.03628588324881128] - [-0.0017027908792516793, 0.22819014463969434, -0.12282835455286671, -0.10365888209842838] - [0.03886321755782296, -0.11448103537629858, -0.04641645825631017, 0.12203421109217383]
A2: [0.035307299759858, -0.029273619494700552, -0.07569748620071938, 0.06966325776421432] - [0.10289370400158593, 0.28289665419999294, -0.3926064413891441, 0.006815947134544317] - [-0.011187155160256793, 0.5390145351887938, -0.35945106771201507, -0.16837652269878275] - [0.09786272082923782, 0.017463237559454982, -0.1688510853163978, 0.05352479590148703]
B1: -1.893513382656418e-08 - 1.753270024268957e-08 - -3.1817098316204762e-09 - 5.943187429632863e-09
B2: 5.844610181234764e-09 - -5.468996805631003e-08 - -7.452510472074217e-10 - 2.764492552924502e-09
