Number: 9559
Error: 1.4630419126633926e-13
A1: [0.0531720410941824, -0.14800178021809796, -0.02699955581083597, 0.12182731269717702] - [0.005314583187370281, 0.1308375585286076, -0.11359988054418639, -0.022548898784455033] - [-0.01444402853108003, 0.22309206903199796, -0.12704073191103998, -0.08160548479294442] - [0.027147804694517722, -0.10001869345304369, -0.04942316097167772, 0.12229946841369002]
A2: [0.0892518437726602, -0.07291598179399719, -0.12362997936272442, 0.10728373324942936] - [0.10883966372657304, 0.24981211567362038, -0.404847313711433, 0.04618738025740782] - [0.03663328237662387, 0.46255248364963586, -0.37772003510719265, -0.12147594455891382] - [0.14342371440035112, -0.044609332007310765, -0.20150219015935303, 0.10267710334546049]
B1: 3.2691056133325355e-07 - 6.692584412636472e-08 - 1.5286194426757082e-07 - 3.1244339973942223e-07
B2: -2.597089609475277e-07 - 4.851317499689299e-07 - 9.653684047248893e-08 - 2.0507071280712188e-07
