Number: 9854
Error: 1.0742859119062178e-15
A1: [0.05317250537690158, -0.1480013157556, -0.02699909203473396, 0.12182777719711657] - [0.0053137189918234925, 0.1308366934425992, -0.11360074459727738, -0.02254976420244048] - [-0.014444523093024473, 0.2230915742960872, -0.12704122607642734, -0.08160597953198127] - [0.02714642642069746, -0.10002007171318594, -0.04942454214560785, 0.12229808664317346]
A2: [0.0892545566568441, -0.0729132751738068, -0.12362732759282652, 0.10728647960216074] - [0.10884171039709527, 0.24981416270614928, -0.4048453075706677, 0.046189461376655014] - [0.03663581674326943, 0.46255500483071127, -0.37771756244519666, -0.12147338389250886] - [0.14342633045834588, -0.04460672568117383, -0.20149963579703797, 0.10267975822782947]
B1: -3.841696283579246e-08 - -5.824997037457504e-11 - 2.1349994911723018e-08 - 2.256206481285715e-08
B2: 2.775916960309685e-09 - 7.554937196742596e-09 - -3.253751584879915e-10 - 1.0752260774987894e-08
