Number: 9151
Error: 1.114752597220145e-06
A1: [0.05622583183731262, -0.1449815413822547, -0.024022460912873547, 0.12489276438860597] - [0.005456466370490016, 0.13095224931966828, -0.113561113051303, -0.022398339199263043] - [-0.01424089330267004, 0.2233394994042693, -0.12683407985847228, -0.08131135685883197] - [0.02702784173641591, -0.10014409205626144, -0.04956984492244125, 0.12221080525855907]
A2: [0.08652422209220614, -0.0756183147125452, -0.12620522525333788, 0.10456227362753319] - [0.10777696713599805, 0.24875630780076333, -0.4058937649315485, 0.04509994909286671] - [0.041813746706103626, 0.4676950528039993, -0.37269833776217787, -0.11629818265613484] - [0.13644989037506086, -0.05152139110092332, -0.2083106184301153, 0.09561138489171812]
B1: 0.0019332808227078369 - -0.00020831778177667483 - -0.002384478554314392 - -7.647852563347213e-05
B2: -0.0014522705963320457 - 0.0010433396194819314 - -0.0006728618364878707 - -0.0011352882946296834
