Number: 9224
Error: 1.508808990829314e-07
A1: [0.05429721485277075, -0.14687872704036103, -0.02587705977376391, 0.12295211301114156] - [0.004798098464526372, 0.13032197949669502, -0.11411473336483921, -0.023063843123575026] - [-0.012605804267040879, 0.22493150446964774, -0.12520343997328962, -0.07976557868187444] - [0.028594218151202597, -0.09857527297549239, -0.04797569336544945, 0.12374875080435815]
A2: [0.08945658177952495, -0.07270576432244169, -0.12342654034391712, 0.1074905914274218] - [0.1088628360012091, 0.24983450087747813, -0.4048255359260219, 0.04621117474290792] - [0.03603693783452741, 0.4619589502049682, -0.3783015723893232, -0.12207793577348461] - [0.1441291847364532, -0.04390372391524007, -0.2008113720144613, 0.1033926149656539]
B1: -4.5157297806407045e-05 - 0.0002134890622550152 - 0.0002703389871033787 - -4.3310905594114824e-05
B2: 1.9275817151453187e-05 - -2.7382075469901328e-05 - 0.0010253620388018766 - 0.00015450110884330387
