Number: 5454
Error: 3.558795429290834e-14
A1: [0.06621311428744578, -0.11395214559774586, -0.023984017621648385, 0.07172280086832596] - [0.03740248402531081, 0.18819324704218363, -0.14740907271401696, -0.0781871361238264] - [-0.06022963943316778, 0.3289505426221654, -0.1277533720393056, -0.1409685831535108] - [0.03904602654870775, -0.05332281191541028, -0.03741871866813035, 0.0516949931840842]
A2: [-0.00910928102808356, -0.34680393361704753, 0.2494543793783608, 0.1064559404847315] - [0.08003943870658245, 0.036281839999043844, -0.05025053529347015, -0.06607238612104517] - [-0.04245263530098121, 0.23083209433405047, -0.040531048196063485, -0.147847635303165] - [0.06813453897967932, -0.2934681162423117, 0.14177098070208155, 0.08356159159633243]
B1: -4.517393681138638e-07 - 1.6412425887156011e-07 - 1.0954898367076695e-07 - -3.960094761525628e-08
B2: 1.183096069297315e-07 - 1.503022510367082e-07 - 1.3910342963033362e-08 - 8.520817889751283e-08
