Number: 4783
Error: 9.446560588978785e-16
A1: [0.06621317813382195, -0.11395208317805605, -0.023983953825299876, 0.07172286460760961] - [0.037402619046031885, 0.18819337604531186, -0.14740893997832674, -0.07818700337639645] - [-0.06022929126491298, 0.32895087701999476, -0.1277530313417469, -0.14096824428862337] - [0.03904615707196331, -0.0533226880275171, -0.03741859239124436, 0.05169511843566623]
A2: [-0.009108545936247204, -0.3468031538025365, 0.24945512041805792, 0.10645671118594667] - [0.08003985966107566, 0.03628229348695702, -0.05025007521531925, -0.06607192213597271] - [-0.04245280222649284, 0.23083191010571494, -0.04053122707897826, -0.14784781991544416] - [0.06813480175684163, -0.29346782691438467, 0.1417712655774652, 0.08356188621655998]
B1: -9.624441915699366e-09 - 1.8630472736526988e-08 - 3.845165932490598e-09 - 8.467249129450727e-09
B2: -7.446808500027167e-09 - 5.620991072394476e-09 - 1.3497485496256337e-08 - 2.5974341858033143e-08
