Number: 9007
Error: 0.0001909916223476894
A1: [0.1864569731055217, -0.03964670188793354, 0.10610905186394816, 0.2477906239890868] - [0.09727624492636257, 0.22048092064070066, -0.024471400147701314, 0.06777503098562376] - [0.08555825556073243, 0.3299730336266262, -0.004230638469055916, 0.02450334821703838] - [0.13265966717710925, 0.004219248897336445, 0.06112351240550223, 0.22828953303859506]
A2: [0.02346755152016447, -0.11671863602836878, -0.1669930294553196, 0.0609057268017913] - [0.06298448730471892, 0.18953621398781767, -0.46341863213915807, -0.01659430297570187] - [-0.005006644008956802, 0.43803263011868576, -0.42916646717445617, -0.15566765580874045] - [0.08746656204513059, -0.08848267776899575, -0.2529965951378619, 0.054147854470029615]
B1: 0.00790930881880061 - 0.010260358321347085 - 0.002471272624690128 - 0.004007334649959357
B2: -0.0008323770691657274 - -0.007325214683449459 - 0.002185553328024446 - -0.004718090548804061
