Number: 5383
Error: 3.929070813693575e-16
A1: [0.06621318285140722, -0.11395207856583679, -0.023983949111376333, 0.07172286931731499] - [0.03740263575972897, 0.18819339201426732, -0.14740892354735832, -0.07818698694398017] - [-0.06022921544936178, 0.32895094983665507, -0.12775295715294374, -0.14096817049876234] - [0.03904611571893224, -0.053322727278170876, -0.0374186323987711, 0.05169507875294811]
A2: [-0.009108448726647397, -0.3468030506785687, 0.2494552184138344, 0.10645681310473327] - [0.08003959120673593, 0.03628200428514135, -0.050250368619955854, -0.06607221803208047] - [-0.04245268012612757, 0.23083204486259884, -0.040531096232061296, -0.14784768487771166] - [0.06813484690449392, -0.2934677772051768, 0.1417713145212962, 0.0835619368350708]
B1: 3.347901299131191e-08 - 3.3811252509296425e-08 - 5.43568210395405e-08 - 4.056502355406124e-08
B2: 3.912768934086909e-08 - 5.383978539673234e-08 - 6.5528922002314265e-09 - 3.617431857306672e-08
