Number: 124
Error: 9.46149062200315e-05
A1: [0.0009852979471991962, -0.0010701928079853004, 0.03330599731108639, 0.023592806610168736] - [0.09011022398558118, 0.2137073398198866, -0.12091308142680775, -0.08382317826685638] - [-0.07990025372235332, 0.43874937037106565, -0.035119710673289256, -0.25192713826674684] - [0.02190154346985674, 0.005396215184994842, 0.021889862586804455, 0.0514247979947969]
A2: [0.21592612705443773, -0.11503015793168767, 0.06177747840736208, 0.05025849384405535] - [0.04983864238510977, 0.22047308358333512, -0.10437414918196587, -0.11323380898200491] - [-0.04337183357533428, 0.6236812970824474, -0.1938452475288954, -0.21867161095745585] - [0.05168663531504107, 0.050870956206122316, 0.05596185431757348, 0.06010047768980959]
B1: 0.0007670138893248179 - 0.178557201552829 - 0.004503087227404667 - 0.0018196681077080183
B2: 0.00238661763708405 - 0.16995275789388675 - -0.003233573223482273 - -0.002641476374816977
