Number: 3379
Error: 3.3804786509168943e-07
A1: [0.06547593622168979, -0.11467247556242145, -0.024721721966925764, 0.0709870978170058] - [0.03803194287610306, 0.1887941071444692, -0.14679111127372546, -0.07756893846969422] - [-0.05274507204211331, 0.33614684585317506, -0.120425866512429, -0.13368812494021481] - [0.03606370629320197, -0.056154678592234025, -0.04030523749102929, 0.048828805872605456]
A2: [-0.007311065772838912, -0.34489324695351037, 0.2513065023680744, 0.10834044273253172] - [0.08067389164682776, 0.03696602024085052, -0.04955648545703458, -0.0653772553716067] - [-0.041057262822988425, 0.23237300928766827, -0.03902595584049164, -0.14631078499800432] - [0.06990754775464099, -0.29151200328486593, 0.14372070987252636, 0.08555109476702565]
B1: -5.818740984780727e-05 - -0.00045602179815501916 - -0.00021847446069447792 - -0.00018072108922702974
B2: 0.0003620852864616347 - 0.0003536879472436904 - 0.00028622251920257697 - -0.000604480133978208
