Number: 1236
Error: 1.570019431384169e-07
A1: [-0.008124085006280524, -0.015937224831043807, 0.0020272699223790754, 0.018492326304045667] - [0.06643843019392168, 0.18951126232830362, -0.14713685618001304, -0.1102942533774608] - [-0.11314468712914903, 0.4412387680699176, -0.07136517105245226, -0.25870600166506524] - [-0.024461833576677455, 0.01427277238584237, -0.03104310814202464, 0.037756041285855614]
A2: [0.13130850228909866, -0.22490028624872058, 0.02239300140910953, 0.06988893928320142] - [0.03332056962979168, 0.20441313762473165, -0.11421676714441405, -0.12079801813824775] - [-0.09462289917979219, 0.5555448933127769, -0.23520446881743476, -0.22563499178950816] - [-0.02146099159598589, -0.01990086150651728, 0.007489394014655263, 0.031574427906464114]
B1: -0.00013988530666907606 - 0.0006465467921191939 - 8.804672782235614e-05 - -0.00012054532275883022
B2: 0.0003590957459213358 - 0.00035975293849283566 - 0.00039361023218666754 - 0.0004983451442809729
