Number: 5288
Error: 1.3992086143539854e-15
A1: [0.06621312881782035, -0.11395213139199903, -0.023984003102590204, 0.07172281537437782] - [0.037402542679924364, 0.18819330308272691, -0.1474090150520109, -0.07818707845672902] - [-0.06022935599427778, 0.3289508148506799, -0.12775309468220156, -0.14096830728832963] - [0.03904614108517501, -0.05332270320147516, -0.03741860785786086, 0.05169510309459749]
A2: [-0.009108713219554598, -0.3468033312633701, 0.2494549517810895, 0.10645653579908072] - [0.08003997670070997, 0.0362824195720098, -0.0502499472977673, -0.0660717931323527] - [-0.04245279575724556, 0.23083191724548055, -0.04053122014638221, -0.1478478127607688] - [0.06813484660849964, -0.29346777753104064, 0.1417713142006192, 0.08356193650326961]
B1: 5.1446402087671866e-08 - -9.074241922677799e-08 - 1.4901065754993118e-08 - -5.607773979450938e-09
B2: 1.1156563929991543e-08 - 1.9767398269673597e-08 - -3.536107340399558e-08 - 1.7669107100380265e-08
