Number: 3202
Error: 0.04071523272508839
A1: [0.14052217145907983, 0.00770381887753574, 0.03771390218578899, 0.06343432781593059] - [0.10695929549093613, 0.25238860266029906, -0.07976845110453104, -0.027628858661027933] - [-0.16414088269361016, 0.370859675658024, -0.14963310966261711, -0.22819708775449885] - [-0.17580764982169877, -0.18196392778781453, -0.23343730752674552, -0.2064993537960425]
A2: [0.19566145811496433, -0.005021387276407552, 0.24319468071326722, 0.20396586832596725] - [0.17916023001861542, 0.3558973050241448, 0.04999929618957774, 0.02039031436872036] - [0.09109889941011318, 0.7084410197207087, -0.0419482899812256, -0.024416724360824066] - [0.27912601152800215, 0.32299527298733055, 0.24143459866084643, 0.31674178800238445]
B1: -0.1302170330774674 - -0.24384245389543613 - -0.16216743531983172 - -0.19154228116254396
B2: 0.11345754857551626 - 0.1761187922889064 - 0.1518350127748574 - 0.1736686597482285
