Number: 2035
Error: 3.8574315447762645e-05
A1: [0.0021241251786520143, -0.007055132297334955, 0.008713515567376063, 0.02783022907720857] - [0.031203208218026687, 0.15594717352689466, -0.18372283328932523, -0.14956666498383756] - [-0.12195840385725668, 0.429767797308253, -0.08398311061093454, -0.2683498046060101] - [0.0018761930016794482, 0.043787043212197584, -0.005851569130291471, 0.06317604192145201]
A2: [0.11613374417695127, -0.23946731972172902, 0.005449056522411278, 0.058763671218440956] - [0.029108460883081878, 0.1997589567289526, -0.1181946515012182, -0.12502850872499813] - [-0.048922409150343044, 0.5966935868415926, -0.18967183696078313, -0.18051562385804426] - [-0.04419210366841479, -0.04410082375812992, -0.02181011899960665, 0.01480673188974873]
B1: 0.00010005528298855104 - 0.024917877823220008 - -0.0018174198923957394 - -0.02684617002529497
B2: -0.005631437149502357 - 0.007302434006131696 - -0.013969489780421129 - -0.0029043359900041863
