Number: 9325
Error: 2.720437921846405e-10
A1: [0.05311691707602524, -0.1480569251061005, -0.02705461705054882, 0.12177216118806561] - [0.005266540369484108, 0.13078946866600166, -0.11364791588084223, -0.02259701578232582] - [-0.014469255726665617, 0.22306682787137266, -0.12706593582166253, -0.08163071599730509] - [0.027099529179671792, -0.10006696829145295, -0.04947153694549216, 0.12225106688415122]
A2: [0.08918954636551074, -0.07297812966118931, -0.12369087929727825, 0.10722066834472266] - [0.1088533427822548, 0.24982580438363738, -0.4048339088488527, 0.046201292774530806] - [0.03660582416806293, 0.4625251677767779, -0.3777468286607538, -0.12150368839668411] - [0.14335541332077972, -0.044677383029583746, -0.20156888750247162, 0.1026077875460366]
B1: -5.3838656843676965e-05 - -1.6972615395181695e-05 - -4.845606352980867e-06 - 1.1847356425552825e-05
B2: -9.930361652710752e-06 - 1.0461087751336271e-05 - -1.8994646427878004e-05 - 4.252694093284038e-06
