Number: 6823
Error: 9.957265286346916e-16
A1: [0.080431673485933, -0.18046782194793085, -0.0195888681586008, 0.11962496054079468] - [0.03741556362397613, 0.13359636981757445, -0.13472620253546408, -0.036285841458117925] - [-0.0017028551824995013, 0.22819008033783192, -0.12282841876195719, -0.10365894638452082] - [0.03886320649304287, -0.11448104641009807, -0.04641646931405659, 0.12203420003421765]
A2: [0.03530748213732001, -0.02927343661285804, -0.0756973127982016, 0.0696634486417017] - [0.10289378543509992, 0.2828967363245851, -0.3926063626277094, 0.006816032407281038] - [-0.011187105202168805, 0.5390145854448634, -0.3594510204254241, -0.16837647005638934] - [0.09786283401421902, 0.017463351259284842, -0.16885097757143064, 0.053524914708682994]
B1: -6.4324942028412145e-09 - 6.657072410513964e-09 - -2.0721523946751385e-08 - -9.165697081092106e-09
B2: -5.761440074800455e-10 - -8.137307205919732e-09 - -1.5066915048772582e-08 - -8.595399533345244e-09
