Number: 9363
Error: 3.263959237187939e-11
A1: [0.053168608750207826, -0.14800521127281333, -0.027002983000997263, 0.12182388118768225] - [0.005337287026581546, 0.13086028394218444, -0.11357718087766741, -0.02252616343313348] - [-0.014456669603657277, 0.2230794239157563, -0.1270533622525489, -0.08161812906231762] - [0.027160296211808866, -0.10000620013887729, -0.04941064141424865, 0.12231199447272498]
A2: [0.08925036085006847, -0.07291746362965737, -0.1236314303278847, 0.10728223192306816] - [0.10887273665758515, 0.24984519692575366, -0.40481489603578197, 0.046221011490865146] - [0.036641937644754784, 0.4625610938168055, -0.377711591287205, -0.12146719927911424] - [0.14344124740235317, -0.04459186274183675, -0.20148507106281943, 0.1026948973290131]
B1: -3.5957209073264794e-06 - 3.4301027404908223e-06 - 3.2010467297222183e-06 - 8.297186014801192e-06
B2: 2.140491552319083e-06 - 9.44775343384044e-06 - -9.61298574816631e-06 - 8.056415843427396e-06
