Number: 7238
Error: 7.59740358240381e-16
A1: [0.08043169466879559, -0.18046780076746813, -0.0195888470010632, 0.11962498172123864] - [0.03741559333052836, 0.13359639950164437, -0.13472617288809713, -0.03628581176801968] - [-0.0017028415599804306, 0.22819009396006457, -0.12282840515937628, -0.10365893276563266] - [0.03886324440450047, -0.11448100860503754, -0.046416431426758775, 0.12203423792211089]
A2: [0.03530741402013271, -0.029273504918446002, -0.07569737756316469, 0.06966337734968002] - [0.10289377552554951, 0.2828967263309355, -0.3926063722120824, 0.006816022030530914] - [-0.011187084887851551, 0.5390146058803368, -0.35945100119747375, -0.16837644865049992] - [0.09786279961161092, 0.017463316700191012, -0.16885101032048852, 0.05352487859714308]
B1: -1.5811311032913569e-09 - 1.2661474561675307e-08 - 1.485942467054064e-08 - 5.061593831078303e-09
B2: 1.2902613571232264e-08 - 1.1866404144922169e-08 - -1.049125692169392e-08 - 1.520594278982158e-08
