Number: 7568
Error: 6.94353152354683e-16
A1: [0.080431720661822, -0.1804677747773934, -0.01958882103912728, 0.11962500771129046] - [0.037415609653426087, 0.1335964158121831, -0.13472615659772638, -0.0362857954541679] - [-0.0017027657800837766, 0.22819016973833797, -0.12282832949044316, -0.1036588570059636] - [0.038863254437071906, -0.11448099860062821, -0.04641642140058757, 0.12203424794844131]
A2: [0.03530741426736019, -0.02927350467052454, -0.0756973773281124, 0.06966337760844103] - [0.10289371719376361, 0.2828966675040923, -0.3926064286298388, 0.006815960948655658] - [-0.011187117784333754, 0.5390145727876465, -0.3594510323347291, -0.1683764833146424] - [0.09786278554761552, 0.017463302572229358, -0.1688510237085132, 0.0535248638345433]
B1: -2.947756020661488e-09 - -4.7052978960791494e-09 - 3.5438238455773406e-09 - 9.60834840673317e-10
B2: 7.0876900552446774e-09 - -1.644252360317449e-09 - 2.058816101702174e-08 - -1.5466974938807913e-09
