Number: 1041
Error: 0.00028427565529573083
A1: [0.034952458669867056, 0.021521078740389873, 0.04654551564521425, 0.055705370119972564] - [0.0627550697079515, 0.18598564311928895, -0.1511690499275084, -0.11445532664179317] - [-0.15135997929850917, 0.38987355611598784, -0.11924352607045832, -0.3146073011219229] - [0.02710821027818793, 0.05349617706406216, 0.023785479603283408, 0.08198164344246742]
A2: [0.0705695020899546, -0.2758396208393452, -0.04706911240093857, -0.0002913973071588388] - [0.03137918915273146, 0.20243811970017098, -0.11611898407862499, -0.12385270658208451] - [-0.10752561443592919, 0.5532296264348706, -0.24046475067993983, -0.24906056690927073] - [-0.025224437905457368, -0.024194991564834532, 0.0005337067184987623, 0.02381537068326623]
B1: 0.0034065341150949086 - 0.0060821616297859794 - 0.023190830317881696 - -0.0029851376244460805
B2: 0.025552719857601127 - 0.00772946484796013 - 0.011072887044708244 - 0.03751089514745954
