Number: 7608
Error: 9.56599701866984e-16
A1: [0.08043173095403583, -0.1804677644863449, -0.019588810759220032, 0.11962501800232869] - [0.03741564551695063, 0.13359645164856468, -0.13472612080566, -0.036285759610509345] - [-0.001702774929839689, 0.22819016058877742, -0.12282833862680291, -0.10365886615327788] - [0.03886328066825816, -0.11448097244305576, -0.046416395186116004, 0.12203427416332463]
A2: [0.035307437830302234, -0.029273481042411943, -0.07569735492474837, 0.06966340226959578] - [0.10289372308405098, 0.2828966734443705, -0.39260642293282794, 0.006815967116644314] - [-0.011187083575063856, 0.5390146072009563, -0.35945099995488156, -0.168376447267173] - [0.09786281151923867, 0.01746332866198647, -0.16885099898518907, 0.05352489109627026]
B1: 5.542471520654455e-09 - 5.37289714913271e-09 - 1.7499710323550308e-08 - 1.2310364018742565e-08
B2: 6.268584992649466e-09 - 8.872497473886709e-09 - 1.5402168876293024e-08 - 7.1459803579933385e-09
