Number: 3667
Error: 5.1252139124821e-14
A1: [0.06621437519173626, -0.11395091286811887, -0.023982757705439194, 0.07172405965653578] - [0.03740184095445517, 0.1881926326305306, -0.14740970490275895, -0.07818776836773275] - [-0.06023017883847239, 0.3289500245543629, -0.12775389986883562, -0.1409691081441373] - [0.039046178266006204, -0.05332266791355432, -0.03741857188760814, 0.05169513877400089]
A2: [-0.009107222890235366, -0.346801750259963, 0.24945645416715423, 0.10645809832330369] - [0.08003918424678082, 0.03628156587290304, -0.050250813404870906, -0.06607266659176898] - [-0.04245316162477869, 0.23083151345113298, -0.04053161222467257, -0.14784821739654058] - [0.06813571548616282, -0.293466820860177, 0.14177225614787228, 0.0835629106729927]
B1: -7.043964832496682e-08 - -1.1653709976543298e-07 - 4.758953683999671e-07 - 1.031655954711603e-07
B2: 5.49769590513053e-07 - -1.302551174529652e-07 - -2.63661711303324e-07 - 3.971371775568476e-07
