Number: 3261
Error: 0.000275808762220238
A1: [-0.017120238110614153, -0.19735843210300355, -0.11425812293210684, -0.016845715259786797] - [0.07518408353349584, 0.21664527187089472, -0.10852960709854424, -0.038875342556624726] - [-0.07298185314656228, 0.3289307839789854, -0.12973439996546077, -0.14311782227050737] - [-0.025333193223851795, -0.10602981585928602, -0.09864625980785607, -0.008362672669589061]
A2: [-0.04798250386767808, -0.40429652178460285, 0.21507675644235455, 0.06414443076126404] - [0.07563842078452651, 0.041969844833204865, -0.06289603816908358, -0.07769590844650485] - [-0.15450152739339254, 0.08626407417095633, -0.1865625911013971, -0.2891690904967591] - [-0.035846312154221266, -0.4246303646664432, 0.003751652119225209, -0.049352805187898266]
B1: 0.009578722767671133 - -0.06313735906528807 - 0.00033363798421212447 - 0.0002476805822043439
B2: -0.035037053318508815 - -0.08787095516112645 - 0.006502897636385297 - 0.013159155863653973
