Number: 7104
Error: 1.152790039245142e-15
A1: [0.08043169563146335, -0.18046779980490854, -0.019588846039546234, 0.11962498268379688] - [0.03741559898713694, 0.13359640515397114, -0.13472616724276126, -0.03628580611454511] - [-0.0017028050768771897, 0.2281901304423832, -0.12282836872969963, -0.10365889629227182] - [0.038863240405188494, -0.11448101259312234, -0.046416435423518324, 0.12203423392528714]
A2: [0.03530739298739029, -0.029273526009362, -0.07569739756082022, 0.0696633553366356] - [0.10289370435240976, 0.28289665455374446, -0.3926064410498275, 0.006815947501867132] - [-0.011187070046473646, 0.539014620810238, -0.3594509871497897, -0.16837643301162172] - [0.09786280401963734, 0.01746332112826841, -0.16885100612432885, 0.05352488322413525]
B1: -1.615841363803362e-08 - 3.272315038016989e-08 - 4.5592792229432995e-09 - -1.0020927817489008e-08
B2: 6.299510080697091e-10 - 5.885594044474953e-10 - 7.3754861076088235e-09 - 3.8143469729215007e-10
