Number: 1794
Error: 1.4158232714704508e-07
A1: [-0.010743320804604623, -0.018585967767174045, -0.0006704935552559574, 0.01577750218940829] - [0.06736976898880016, 0.19041327140253056, -0.14617680296871122, -0.10925699735593751] - [-0.11418178150687708, 0.4402400116581176, -0.07249931370192474, -0.2598206048137339] - [-0.024358080180865008, 0.014408836144575835, -0.031005596181264063, 0.03787667585542719]
A2: [0.13274986699264263, -0.22349042448502013, 0.023833789677367417, 0.07132046233530652] - [0.03243286166189191, 0.20354434916040065, -0.11510190710447882, -0.12166457570713494] - [-0.09498418478770698, 0.5552106348457557, -0.23547767270638453, -0.22588748641333461] - [-0.01984677346229927, -0.018331750143217435, 0.009090434193293686, 0.03312037636088464]
B1: -0.0004472181986200692 - 0.0005090544827685758 - 2.569852849380476e-05 - -0.000404457414392465
B2: -0.0005911674418674568 - 0.0002840144477394449 - 0.00015277842874878106 - 9.017845839941107e-05
