Number: 8879
Error: 0.0008820180817771325
A1: [0.09888740271047268, -0.1608172114260637, -0.0010366974052934742, 0.13904214390632938] - [0.05878074634878853, 0.15638703409489418, -0.11192782430950164, -0.01414488542045404] - [0.0036093661358473058, 0.23428036713703262, -0.11657967938069311, -0.09786237706868371] - [0.05361631886766926, -0.09836529670716544, -0.031806348726452764, 0.13782737024199201]
A2: [-0.036744485549746984, -0.10153752822682467, -0.14445720335370912, -0.006218959087429008] - [0.08325424130098058, 0.26317013325539407, -0.4106583278858582, -0.013960795690025183] - [-0.0063110461884163605, 0.5425278355718002, -0.35518449721898243, -0.16289090162664907] - [0.09848457150833322, 0.018350663577203434, -0.16770054476219917, 0.05427325820861543]
B1: -0.015760526459168086 - -0.011233128957284351 - -0.010821665991144272 - -0.014294591017837872
B2: 0.016154792640620936 - 0.017342217707639225 - 0.010794933139646818 - 0.018725324520413592
