Number: 1342
Error: 1.998796495590664e-09
A1: [-0.007469293849919271, -0.015278094698516743, 0.0027044716379950955, 0.019165309939466687] - [0.06668959536594053, 0.18975245216931713, -0.1468769768497895, -0.11001489441274846] - [-0.11285210651367347, 0.44152403876282037, -0.07106719216508339, -0.25838869827344296] - [-0.02334016142238292, 0.01537289058033054, -0.029904587279138896, 0.038942417948901055]
A2: [0.13166267383890531, -0.22455328424197118, 0.022742077660183466, 0.07023538799468936] - [0.03278730787603918, 0.2038879982223608, -0.11474790897925524, -0.12131949293901424] - [-0.09435626319024872, 0.5558025515052205, -0.2349402365444749, -0.22537316638916727] - [-0.02097993420175498, -0.01942644744221392, 0.00796687327591666, 0.032035005285198905]
B1: -3.447946884609729e-05 - 3.375990503527772e-05 - -1.4197148866483729e-05 - -4.515628383824223e-06
B2: -7.097431749197454e-05 - -0.00016614806966498664 - 7.948294907218852e-05 - 1.0861526167184651e-05
