Number: 8501
Error: 1.2466032285520845e-15
A1: [0.08043168504754183, -0.18046781038762288, -0.019588856610856062, 0.1196249721010802] - [0.0374154546545341, 0.13359626093062812, -0.1347263112876145, -0.036285950367114975] - [-0.0017028104758390256, 0.22819012504352296, -0.12282837412077643, -0.10365890168979024] - [0.038863195744530385, -0.11448105712839196, -0.046416480055696825, 0.12203418929242897]
A2: [0.03530727647027598, -0.029273642848659916, -0.0756975083441812, 0.06966323338922716] - [0.10289373918054052, 0.2828966896775194, -0.3926064073644779, 0.006815983971998194] - [-0.011186946346877516, 0.53901474524759, -0.3594508700650678, -0.1683763026654408] - [0.09786281770852186, 0.017463334879407443, -0.1688509930933577, 0.05352489759295061]
B1: -5.463119791651848e-08 - 4.010289146038984e-08 - -3.460408585894309e-08 - 1.7218805163635513e-08
B2: -9.5514083009388e-09 - 2.2669422815718667e-08 - -3.2159654430797834e-08 - 2.934788849212954e-08
