Number: 9882
Error: 1.0932328751729212e-15
A1: [0.05317261588765105, -0.14800120520423454, -0.02699898164579225, 0.12182788776115239] - [0.005313827136418536, 0.13083680170059783, -0.1136006364690686, -0.022549655905354717] - [-0.014444404036267237, 0.22309169339644033, -0.1270411071139256, -0.08160586043274151] - [0.027146555368506037, -0.10001994276561556, -0.04942441292584149, 0.12229821591862129]
A2: [0.08925450584673965, -0.07291332586641273, -0.12362737725814257, 0.10728642816556473] - [0.10884175556334375, 0.2498142078803679, -0.4048452632990191, 0.04618950730284537] - [0.03663592257637473, 0.46255511011314077, -0.37771745918913474, -0.12147327696174652] - [0.143426437451452, -0.04460661908657056, -0.20149953132752838, 0.10267986680830507]
B1: -4.6321852966568396e-08 - -2.1541687591752845e-08 - -4.4289054336665015e-09 - -1.6504697776804606e-08
B2: -1.0837055458093398e-08 - -1.4856149157929877e-08 - -9.342378974686381e-09 - -5.309930249807281e-09
