Number: 6995
Error: 1.0590493993512943e-15
A1: [0.08043169198443946, -0.1804678034515194, -0.019588849682208517, 0.11962497903718981] - [0.03741558957558541, 0.13359639574954174, -0.13472617663556094, -0.0362858155208836] - [-0.0017028107713222675, 0.2281901247480609, -0.12282837441580499, -0.10365890198519638] - [0.03886321861425709, -0.11448103432290097, -0.04641645720056635, 0.12203421214789828]
A2: [0.0353073889466765, -0.029273530061251413, -0.07569740140267274, 0.06966335110758606] - [0.10289370792427179, 0.28289665815592013, -0.39260643759516795, 0.006815951242124903] - [-0.011187012115073702, 0.5390146790871732, -0.35945093231645914, -0.1683763719672845] - [0.09786279340306195, 0.017463310463402243, -0.1688510162306216, 0.05352487208018796]
B1: -1.6588240630063982e-08 - -1.1680161825409883e-08 - 3.1152277546892585e-08 - -4.592766040597396e-09
B2: 4.0655276171305645e-09 - -1.3208059870720263e-09 - 4.514345496399028e-09 - -8.859190579546854e-09
