Number: 7135
Error: 7.444982644752589e-16
A1: [0.0804316937545143, -0.18046780168164492, -0.019588847914251063, 0.11962498080706216] - [0.037415598297901684, 0.13359640446525836, -0.13472616793062275, -0.036285806803398345] - [-0.0017027433187750888, 0.22819019219916917, -0.12282830706201907, -0.10365883455065047] - [0.03886322651792853, -0.11448102644140999, -0.04641644930193002, 0.12203422004665782]
A2: [0.0353074233679357, -0.029273495544789026, -0.07569736867538207, 0.0696633871331654] - [0.10289374275673224, 0.28289669328400757, -0.3926064039056641, 0.006815987716799467] - [-0.011187109803851169, 0.5390145808157261, -0.35945102478101804, -0.16837647490535074] - [0.09786279639400985, 0.017463313467954458, -0.16885101338343417, 0.05352487521970977]
B1: 6.23939281006981e-09 - -4.800476533171342e-09 - 8.6826729072505e-09 - 8.885472842252083e-09
B2: -3.772100905884205e-09 - -4.626359725008912e-09 - 5.3036489226611317e-08 - -1.1936843850762244e-08
