Number: 5917
Error: 3.970761205059314e-09
A1: [0.08070010559299497, -0.18019944021315631, -0.019320735290965, 0.11989337349386446] - [0.037583662982248876, 0.13376430810379147, -0.13455842640204374, -0.0361178243601441] - [-0.0015657431020375345, 0.22832719062639684, -0.12269147131413595, -0.10352185354178485] - [0.03925334806437017, -0.11409194925299432, -0.046026499226147356, 0.12242413455544192]
A2: [0.03555571332047979, -0.0290245166672295, -0.0754613279633716, 0.0699232429881763] - [0.10270141003687293, 0.2827027297080921, -0.3927924645305561, 0.006614506536088081] - [-0.011320431032231406, 0.5388804964698961, -0.35957723653135093, -0.1685170183648532] - [0.09791707377429014, 0.01751785515681391, -0.1687993698449684, 0.05358181695344809]
B1: -7.555582537857598e-05 - 6.106015956404534e-05 - -5.0088359518110526e-05 - -6.559081594126758e-05
B2: -0.00012842600597906127 - -3.412880766758743e-05 - 0.00011688052417023003 - -7.748962637884543e-05
