Number: 2420
Error: 1.0767636887706919e-05
A1: [0.06499294898970136, -0.046692380525072553, -0.022030142328386806, 0.009218466785997616] - [0.0306343219616729, 0.17861847299021713, -0.15614698254998227, -0.10679269141656642] - [-0.12356242891833918, 0.4150044000074111, -0.10548653165211853, -0.18732870100440785] - [0.029040219882838128, 0.011616892335041198, -0.04095166055723952, -0.03074135297735175]
A2: [0.04010280628112375, -0.196679207946303, 0.06343277678283542, 0.001305582173840168] - [0.021726728410495676, 0.19289665928265562, -0.10927612572036723, -0.13532257347961307] - [-0.09514743484016591, 0.5125744636590365, -0.22620191486793564, -0.19608249706010109] - [-0.03105149762141673, 0.013598275687947395, -0.054799213297720875, 0.05220156902120988]
B1: -0.003440412901431703 - -0.005473059826979831 - -0.006334896225907017 - 0.00010549241368856951
B2: 0.0009108773360735297 - -0.006546872395409596 - -0.0017264233707001853 - -0.0032269091927970457
