Number: 9016
Error: 0.00023196873741300017
A1: [0.13260302997815418, -0.09135248252039667, 0.05232506402043371, 0.19417481255505392] - [-0.019451011828439235, 0.10296065332315503, -0.14113304342616245, -0.04944831775203117] - [-0.003645920106743597, 0.2415141076768213, -0.09331760981781091, -0.06421460195758986] - [0.02528107793921432, -0.1029323881299981, -0.04642076458556692, 0.1204797712036843]
A2: [0.12015473738318029, -0.02894714598774515, -0.07575445801394783, 0.1531930387963154] - [0.19693385096783422, 0.3174599273704345, -0.3343228806765566, 0.1159718835226575] - [0.06157118966347177, 0.49630693118050856, -0.3674363538724202, -0.0935256111714995] - [0.20467309704962056, 0.019608247240784513, -0.14226622983359807, 0.16744691645410384]
B1: 0.005075963335554688 - -0.003041852674797454 - 0.015432575983243789 - 0.00687361465682077
B2: 0.04152948399887602 - 0.003381536137794422 - 0.000538571734526587 - 0.014081977195684804
