Number: 2749
Error: 3.213642237209192e-09
A1: [0.06415456163388863, -0.04715513576177355, -0.022730420033559462, 0.008570005147025559] - [0.04383203358614722, 0.19143501303516355, -0.14238919425790655, -0.09232501074500193] - [-0.1226712620462622, 0.4156334753881022, -0.10408016512747129, -0.18629662327823812] - [0.03660383523545156, 0.01876737668740594, -0.03353099637978225, -0.0234485769170339]
A2: [0.0633316784099516, -0.17379440534243756, 0.0862169724322897, 0.023851167428929503] - [0.029376491194917906, 0.200383941201994, -0.10162397887488053, -0.12778831819688344] - [-0.09330490964812516, 0.5137853138149802, -0.22550088150825567, -0.1949963171462318] - [-0.025946957571035614, 0.01850153679142821, -0.05030867232200385, 0.05695797048816229]
B1: 3.768280805830508e-05 - -2.6834645539522805e-06 - 1.231169102651832e-05 - 7.456480579530169e-05
B2: 0.0002712548446046836 - 5.359333528358398e-05 - -0.0003469600872697917 - -5.249573755881286e-05
