Number: 3728
Error: 1.525972606309045e-15
A1: [0.0662130606960038, -0.11395219799150463, -0.023984071170947308, 0.0717227473669107] - [0.03740259039256847, 0.18819334866884457, -0.14740896814690413, -0.07818703154742493] - [-0.060229339858362686, 0.3289508303486507, -0.1277530788924518, -0.1409682915838051] - [0.03904598353965884, -0.05332285273789133, -0.03741876027797512, 0.05169495191221992]
A2: [-0.009108307310762035, -0.3468029006579249, 0.24945536097447582, 0.10645696137199534] - [0.08003985481142785, 0.03628228826251032, -0.050250080515752936, -0.06607192748135671] - [-0.04245271102947048, 0.23083201075657084, -0.04053112934866813, -0.14784771905489594] - [0.06813499545682035, -0.2934676136419075, 0.14177147556747077, 0.08356210339043395]
B1: 2.0639603432133638e-08 - 4.4405344605969564e-08 - -5.119088166304364e-08 - 4.5196871358892346e-08
B2: -8.902778880251575e-09 - 2.4861140258131668e-08 - 2.8885332599264812e-09 - -2.2579652833926882e-08
