Number: 191
Error: 3.6375752020892393e-06
A1: [0.002430416897436027, 0.00038126711727241814, 0.034095820762534784, 0.024115036580098895] - [0.06563252815370972, 0.18930614651845828, -0.14551804661425166, -0.11022156356616353] - [-0.09111448636699421, 0.42687955163052826, -0.047820755394614736, -0.26596288244879024] - [0.0059248378464014356, -0.011462726833661322, 0.003867149782482613, 0.03159153946436523]
A2: [0.16330239435054356, -0.16612741044721338, 0.010271448253748382, -0.0009143558154888555] - [0.04684974899512751, 0.2187015669516629, -0.10588375370136302, -0.11467475021210218] - [-0.07358801425165981, 0.5938081028069269, -0.22308090445319234, -0.24779642820060868] - [0.006286395023609645, 0.0054276503073029825, 0.011187518520060322, 0.016889142084885234]
B1: 0.005915758771735507 - -0.0012527990970077388 - 0.0017611953905925992 - 0.0008092109703513621
B2: -0.0038798098509517523 - 0.0063564250393005235 - 0.0012571110610163643 - 0.0012147154088604213
