Number: 7166
Error: 9.48105139331177e-16
A1: [0.08043171722679517, -0.1804677782120234, -0.019588824470037465, 0.11962500427666148] - [0.0374156226595283, 0.13359642880844594, -0.13472614361753804, -0.036285782455267146] - [-0.0017028370735812618, 0.22819009844637045, -0.12282840067954268, -0.10365892828042957] - [0.03886327632502278, -0.11448097677409627, -0.046416399526577785, 0.12203426982279392]
A2: [0.03530748296752682, -0.029273435780354403, -0.07569731200883582, 0.06966344951058431] - [0.10289374817538666, 0.28289669874865037, -0.3926063986648108, 0.006815993390921613] - [-0.011187194380255814, 0.5390144957348622, -0.3594511048344456, -0.16837656402643678] - [0.097862772611077, 0.017463289576841817, -0.16885103602325233, 0.05352485025537865]
B1: 4.185097035756754e-08 - -2.2627534527280448e-08 - -1.1198306469186959e-08 - 1.4997701471925658e-08
B2: 1.2624518021076174e-08 - 1.1339282936441441e-08 - -1.8916685156395957e-08 - 2.2655487105053162e-08
