Number: 5529
Error: 1.9422151161659688e-11
A1: [0.06621639144408775, -0.11394894169842801, -0.023980743048075685, 0.07172607251627082] - [0.037412409546264076, 0.1882027302572018, -0.14739931514605353, -0.07817737769903829] - [-0.06023927932762068, 0.32894128382679777, -0.12776280514968572, -0.14097796550681224] - [0.039022034692757, -0.05334558435732934, -0.03744193010954186, 0.0516719702239306]
A2: [-0.009116927097173225, -0.34681204479101485, 0.24944667121440475, 0.10644792363611512] - [0.08003790080753465, 0.03628018326504228, -0.050252216193195615, -0.06607408132428463] - [-0.0424599950416935, 0.23082397176463304, -0.040538935326941396, -0.14785577515140472] - [0.06812792733850356, -0.2934753958510877, 0.14176381289137638, 0.08355417846458424]
B1: -3.860263617600602e-06 - -1.820277108574222e-06 - -2.281083911127667e-06 - -2.447276958581943e-06
B2: 3.468375279483907e-06 - 1.9005317005907975e-06 - 2.0631041585812275e-07 - -1.7472861253934287e-06
