Number: 1885
Error: 5.577404380502281e-07
A1: [-0.0009624092938075369, -0.00866663563873542, 0.009511212063668917, 0.025852930644819503] - [0.06880853939336888, 0.19179596927717765, -0.14468132683354312, -0.1076577557254423] - [-0.11439520896907357, 0.4400002753045781, -0.07273802615719807, -0.2600773062107614] - [-0.02139264694577558, 0.01730956246723507, -0.027989732318394592, 0.04099567056619571]
A2: [0.13101286126898354, -0.22525750173693915, 0.022037764963473597, 0.06955506823628499] - [0.03317597854274281, 0.20428323268940338, -0.11435411811904538, -0.12092572134902796] - [-0.0954432619843308, 0.5547193581920902, -0.23598798030788695, -0.22637045019923266] - [-0.02018786458260448, -0.018700620542599584, 0.008690456548501048, 0.032752713038414455]
B1: -0.0002811667855823218 - -0.0004016467530627556 - -0.0004867279696573362 - 0.00017034709246646894
B2: -0.001520042783576662 - 0.0012930620338722058 - 0.000808043363574464 - -0.0004566930728840529
