Number: 7603
Error: 6.688597933424258e-16
A1: [0.08043172134136152, -0.18046777409793063, -0.01958882036040056, 0.11962500839075219] - [0.037415630809182664, 0.13359643695192822, -0.1347261354841227, -0.03628577431013022] - [-0.0017027817328931893, 0.22819015378586893, -0.12282834541989576, -0.10365887295451583] - [0.03886327017313034, -0.11448098290873053, -0.046416405674556314, 0.12203426367471958]
A2: [0.0353074233585346, -0.02927349555420585, -0.07569736868433267, 0.06966338712333393] - [0.10289371369484683, 0.2828966639754801, -0.3926064320139472, 0.006815957284781259] - [-0.011187127323423786, 0.5390145631916605, -0.3594510413636929, -0.16837649336630642] - [0.09786278028456642, 0.017463297285240716, -0.16885102871859925, 0.053524858310059535]
B1: 6.186617227917015e-09 - 1.0205711803148795e-08 - 1.8553205694198984e-08 - 1.4264810070311447e-08
B2: 1.2244181011574047e-08 - 1.4720225990612595e-08 - 1.7821659867626945e-08 - 1.2450446395719624e-08
