Number: 7844
Error: 8.773033797815819e-16
A1: [0.08043164291626341, -0.18046785251414826, -0.0195888986917133, 0.11962492997461882] - [0.03741557289336605, 0.13359637907994387, -0.13472619328452784, -0.036285832193858523] - [-0.0017028383904106861, 0.2281900971295584, -0.12282840199444969, -0.10365892959690783] - [0.038863178930299606, -0.1144810738955041, -0.046416496859235386, 0.12203417248860354]
A2: [0.03530731127439698, -0.02927360794833249, -0.07569747525263677, 0.06966326981527139] - [0.10289373358471834, 0.2828966840341679, -0.392606412776709, 0.00681597811236945] - [-0.011187039014726235, 0.5390146520270713, -0.3594509577774815, -0.16837640031246504] - [0.0978627875279058, 0.01746330456153222, -0.1688510218234017, 0.05352486591320349]
B1: 2.419032790949068e-09 - -4.503371783065265e-09 - 2.3465092650451835e-08 - 1.0708185305848359e-08
B2: -7.993426704818576e-09 - 5.180063009054763e-08 - -9.313935916641671e-10 - -6.60578901947944e-09
