Number: 5085
Error: 6.814420713782357e-16
A1: [0.06621331844008735, -0.11395194600711614, -0.02398381362913279, 0.07172300467842539] - [0.03740259101985209, 0.18819334926821504, -0.14740896753018654, -0.07818703093069489] - [-0.06022933678805459, 0.32895083329749686, -0.12775307588798662, -0.14096828859527188] - [0.039046223376959295, -0.05332262509320123, -0.03741852824326753, 0.051695182062784534]
A2: [-0.009108498106750414, -0.34680310306300605, 0.2494551686345525, 0.1064567613325676] - [0.08003978203142029, 0.0362822098576673, -0.050250160059993956, -0.06607200770109012] - [-0.042452925594284464, 0.230831773949776, -0.04053135928450956, -0.147847956355175] - [0.06813469152969662, -0.29346794827891437, 0.14177114608088026, 0.08356176263198545]
B1: 6.410740965037873e-08 - 2.7253137449013505e-08 - 2.2573983957052878e-08 - 2.1244725444261665e-08
B2: 5.805727857251763e-08 - 2.019543496087426e-08 - 1.403191290723066e-07 - -4.8964787879433086e-08
