Number: 7731
Error: 1.1609333361778385e-15
A1: [0.08043165104073717, -0.18046784439059385, -0.01958889057695109, 0.11962493809816652] - [0.0374155596825879, 0.13359636587916265, -0.13472620646898303, -0.03628584539731846] - [-0.0017028604017733382, 0.2281900751186662, -0.12282842397358304, -0.10365895160239509] - [0.03886320002149864, -0.11448105286349339, -0.046416475781472066, 0.1220341935666965]
A2: [0.03530739247981334, -0.029273526518330942, -0.07569739804346226, 0.06966335480544134] - [0.10289367415401032, 0.2828966240990636, -0.3926064702573468, 0.006815915879779764] - [-0.011187143903697752, 0.5390145465124957, -0.3594510570572962, -0.1683765108375029] - [0.09786276350116398, 0.017463280425498398, -0.16885104469532763, 0.05352484069297059]
B1: 1.5250459176933223e-09 - -1.1624278093927473e-09 - -8.865498294870122e-10 - 2.6615368163845393e-10
B2: -1.9771161965107734e-09 - -1.3435657906177845e-08 - -2.467791615433099e-09 - -2.1272474560749146e-09
