Number: 2478
Error: 7.625591222028172e-07
A1: [0.06674622591263689, -0.044603111892741715, -0.02017868748827819, 0.011119757587544011] - [0.04360183526344159, 0.1912038992700134, -0.1426430448894765, -0.09259105205789463] - [-0.11942452542376171, 0.4188259566819649, -0.10085577906406139, -0.1830928993134981] - [0.041445081405303015, 0.02359485689217227, -0.02871504650407472, -0.018667595890823428]
A2: [0.061341965632036456, -0.17576579468510348, 0.08420687494081971, 0.02189251204996718] - [0.030517979425774708, 0.20150800007498657, -0.10048571282734656, -0.12667035058698836] - [-0.09340971701489471, 0.5137131260904023, -0.22559702356309153, -0.1950833432995016] - [-0.025005941078680566, 0.019452866178474595, -0.04935827676049597, 0.05789168776631083]
B1: 0.0014595901958293495 - 0.00029114385968374704 - 0.0006888654409967887 - 0.00032610237562181104
B2: -0.000778765474884349 - 0.0007829129720655593 - -0.00015875013804939655 - 4.6618312306394836e-05
