Number: 8169
Error: 9.670056414152215e-16
A1: [0.08043169224574931, -0.1804678031902694, -0.019588849421263085, 0.11962497929844039] - [0.03741563102374506, 0.13359643716637373, -0.13472613526985697, -0.036285774095614766] - [-0.00170281312477723, 0.22819012239464906, -0.12282837676582059, -0.10365890433802391] - [0.038863247976709925, -0.11448100504286342, -0.046416427856838104, 0.12203424149209288]
A2: [0.03530727047680903, -0.029273648858736158, -0.07569751404259306, 0.06966322711631262] - [0.10289368763207186, 0.282896637691513, -0.3926064572215445, 0.006815929993283458] - [-0.011186952121423472, 0.5390147394385946, -0.3594508755308991, -0.16837630875017223] - [0.09786306300217383, 0.017463581288770607, -0.16885075958929377, 0.053525155071004596]
B1: -3.872158048196406e-08 - 2.2391132428106357e-08 - 2.813749453011857e-08 - -6.323101235066183e-08
B2: -2.4214174357317484e-08 - -1.3068101638331402e-08 - -1.71318251972215e-08 - -1.6967637021497366e-08
