Number: 6450
Error: 1.3975401929043815e-15
A1: [0.08043170185643124, -0.18046779358064646, -0.019588839822024307, 0.11962498890805313] - [0.03741560020518214, 0.1335964063710925, -0.13472616602714593, -0.03628580489717502] - [-0.001702808530090515, 0.22819012698924804, -0.1228283721778553, -0.10365889974456285] - [0.038863226140543515, -0.11448102681773761, -0.04641644967907406, 0.12203421966950795]
A2: [0.03530745220566873, -0.029273466627295342, -0.07569734125683515, 0.06966341731498485] - [0.1028937584816198, 0.28289670914234927, -0.3926063886967629, 0.006816004183051648] - [-0.011187084110371719, 0.5390146066624689, -0.35945100046159517, -0.16837644783120875] - [0.09786281443470982, 0.01746333159071695, -0.16885099620985983, 0.053524894156577726]
B1: 1.2089722597941345e-09 - 8.486036987991072e-09 - 1.9484957683728514e-09 - 3.3734046349254607e-09
B2: 8.050712199019046e-09 - 2.1178345018186154e-09 - 7.998051852367542e-09 - -7.710776751686105e-09
