Number: 4629
Error: 1.0179269625803714e-15
A1: [0.06621317711003599, -0.11395208417897283, -0.023983954848288976, 0.07172286358554689] - [0.037402601371423795, 0.1881933591584121, -0.14740895735382742, -0.07818702075342769] - [-0.060229493528818255, 0.3289506827565579, -0.12775322926533791, -0.14096844114769802] - [0.039046102610287854, -0.053322739720536284, -0.037418645081142524, 0.05169506617362101]
A2: [-0.009108596182810293, -0.34680320710621204, 0.24945506976493512, 0.10645665850520972] - [0.08003986096504276, 0.03628229489170428, -0.05025007379018122, -0.06607192069872284] - [-0.04245285520694637, 0.23083185163328185, -0.04053128385488013, -0.14784787850972533] - [0.06813483601486915, -0.2934677891948399, 0.14177130271639635, 0.08356192462611119]
B1: -8.112675091508922e-10 - 2.5100385821300794e-08 - -8.632879957923177e-09 - 2.7544864790735646e-08
B2: 1.2488513501576527e-08 - 9.328077078356304e-09 - 1.5890814684530838e-08 - 4.839824107609667e-09
