Number: 4209
Error: 7.861965523606298e-16
A1: [0.06621317028582714, -0.11395209085066259, -0.0239839616671131, 0.0717228567728259] - [0.03740261624911194, 0.18819337337303615, -0.14740894272791355, -0.07818700612620898] - [-0.06022937647544461, 0.32895079517994724, -0.12775311472374468, -0.14096832722235916] - [0.039046114237986713, -0.05332272868398855, -0.03741863383174635, 0.05169507733169334]
A2: [-0.00910854744145967, -0.3468031553992744, 0.24945511890078798, 0.10645670960792462] - [0.08003983908438847, 0.036282271319958, -0.050250097704523086, -0.06607194481610465] - [-0.04245285770692982, 0.23083184887405395, -0.040531286534148246, -0.14784788127474802] - [0.06813482466977541, -0.2934678016861642, 0.14177129041754394, 0.08356191190627181]
B1: 3.7713576777790896e-08 - 3.287209922298636e-09 - -1.206073870197624e-08 - 2.3416021911070715e-08
B2: 1.2443154476847834e-08 - 1.966929986914815e-08 - 2.0156452671191003e-09 - -3.4285576883298614e-09
