Number: 6599
Error: 9.224914203557854e-16
A1: [0.08043168180785625, -0.18046781362695088, -0.019588859846626963, 0.11962496886176789] - [0.03741559785918996, 0.1335964040268762, -0.1347261683684636, -0.03628580724186779] - [-0.00170284126191143, 0.22819009425812495, -0.12282840486175166, -0.10365893246764826] - [0.038863246005237474, -0.11448100700879131, -0.04641642982703811, 0.12203423952185562]
A2: [0.03530743725668772, -0.02927348161762326, -0.07569735547012992, 0.06966340166924892] - [0.10289374242899739, 0.2828966929534859, -0.3926064042226461, 0.0068159873736049524] - [-0.011187098485373349, 0.5390145922017258, -0.3594510140678407, -0.16837646297865716] - [0.09786280475429426, 0.01746332186626831, -0.1688510054249851, 0.05352488399528848]
B1: 2.9265195421361773e-09 - 1.6718935324586415e-09 - 3.8247730923838255e-09 - 3.6716682012679953e-09
B2: 1.4896959792861206e-09 - 9.824255324954182e-09 - -1.2808725549995686e-08 - 1.3536628713753433e-08
