Number: 2633
Error: 9.560404487958552e-08
A1: [0.06239522561876208, -0.0489056622791983, -0.02447184259160218, 0.006827180129731128] - [0.04379239534020292, 0.19139597261201308, -0.14243002748320305, -0.09236826106808732] - [-0.12464197775571301, 0.4136743279206994, -0.1060525556455513, -0.18825970835301398] - [0.03577950835433432, 0.017945283289691666, -0.03435144631731251, -0.024263490827076212]
A2: [0.06359476788639899, -0.17353597157688092, 0.08648211380453465, 0.024111546583770366] - [0.02954635778857226, 0.2005514147039098, -0.1014549510498931, -0.12762232042385982] - [-0.09332584799596083, 0.5137650666500045, -0.2255238751341558, -0.19501650111839583] - [-0.02555071853445589, 0.01889840784623889, -0.049915749141685214, 0.05734312907270371]
B1: 0.0004923927641308106 - 0.00026400492321452206 - 0.0002791850746569017 - 8.176638453444929e-05
B2: -9.640694664102761e-05 - 0.00039858069118416415 - -0.00012031827653076647 - -0.0001179443033173101
