Number: 7652
Error: 3.307383313663587e-16
A1: [0.08043169127817096, -0.1804678041577159, -0.01958885038763368, 0.11962497833100205] - [0.0374156212320739, 0.1335964273820681, -0.13472614504213748, -0.036285783881926915] - [-0.001702795094543892, 0.2281901404245034, -0.12282835876197624, -0.10365888631259662] - [0.03886324107596081, -0.11448101192424248, -0.04641643475317379, 0.12203423459564114]
A2: [0.035307532635358276, -0.02927338597514312, -0.07569726478522829, 0.0696635014932851] - [0.10289383510302676, 0.28289678641405025, -0.39260631458949286, 0.0068160844168113285] - [-0.011187268361333198, 0.5390144213125367, -0.35945117485926975, -0.16837664198273306] - [0.09786273771892467, 0.017463254525986634, -0.16885106923837165, 0.0535248136300353]
B1: 1.8164542438604976e-08 - 5.952784544803614e-08 - 2.661390051236073e-08 - 3.7063928136346116e-08
B2: 3.125306726526584e-08 - 3.257597370590424e-08 - 4.805148359180928e-08 - 2.7998962082478165e-08
