Number: 6894
Error: 9.43880540423143e-16
A1: [0.08043166537574825, -0.18046783005719727, -0.019588876259087607, 0.11962495243153635] - [0.03741558015345509, 0.1335963863345425, -0.13472618603891962, -0.036285824937795114] - [-0.001702831176278671, 0.22819010434354003, -0.1228283947908851, -0.10365892238470688] - [0.038863221254684485, -0.11448103168988358, -0.04641645456182073, 0.12203421478668483]
A2: [0.03530754065754476, -0.029273377930773916, -0.07569725715791632, 0.06966350988946433] - [0.10289374398515005, 0.28289669452284666, -0.3926064027175578, 0.006815989003126518] - [-0.011187100454551777, 0.5390145902207958, -0.3594510159317023, -0.1683764650536607] - [0.09786284044492952, 0.017463357719246425, -0.16885097144980935, 0.05352492145883486]
B1: -1.9037391184595703e-08 - 1.9504883005107715e-08 - -3.471766057480428e-08 - -9.132929410643371e-09
B2: -1.4138120347976293e-08 - -8.676626100959224e-09 - -2.3630592615614026e-09 - -8.126707853903291e-09
