Number: 1957
Error: 9.0046784301947e-06
A1: [0.01060692104455445, 0.0033314907352052178, 0.021680312600651928, 0.03798177469826221] - [0.0520945964209298, 0.17569803480058332, -0.16201224678614287, -0.12633525572857215] - [-0.1145777539675309, 0.4398082631210523, -0.07301608038594044, -0.2602399651178009] - [-0.04660244454476373, -0.00773261833773339, -0.05407278832329178, 0.014195629080070968]
A2: [0.13408399131002874, -0.22264047992007413, 0.0245641494245951, 0.07180478906274336] - [0.03530455521278885, 0.2064255960914992, -0.11225063441056472, -0.11888167546908422] - [-0.08408165047424657, 0.5657726302987287, -0.22500599407303898, -0.2154108871410669] - [-0.012729035972430672, -0.011541599473274223, 0.015879390576445433, 0.03961194574498004]
B1: 0.0028621102758620382 - 0.0034623501152818755 - -2.5822339364442795e-05 - 0.00025739150058033255
B2: 0.0038355166221045916 - 0.011449328511984538 - -0.004465588796983061 - -0.009683260163952052
