Number: 257
Error: 6.660474936282066e-08
A1: [-0.012050623996515018, -0.014413450671505335, 0.01820003733857465, 0.00869278956277095] - [0.06537523991276485, 0.18905261363658396, -0.14579806027451883, -0.11052038028753246] - [-0.09554779496130199, 0.42250600460881904, -0.052645403082777466, -0.27116650529906616] - [-0.002379169015900088, -0.01923608216250097, -0.004958754125892926, 0.022155221229091766]
A2: [0.16063555794527196, -0.16868690160611816, 0.00757059598823457, -0.0032597509819345563] - [0.03605942062844729, 0.2080814669618694, -0.11663888863332104, -0.12523074224210384] - [-0.08655822268744782, 0.5812002478621116, -0.2357273402869722, -0.2602735171213405] - [-0.004348035196111962, -0.00502354239096369, 0.0006020151837669822, 0.006752103134455455]
B1: 0.00039547666633750706 - 0.0004418537713457561 - 2.096310443424887e-05 - 0.00030235853379343477
B2: -0.0012946524052494597 - 0.0010545598877359486 - 0.000634396250510872 - -0.00012777222467011542
