Number: 7246
Error: 9.775434873313639e-16
A1: [0.08043168745794418, -0.18046780797750248, -0.01958885420329205, 0.11962497451121104] - [0.03741558844378201, 0.13359639461859688, -0.134726177765106, -0.03628581665205881] - [-0.0017028415107419052, 0.2281900940093016, -0.1228284051102104, -0.10365893271640754] - [0.03886323393288297, -0.11448101904726726, -0.04641644189170288, 0.12203422745700196]
A2: [0.03530739392490634, -0.029273525069252522, -0.07569739666945674, 0.06966335631785349] - [0.10289384081670905, 0.2828967921762242, -0.39260630906331584, 0.006816090399898593] - [-0.01118701599511515, 0.5390146751839852, -0.35945093598897654, -0.16837637605584524] - [0.0978628160924741, 0.01746333325601928, -0.16885099463176845, 0.05352489589667813]
B1: -1.8777921739053223e-08 - 3.300005771483106e-08 - 2.814385471613493e-08 - 1.7371272296369199e-09
B2: 1.6081209869366897e-08 - 1.622669665260141e-08 - 9.114123941958372e-10 - 1.7597821393663286e-08
