Number: 4009
Error: 8.99471248178811e-16
A1: [0.06621318240973356, -0.1139520789976866, -0.02398394955271827, 0.07172286887638396] - [0.037402578399351266, 0.18819333721016157, -0.14740897993713478, -0.0781870433387129] - [-0.060229359353901876, 0.32895081162422707, -0.12775309796961776, -0.1409683105583598] - [0.039046201317618996, -0.05332264603131074, -0.03741854958512456, 0.05169516089424324]
A2: [-0.009108544275375649, -0.3468031520405638, 0.2494551220925059, 0.10645671292739095] - [0.08003981691726392, 0.03628224743961112, -0.05025012193193258, -0.0660719692492378] - [-0.04245288337197582, 0.2308318205484867, -0.040531314037843776, -0.14784790965935363] - [0.06813480983552098, -0.29346781801932, 0.14177127433579767, 0.08356189527434553]
B1: 1.6195627581620022e-08 - 6.672305239535722e-09 - -1.57574515860871e-08 - 2.0923066720445855e-08
B2: 7.871770401114932e-09 - -1.9000553401783824e-08 - 3.6344917359500106e-09 - 1.9632956981656556e-08
