Number: 4191
Error: 8.49865706641172e-16
A1: [0.06621317678900589, -0.11395208449280787, -0.023983955169037046, 0.07172286326509113] - [0.03740261623983097, 0.18819337336416894, -0.1474089427370373, -0.07818700613533357] - [-0.06022938565377788, 0.3289507863646634, -0.12775312370512146, -0.14096833615542853] - [0.0390461139435782, -0.05332272896343082, -0.03741863411657795, 0.05169507704917527]
A2: [-0.009108443925929102, -0.3468030455854811, 0.2494552232538695, 0.10645681813830327] - [0.08003983808939447, 0.036282270248064394, -0.05025009879199488, -0.06607194591281049] - [-0.04245283454762268, 0.23083187443410164, -0.04053126171572136, -0.14784785566143224] - [0.06813483299064903, -0.29346779252452027, 0.14177129943817401, 0.08356192123550896]
B1: 4.2418340215285575e-10 - 2.241257302869526e-10 - -1.9653251518482186e-08 - 8.252666219815496e-09
B2: -3.4261955611420875e-10 - 4.908191032935923e-09 - -6.5814183455082915e-09 - -1.5097632811886945e-08
