Number: 5164
Error: 9.006240196079157e-16
A1: [0.0662131669801619, -0.11395209408246651, -0.02398396497020956, 0.07172285347266966] - [0.03740254339858318, 0.18819330376931884, -0.1474090143455401, -0.07818707775019121] - [-0.060229522946101254, 0.32895065450262245, -0.12775325805141022, -0.140968469778916] - [0.039046170689519315, -0.053322675102180105, -0.037418579216672375, 0.05169513150324851]
A2: [-0.00910864003868313, -0.34680325363019066, 0.24945502555413998, 0.10645661252501092] - [0.08003984184639402, 0.03628227429546184, -0.05025009468568583, -0.06607194177171088] - [-0.04245279554959248, 0.23083191747468823, -0.0405312199238217, -0.1478478125310922] - [0.0681347951508571, -0.293467834187891, 0.14177125841581584, 0.0835618788100431]
B1: -6.2320637989436e-08 - -2.79799484814894e-08 - -2.244326474211027e-08 - -2.970971137555714e-08
B2: -2.119193747450789e-08 - 3.3544685912359797e-08 - -9.678610903561348e-08 - -3.3770922139046553e-09
