Number: 8268
Error: 7.227195182294036e-16
A1: [0.08043169510583276, -0.18046780033050608, -0.019588846564608083, 0.11962498215819148] - [0.0374156302813558, 0.1335964364245485, -0.13472613601074573, -0.03628577483757507] - [-0.0017028144958189844, 0.22819012102363312, -0.12282837813485502, -0.10365890570870383] - [0.038863249346680694, -0.11448100367673304, -0.046416426487747554, 0.1220342428612096]
A2: [0.03530747491058089, -0.02927344385953363, -0.07569731966920103, 0.06966344107804388] - [0.10289368973298861, 0.2828966398102689, -0.3926064551895639, 0.0068159321932562] - [-0.01118706094421006, 0.5390146299667343, -0.3594509785342262, -0.1683764234203344] - [0.09786280566755726, 0.01746332278365767, -0.1688510045556039, 0.05352488495389261]
B1: -2.4248126719503925e-08 - -3.1472673103185152e-09 - -1.9293729128640717e-08 - 3.079262612351232e-09
B2: -9.609643070290884e-09 - -1.6053709328404725e-10 - 8.62192133587191e-09 - -1.5260305559470817e-08
