Number: 8855
Error: 5.5818103143989606e-06
A1: [0.07786415244534439, -0.18295276293866147, -0.023697919983365574, 0.11739350799254207] - [0.032429252955859474, 0.1286798758751189, -0.1407343895284078, -0.04108319544096181] - [-0.009156722910540325, 0.22074453386150397, -0.13064880846273852, -0.11111599267009117] - [0.04001993439103798, -0.11313749138003731, -0.04705713062164839, 0.12360087224007431]
A2: [0.05800352792466604, -0.006660060394274711, -0.053989232184074226, 0.0934380390984218] - [0.08775648919199111, 0.26771269658048324, -0.4067407368617739, -0.009099215755293967] - [-0.010706513536377058, 0.5387919287747202, -0.35970050131696885, -0.1676879403073862] - [0.1215549863404656, 0.041319388531389833, -0.1458822481457752, 0.07836199437800791]
B1: 0.0014099778816611158 - -0.004626844421044577 - 0.008994807772162404 - 0.0006718231996251049
B2: 0.003609701697273899 - 0.0022967013082335038 - -0.005077248124732932 - 0.004526126399682751
