Number: 8086
Error: 9.220061954598549e-16
A1: [0.08043170745526206, -0.18046778798245547, -0.019588834229895474, 0.11962499450624343] - [0.03741555396611324, 0.13359636016702256, -0.13472621217401798, -0.03628585111060612] - [-0.00170281282453409, 0.22819012269489153, -0.12282837646600672, -0.10365890403785394] - [0.03886323238965449, -0.11448102058616842, -0.046416443433946714, 0.12203422591473498]
A2: [0.03530740722556717, -0.029273511731801614, -0.0756973840233785, 0.0696633702384552] - [0.10289375366820583, 0.28289670428809427, -0.3926063933522032, 0.0068159991426847265] - [-0.01118705119999929, 0.5390146397690935, -0.3594509693111102, -0.1683764131525185] - [0.09786278199076395, 0.01746329899918463, -0.16885102709441605, 0.05352486010101559]
B1: -2.3934253133015843e-08 - 1.0605059273532054e-08 - 1.5893752069834098e-08 - 1.48224917860252e-08
B2: 1.891538404751019e-08 - -2.2822913819873442e-08 - 5.202420853533448e-09 - 4.7697781802382386e-09
