Number: 7965
Error: 1.1028757726547698e-15
A1: [0.08043168972423742, -0.18046780571147755, -0.019588851939716673, 0.11962497677724296] - [0.03741554179798214, 0.1335963480081039, -0.1347262243179135, -0.03628586327200044] - [-0.001702808742594575, 0.22819012677674363, -0.12282837239004162, -0.1036588999570032] - [0.03886323174367539, -0.11448102123034062, -0.04641644407951293, 0.12203422526915543]
A2: [0.03530752413586295, -0.029273394498148003, -0.07569727286638264, 0.06966349259758246] - [0.10289373418887551, 0.28289668464344175, -0.39260641219237447, 0.006815978745002543] - [-0.011187195637411424, 0.5390144944702042, -0.359451106024481, -0.1683765653510205] - [0.09786278778658901, 0.01746330482137571, -0.1688510215771552, 0.05352486618473328]
B1: 2.5710023835573135e-08 - -1.5034345248231626e-08 - -4.0168374141368846e-08 - -1.4169791046340916e-08
B2: 3.8692838945242655e-09 - -4.0567675572346616e-08 - 4.032807300967068e-09 - -5.464872732220392e-11
