Number: 5844
Error: 2.3783678536495913e-07
A1: [0.08087571454755621, -0.18003941457034045, -0.019133845965010745, 0.12007411060026744] - [0.04073999775819069, 0.1369076509713142, -0.13140687575030247, -0.032963297624562106] - [-0.0024182784806327613, 0.22746723544704767, -0.12353229867232113, -0.10436903727303508] - [0.037238077092262005, -0.1161147639957727, -0.04801968463651749, 0.12042093088976703]
A2: [0.0337525072715834, -0.030839991387624888, -0.07716929535971766, 0.06804773560548254] - [0.09463145781980882, 0.2745300428496956, -0.40060111414573035, -0.0018155603966720773] - [-0.00871272639734927, 0.5415147715092331, -0.35709991916483974, -0.1657698939444306] - [0.09836162331886619, 0.01796696484612448, -0.1683698114276901, 0.05405161599587106]
B1: 0.0004687613917307309 - -0.0007553498853451322 - -0.0003312097955392416 - 0.00010782532241867973
B2: 0.00023347851444556825 - -0.0002594277301378086 - -0.0005904944676253438 - 9.367092413578582e-05
