Number: 9036
Error: 0.0001520745928833083
A1: [0.09524547172168778, -0.1298134082055144, 0.013047068474554262, 0.1570858638148963] - [0.008085882614509978, 0.1274277533124306, -0.11363689106133379, -0.022907755186061002] - [-0.016936365486143946, 0.22897870744030765, -0.11238543905070252, -0.07716109978517496] - [0.03363901683678043, -0.09694761735127935, -0.0387385434482945, 0.12820753326915427]
A2: [0.11349715851904671, -0.037335646700146226, -0.08141757539190472, 0.14590944072279052] - [0.2295440360303307, 0.3499313693142197, -0.30513123607282194, 0.14934262612345714] - [0.07973891632851972, 0.5126327086333646, -0.3433259766589697, -0.07559441464681277] - [0.20300463250862297, 0.01727724763757711, -0.14412476533683677, 0.16593237529390548]
B1: -0.02143453538442726 - -0.0038448082227530572 - -0.0022590857496581195 - -0.01929030642517706
B2: -0.006370999242838529 - -0.01070265451283987 - -0.015251910064070697 - -0.013845741652286941
