Number: 1946
Error: 2.035860762790065e-05
A1: [0.0015358639532001023, -0.00604190057304475, 0.011977269481195174, 0.028351186119139223] - [0.06781610639169397, 0.19080582485982323, -0.14572610611556017, -0.10886139203140154] - [-0.11047850859139959, 0.44372471516284895, -0.06892975987704515, -0.2559804225797614] - [-0.02561978599916592, 0.013062201458263015, -0.032587735278957926, 0.03641105132863926]
A2: [0.1274472905889176, -0.229059619442257, 0.018275485637128927, 0.06582689479161426] - [0.0343314705431997, 0.205461992924809, -0.11321048511109146, -0.11980771892454385] - [-0.09687327138888542, 0.5531968803776891, -0.23744888001574935, -0.22778029460088606] - [-0.018207940133244692, -0.016937967620743632, 0.01055423845849711, 0.03456434022579691]
B1: 0.003409962239105705 - 0.0005865017031316056 - -0.00046201988847736127 - 0.0011378392125659539
B2: -0.00331547521279633 - 0.001819778685263437 - -0.0049232110509564294 - -0.006704300829850964
