Number: 9299
Error: 3.8299926170223914e-10
A1: [0.05301252912968477, -0.14816134819049973, -0.0271588643018896, 0.12166772562835047] - [0.005233900569104309, 0.1307568094654292, -0.11368050759051243, -0.022629671543624746] - [-0.01468225161938652, 0.2228537612142204, -0.12727874583168175, -0.08184378959224721] - [0.02704501099381622, -0.10012147774584816, -0.049526130483223386, 0.12219642807566561]
A2: [0.08922585042641941, -0.0729418546975741, -0.12365540652062139, 0.10725743762806926] - [0.10882572385903913, 0.2497982146050128, -0.40486099271202336, 0.04617321695613773] - [0.03668077254521887, 0.4625997485009476, -0.3776737052505602, -0.12142796367099443] - [0.1434133800249571, -0.04461963703334424, -0.20151227847912845, 0.10266659846358535]
B1: -3.8999271637783e-05 - -5.024071061292837e-05 - -8.135569869717664e-06 - -1.3375420296720458e-05
B2: -2.1079017166844338e-05 - -4.5650203718938594e-05 - 5.155914028810837e-06 - -2.3646143198761778e-05
