Number: 9541
Error: 6.036805176911338e-14
A1: [0.05317272270956691, -0.14800109835237216, -0.026998874943050748, 0.12182799464937909] - [0.005313861038787822, 0.13083683561456674, -0.11360060259230648, -0.022549621962156274] - [-0.014443891106834849, 0.22309220650178893, -0.12704059460057632, -0.0816053473259603] - [0.027147679479291024, -0.1000188186720363, -0.049423286454868355, 0.12229934287152928]
A2: [0.08925423341806246, -0.07291359768621128, -0.1236276435673299, 0.10728615234505368] - [0.10884186407343605, 0.24981431640769192, -0.4048451569493041, 0.04618961762092485] - [0.03663551549707958, 0.46255470515398983, -0.3777178563621816, -0.12147368828009969] - [0.14342613483127134, -0.04460692058393047, -0.2014998268120316, 0.10267955968893033]
B1: -2.641747048251495e-07 - -3.478254619380464e-07 - -4.899260734028654e-07 - -3.651764493023603e-07
B2: -3.06367502972353e-07 - -2.0148757472927755e-07 - -1.631437936071602e-07 - -6.145812441421663e-07
