Number: 1315
Error: 6.994865762130998e-09
A1: [-0.007185408795790526, -0.014991521173441238, 0.002999933760633367, 0.019456871449158846] - [0.06657226188323162, 0.18963952396381742, -0.14699828090449543, -0.11014542398693238] - [-0.11242897627412525, 0.4419392356956458, -0.07062585888658286, -0.25793054286101746] - [-0.02334060922208544, 0.01537267691772859, -0.02990451853216872, 0.0389418837596894]
A2: [0.13169575287041016, -0.22452098593148667, 0.02277481541773901, 0.07026784717101764] - [0.03257577580734662, 0.20367984416284068, -0.11495859693957838, -0.12152642497149509] - [-0.09441517922166373, 0.5557445800185089, -0.2349981155826343, -0.22543097338769658] - [-0.020803639576888196, -0.019252916946506434, 0.00814200332277044, 0.03220455159480997]
B1: -4.230014003157481e-05 - 3.7894340003593964e-05 - 0.00011203574756860834 - -6.12295913347141e-05
B2: -3.147005926825148e-05 - -0.00011815258611315713 - -5.3344083976254007e-05 - -6.878877913179176e-05
