Number: 7041
Error: 1.2967153431100235e-15
A1: [0.08043169650249496, -0.1804677989339758, -0.01958884516955612, 0.11962498355472898] - [0.03741559593966423, 0.1335964021088042, -0.1347261702841623, -0.03628580916032993] - [-0.001702810949331727, 0.22819012457005497, -0.12282837459355482, -0.10365890216315868] - [0.0388632342078028, -0.11448101877311559, -0.04641644161695494, 0.12203422773175328]
A2: [0.035307430498125514, -0.029273488394877308, -0.07569736189608195, 0.06966339459568024] - [0.10289372738043472, 0.2828966777772094, -0.39260641877742014, 0.0068159716155694276] - [-0.011187110846545554, 0.5390145797668121, -0.359451025767953, -0.16837647600407418] - [0.09786279688458638, 0.017463313960762936, -0.16885101291643556, 0.05352487573465518]
B1: 5.390732119399874e-11 - -6.9981180142220625e-09 - -2.3398282327266954e-09 - -8.217683285829793e-10
B2: -1.8074851108763593e-09 - -3.862642797232945e-09 - 5.111250487592624e-09 - -7.651944745802202e-09
