Number: 7271
Error: 1.0272378041138762e-15
A1: [0.08043169038499189, -0.18046780505078547, -0.019588851279743337, 0.11962497743792487] - [0.037415593582049246, 0.13359639975297624, -0.1347261726370757, -0.03628581151663727] - [-0.0017028165598952849, 0.22819011895961538, -0.12282838019589641, -0.10365890777222] - [0.038863238093543445, -0.11448101489828212, -0.046416437733692535, 0.12203423161507715]
A2: [0.03530751582802596, -0.02927340282896876, -0.07569728076548073, 0.06966348390264278] - [0.10289368620978959, 0.28289663625714845, -0.3926064585971357, 0.006815928503904864] - [-0.011187160148735966, 0.5390145301705571, -0.3594510724335686, -0.16837652795548858] - [0.09786281554270293, 0.017463332703747322, -0.16885099515511579, 0.05352489531959787]
B1: 1.777178687003835e-08 - -2.946234107271002e-08 - -2.965791272638498e-08 - -9.855499919284903e-10
B2: -1.1578603512079176e-08 - -1.195063665303584e-08 - -1.2443997373919956e-08 - -1.2370545222516645e-08
