Number: 5451
Error: 6.0711926588731345e-15
A1: [0.06621315784792922, -0.1139521030106467, -0.023983974095336508, 0.07172284435571553] - [0.03740255008320282, 0.1881933101560702, -0.14740900777402446, -0.07818707117809184] - [-0.06022945902150195, 0.32895071589817393, -0.1277531954986941, -0.14096840756246495] - [0.039046140433445294, -0.053322703820076665, -0.03741860848829666, 0.05169510246930511]
A2: [-0.009108524262430012, -0.3468031308098671, 0.2494551422668191, 0.10645673390994845] - [0.08003930443953787, 0.03628169535520334, -0.05025068203944216, -0.06607253411303003] - [-0.04245301381665547, 0.23083167658262502, -0.04053145382710482, -0.14784805392521172] - [0.0681345743251315, -0.2934680773256086, 0.14177101901986022, 0.08356163122489578]
B1: -5.628901210469454e-08 - 1.1771178106741042e-07 - 7.886501430938136e-08 - 8.745830141396024e-08
B2: 5.708581018872433e-08 - 8.261175660892866e-08 - -6.136046231031005e-08 - 5.953183172717705e-09
