Number: 362
Error: 3.335542010163906e-10
A1: [-0.01202621624651026, -0.01438654137190189, 0.018227856237121833, 0.008719010566865925] - [0.06588049542967113, 0.18953879933083692, -0.1452757766041712, -0.1099581682352041] - [-0.09628182454377297, 0.4217969645334432, -0.05344512188576543, -0.2720226297425235] - [-0.0012965193567212518, -0.018195219924261444, -0.0038085130723740524, 0.02340561546194943]
A2: [0.16160715527797315, -0.16773473118299903, 0.008521352339910483, -0.0023131543069170846] - [0.035485772657752435, 0.20751676846978026, -0.11721037687815314, -0.1257919822991928] - [-0.08619063954176594, 0.5815605527177388, -0.2353664452263561, -0.25991324170296] - [-0.0038434486806293864, -0.0045276296566549605, 0.001101867393575054, 0.007235281604454303]
B1: -1.3557225247078333e-05 - 3.18387033671395e-05 - 1.442577983988589e-06 - 8.557982619577852e-07
B2: -5.391421708612212e-05 - 1.2245813982810787e-05 - 3.137242793244809e-05 - 8.086228302143624e-06
