Number: 9694
Error: 1.002575130073102e-14
A1: [0.05317221330215894, -0.14800160793811726, -0.026999383788153898, 0.12182748498148885] - [0.005313246821837425, 0.13083622077680218, -0.1136012166971146, -0.02255023703815113] - [-0.014444588050858131, 0.22309150931406013, -0.1270412909832976, -0.08160604451303591] - [0.02714623868117257, -0.10002025945277485, -0.04942473028168876, 0.12229789842650977]
A2: [0.0892550522386413, -0.0729127807386815, -0.12362684317668722, 0.10728698129473323] - [0.10884194057963029, 0.24981439292903318, -0.40484508194719027, 0.046189695432217535] - [0.03663567811810727, 0.4625548669270249, -0.37771769769465485, -0.12147352395530608] - [0.14342728010125555, -0.044605779576007545, -0.20149870855295282, 0.10268072195995848]
B1: 7.666918356341298e-08 - 1.7645822347362786e-08 - -2.947812506302199e-08 - -6.264388206764859e-08
B2: -1.825640221419806e-07 - -4.0450210492159047e-08 - 8.450740086720734e-08 - -1.3918356051814827e-07
