Number: 1547
Error: 1.243298840998202e-08
A1: [-0.007401046319889576, -0.015209462654519704, 0.002774713860874444, 0.019235084909833285] - [0.06706490215115815, 0.19011351411894312, -0.14648899825957734, -0.10959741107767726] - [-0.11253323956475478, 0.4418360196714507, -0.07073541155041684, -0.25804328412777255] - [-0.02256497474903938, 0.0161343549024623, -0.029113604027332103, 0.03976091997568861]
A2: [0.13169680969222047, -0.2245198415707484, 0.022775308745052274, 0.07026912782720385] - [0.03274951604250164, 0.20385073719362545, -0.11478539542611357, -0.12135655132794508] - [-0.09473721029944018, 0.5554266860016513, -0.23531527476246583, -0.22574821756963134] - [-0.020776487424660497, -0.019225711706948704, 0.008167937163921014, 0.03223066433634441]
B1: 2.1648625205689432e-05 - -5.2841392302491224e-05 - -9.286429273260919e-06 - 3.238754225193651e-05
B2: -0.00018009781723837788 - 0.00015788172908773573 - -0.00012671386625290676 - 0.00019028955772356374
