Number: 2727
Error: 2.2968705364691475e-08
A1: [0.06305768669940824, -0.0482481368020112, -0.02381736472815669, 0.007481498669725701] - [0.04349046760257665, 0.191105186780697, -0.14274093053251502, -0.09270066979806846] - [-0.12299800969851821, 0.4153076100049223, -0.10440741039406101, -0.18662229704752561] - [0.037095791058535874, 0.019260052052671582, -0.03303921963837768, -0.02295905478873522]
A2: [0.06371185078777426, -0.17341593237088102, 0.08659681396859957, 0.024226874175412222] - [0.0295195606779307, 0.20052481599427302, -0.10148109251661797, -0.12764830696793736] - [-0.092887796386598, 0.5141950155631304, -0.22508310512744215, -0.194592081228318] - [-0.0253745480493635, 0.01907124195459425, -0.04973633895130997, 0.057515499938008106]
B1: 8.336066531093684e-05 - 0.00021866948977184727 - 0.00013099311094669742 - 0.00011406845360141307
B2: -0.00011357752506657064 - 8.553706611737894e-05 - -1.9871591213742486e-05 - 0.00010384962487049992
