Number: 2946
Error: 3.308821530966678e-08
A1: [0.06354525993610574, -0.047760583468303135, -0.023333053991023513, 0.00796500327933481] - [0.04432636107449494, 0.19191282568253193, -0.14187964707284664, -0.09177976673421728] - [-0.1237109976437931, 0.4145964960480201, -0.10512685519651634, -0.1873389265437888] - [0.036814367281116735, 0.018978330987055623, -0.033322920960922355, -0.023240595757469326]
A2: [0.06423840336176012, -0.1728945606120462, 0.08711501718460896, 0.02474097185964454] - [0.0291435788939153, 0.20015421067526487, -0.10185635593379808, -0.12801672269160844] - [-0.09397699825689368, 0.5131245092569179, -0.226173155875705, -0.19564638077928245] - [-0.026031297029861084, 0.018415253014691622, -0.05039134315494239, 0.056877478456633]
B1: 0.0004057573933897564 - -0.00019315451571744289 - -0.0002476717455717608 - -3.05397231781474e-05
B2: 0.00019213851916561678 - 4.7024972791272356e-05 - 3.3833278658425313e-05 - 5.1646153481364363e-05
