Number: 4257
Error: 6.564674924451238e-16
A1: [0.06621321136663369, -0.11395205068787309, -0.023983920618539472, 0.07172289778468972] - [0.03740261744569875, 0.1881933745162928, -0.1474089415515768, -0.07818700494976616] - [-0.060229356774014614, 0.3289508141020808, -0.127753095445096, -0.14096830804739255] - [0.039046178158370776, -0.05332266801316315, -0.037418571990905404, 0.05169513867039409]
A2: [-0.009108689226876793, -0.3468033058114135, 0.24945497596818955, 0.10645656095365807] - [0.08003987972159672, 0.03628231509787101, -0.050250053290372076, -0.06607190002482048] - [-0.04245285042036944, 0.23083185691595687, -0.040531278725577886, -0.14784787321607998] - [0.06813470312689988, -0.2934679355101442, 0.1417711586533714, 0.08356177563426005]
B1: 1.2574873621960862e-08 - 1.2546885539256506e-08 - -5.4657100034774716e-09 - -1.5339949071834698e-08
B2: -2.25071405447626e-09 - -2.2051576962829268e-08 - 1.7702416466945542e-08 - 3.3715749790773997e-08
