Number: 25
Error: 0.0016427724466640645
A1: [-0.013577250078626618, -0.01193977109529869, 0.01183301956068183, -0.0037393268189156023] - [0.12254069555759803, 0.25709317652518165, -0.09963285675589055, -0.08930095480470296] - [-0.13688540463028687, 0.3793368071433918, -0.09782380911864973, -0.3066051525018042] - [0.13681814644484733, 0.12745542987134062, 0.14087710336429454, 0.16229585667275478]
A2: [0.4622116397443116, 0.12932096393244544, 0.2985673495549288, 0.2927551573007335] - [0.1657281430724084, 0.33268463168151663, 0.004961096136011034, -0.003633445145288787] - [0.26665018113503186, 0.9343770154356908, 0.10527274504969879, 0.0896228135495277] - [0.6032993311324354, 0.6041394693042407, 0.6005381995876925, 0.5946878453723132]
B1: 0.0460135447780741 - 0.44765977910930266 - -0.0631423091246156 - -0.07006328900855405
B2: 0.056236871329269335 - 0.5361374423072169 - -0.047636624877219445 - -0.050669460391998516
