Number: 408
Error: 2.9548034738625745e-11
A1: [-0.012160983469783785, -0.014524963781126787, 0.018078895815457602, 0.008574988260135414] - [0.06582910572924175, 0.18948936447203116, -0.14532890778082402, -0.1100153856761547] - [-0.09630966798438914, 0.4217700532552989, -0.05347533847845535, -0.2720550665959162] - [-0.0013452241885441416, -0.01824205925742997, -0.0038603625688083945, 0.023349323187408438]
A2: [0.16157222735948643, -0.16776899479263682, 0.00848713264015181, -0.002347198489788158] - [0.03548005145705252, 0.20751114083897573, -0.11721607254324287, -0.12579757837058297] - [-0.08620904280912424, 0.5815425309814491, -0.2353843466158937, -0.2599311788738902] - [-0.003854987911972798, -0.004538977252027998, 0.0010904418307764417, 0.007224238829210006]
B1: -7.192835832005265e-07 - -5.509931591143472e-06 - 1.0197619645686566e-05 - -1.3678925965978849e-06
B2: 1.7989364709086556e-06 - -1.1585951432805565e-05 - -2.437634859508932e-06 - -1.7531279731138911e-06
