Number: 6597
Error: 8.911821142207e-16
A1: [0.08043168158933178, -0.1804678138454506, -0.01958886006489015, 0.11962496864326838] - [0.037415594466035, 0.13359640063628936, -0.1347261717548576, -0.036285810633143144] - [-0.001702834973366505, 0.22819010054653582, -0.12282839858241415, -0.10365892618078162] - [0.038863241044709104, -0.11448101195539857, -0.046416434784405575, 0.1220342345644103]
A2: [0.03530743499671836, -0.02927348388384343, -0.07569735761887925, 0.06966339930394512] - [0.10289374138004533, 0.28289669189563127, -0.39260640523717866, 0.006815986275198646] - [-0.011187101133180775, 0.5390145895381252, -0.35945101657404716, -0.16837646576874526] - [0.0978628025581742, 0.017463319660158787, -0.16885100751554863, 0.05352488169007663]
B1: 2.688874500296068e-09 - 8.507864139167417e-10 - 3.262015664512479e-09 - 3.321660678269497e-09
B2: 1.2277638928880348e-09 - 7.420201467703639e-09 - -7.68896507779325e-09 - 1.0113887285107023e-08
