Number: 29
Error: 0.0005658264083239597
A1: [-0.05374746931965566, -0.057695930023628474, -0.030071218336823927, -0.03718213649583392] - [0.10760511570305976, 0.23992064886357697, -0.1133015252784998, -0.09924675615175428] - [-0.17716764928826664, 0.33878853460339325, -0.14058979334239616, -0.34932245601423245] - [0.08001694541568038, 0.06944864449635965, 0.08137685811563372, 0.10462475599660803]
A2: [0.4449039602233863, 0.11225603416561386, 0.2819717405269422, 0.2745944320412895] - [0.14812552464897988, 0.3153500221626612, -0.012367402185655636, -0.021500214694923227] - [0.24744080414139422, 0.9151515643247894, 0.08700490161337321, 0.069593110574512] - [0.5838807046589405, 0.5845574663438302, 0.5816188564115878, 0.5748595907960691]
B1: 0.053312822178957886 - 0.46159220174565146 - -0.05261148556355876 - -0.06509539043527884
B2: 0.020903996923384353 - 0.4959837164333895 - -0.06719296981241736 - -0.06637102386554017
