Number: 7116
Error: 1.0026180482985864e-15
A1: [0.08043169627663291, -0.18046779915981193, -0.01958884539514808, 0.11962498332889276] - [0.03741560122383713, 0.13359640738897885, -0.13472616501051765, -0.03628580387908385] - [-0.0017027966182819399, 0.22819013890079776, -0.12282836028348962, -0.10365888783593424] - [0.0388632399497037, -0.11448101304732884, -0.04641643587871287, 0.12203423347008542]
A2: [0.03530737397312697, -0.029273545076216097, -0.07569741563934311, 0.06966333543614996] - [0.10289380405407807, 0.282896755101588, -0.3926063446196662, 0.006816051904067838] - [-0.011187117486259711, 0.5390145730874955, -0.359451032052589, -0.16837648300056982] - [0.09786274835005636, 0.017463265205466805, -0.16885105911817733, 0.053524824789209634]
B1: -7.278878902029777e-09 - -7.637304833639148e-09 - 1.6257547380789753e-08 - 7.281632769105556e-09
B2: 1.646053093848323e-10 - 7.748396183283333e-10 - 1.3998777405298942e-08 - -1.5609864787083935e-09
