Number: 95
Error: 0.0005130292808873545
A1: [0.022413214793525735, 0.02255609802129345, 0.056849366061543505, 0.043325487766396865] - [0.09897060686271086, 0.22367013247858925, -0.11368688299082656, -0.07796012002878462] - [-0.06283699696268269, 0.45828854409344516, -0.01686806926139985, -0.23646685392323818] - [0.03553810877346422, 0.021914662033143628, 0.03598999915150272, 0.06215407307220966]
A2: [0.26395807990135867, -0.06811445837603124, 0.10865189039878206, 0.09692794318556845] - [0.0635054865927185, 0.2326372125680864, -0.09280055237924072, -0.10155219398550366] - [0.02207037536341306, 0.6886877709532946, -0.13028074435825357, -0.1549397995429789] - [0.1852833779093064, 0.18416820509790452, 0.1889347783377245, 0.18847547323178956]
B1: 0.01496947252310296 - 0.3338433770817784 - 0.011002214883197373 - -0.01709193210972776
B2: -0.005543415942664085 - 0.3044219024151725 - -0.0067344606962896625 - -0.0037777586622176522
