Number: 8455
Error: 9.51493963942248e-16
A1: [0.08043173336072362, -0.18046776207991536, -0.01958880835543404, 0.11962502040874283] - [0.03741555057859284, 0.13359635678205437, -0.1347262155547374, -0.03628585449622444] - [-0.0017028071190648968, 0.2281901284002394, -0.12282837076889368, -0.10365889833390096] - [0.03886330372659675, -0.11448094944938447, -0.046416372142452096, 0.12203429720736457]
A2: [0.035307445475778146, -0.02927347337576743, -0.0756973476554896, 0.06966341027138376] - [0.10289380168262337, 0.28289675271002773, -0.3926063469132166, 0.006816049420708672] - [-0.011187036854766881, 0.5390146541998533, -0.35945095573297287, -0.16837639803652826] - [0.0978628239122728, 0.017463341111361733, -0.16885098718777722, 0.053524904104855144]
B1: 6.1879240347298905e-09 - -5.227328787966372e-09 - -9.232287636131637e-09 - 3.6698469315694688e-09
B2: 1.9422881418881377e-08 - -4.4703588937021895e-08 - -4.850082729858289e-10 - 3.186061593932379e-08
