Number: 7235
Error: 8.924993708775674e-16
A1: [0.08043169680239869, -0.18046779863410675, -0.019588844870011467, 0.11962498385459797] - [0.03741559569946242, 0.1335964018687854, -0.13472617052388347, -0.036285809400397974] - [-0.0017028417211012717, 0.22819009379894742, -0.12282840532026089, -0.10365893292671036] - [0.03886324730225152, -0.11448100571541882, -0.046416428530854544, 0.12203424081806079]
A2: [0.035307417791921744, -0.029273501136224796, -0.07569737397699437, 0.06966338129726496] - [0.10289376052366198, 0.28289671120172616, -0.3926063867217144, 0.006816006321366344] - [-0.01118708275582715, 0.5390146080250778, -0.35945099917946566, -0.16837644640391214] - [0.09786280363907246, 0.01746332074597198, -0.16885100648660456, 0.05352488282466516]
B1: -2.9334117184598905e-09 - 1.4036004949252923e-08 - 1.1372237693956834e-08 - 2.522015672550679e-09
B2: 1.1998831313705949e-08 - 1.0663098519416185e-08 - -1.3480798884544915e-08 - 1.4609394259481518e-08
