Number: 3953
Error: 1.2239262762251574e-15
A1: [0.0662132245222799, -0.11395203782621582, -0.023983907473221978, 0.07172291091825822] - [0.037402585260058845, 0.1881933437650968, -0.14740897319253463, -0.0781870365935197] - [-0.06022926680269811, 0.32895090051453113, -0.1277530074044871, -0.14096822048034113] - [0.039046254398290174, -0.05332259564914163, -0.03741849823135871, 0.05169521183103825]
A2: [-0.00910858397586284, -0.3468031941565801, 0.2494550820708017, 0.1064566713035718] - [0.08003980861239426, 0.03628223849288788, -0.05025013100867648, -0.06607197840306521] - [-0.042452781753977924, 0.23083193270046987, -0.04053120513994838, -0.14784779727363292] - [0.06813478045740864, -0.2934678503659133, 0.1417712424870941, 0.08356186233603545]
B1: 1.2585130482668995e-08 - -9.776481461927686e-09 - 4.516278219024959e-09 - -1.6983632681729316e-08
B2: 1.634028159674045e-08 - -3.226238530709506e-08 - -2.690576202805405e-08 - 5.552392343529877e-08
