Number: 8392
Error: 1.1495475466324804e-15
A1: [0.08043170862876053, -0.18046778680909215, -0.019588833057837027, 0.11962499567958924] - [0.037415533135212994, 0.13359633935190485, -0.13472623296333947, -0.036285871929915135] - [-0.0017028292273290808, 0.2281901062924465, -0.12282839284478865, -0.10365892043626587] - [0.038863263434565254, -0.11448098962836398, -0.04641641240882583, 0.12203425694035373]
A2: [0.03530734538561931, -0.02927357374273139, -0.0756974428201553, 0.06966330551640942] - [0.10289381915353422, 0.28289677032920774, -0.3926063300155659, 0.006816067715281477] - [-0.01118706395887945, 0.5390146269340806, -0.35945098138767395, -0.168376426597002] - [0.097862879665099, 0.017463397117762947, -0.16885093411458862, 0.05352496262704795]
B1: -2.562160536975072e-08 - 9.265590817122012e-09 - 1.0552311847753895e-08 - 3.364318289903854e-08
B2: 2.3932537167065256e-08 - -2.9460706976213608e-08 - 6.345529131195089e-09 - 2.7530802820586434e-08
