Number: 4510
Error: 8.864539957025065e-16
A1: [0.06621312762304461, -0.11395213256010117, -0.023984004296433627, 0.07172281418161737] - [0.037402564990786355, 0.1881933243991724, -0.1474089931187755, -0.07818705652154821] - [-0.0602293770658167, 0.3289507946129403, -0.12775311530143282, -0.1409683277968401] - [0.039046031339045655, -0.05332280736853084, -0.03741871403370056, 0.05169499778095942]
A2: [-0.009108495527482099, -0.3468031003267166, 0.24945517123470848, 0.1064567640368054] - [0.08003979212077197, 0.036282220726726745, -0.05025014903303777, -0.06607199658044775] - [-0.04245286272104102, 0.2308318433402448, -0.04053129190732805, -0.14784788682002561] - [0.06813479000020012, -0.29346783985891695, 0.1417712528322368, 0.08356187303523879]
B1: -3.368652953951414e-08 - -4.057781308435992e-09 - -1.6553230869912717e-08 - -1.4798746351547347e-09
B2: 1.0676358394770385e-08 - 3.5049561708188686e-09 - -1.0728508762313357e-07 - 2.41955240020034e-08
