Number: 5183
Error: 9.553937886724903e-16
A1: [0.06621314265209366, -0.1139521178668899, -0.023983989279182504, 0.07172282918543324] - [0.0374025457866785, 0.18819330605098541, -0.14740901199785844, -0.078187075402302] - [-0.06022932381352027, 0.32895084575871236, -0.12775306319190433, -0.14096827596742306] - [0.039046150332329506, -0.05332269442446991, -0.03741859891157735, 0.0516951119682575]
A2: [-0.00910867151756906, -0.3468032870242761, 0.24945499382054842, 0.10645657952119726] - [0.08003984480759001, 0.036282277485516524, -0.050250091449266766, -0.06607193850781524] - [-0.04245279389704062, 0.2308319192985477, -0.040531218152885774, -0.14784781070343517] - [0.0681347728444196, -0.29346785874815934, 0.1417712342335513, 0.08356185380051329]
B1: 1.9200283095308343e-08 - -2.2369975189754865e-08 - -2.3076076546203315e-08 - -1.431472284927778e-08
B2: 7.51841701203601e-09 - -1.6873815911294802e-08 - -3.512756163793138e-08 - 5.082399395297032e-09
