Number: 8512
Error: 2.4212694874261083e-15
A1: [0.08043160183364151, -0.18046789359210258, -0.019588939725258596, 0.11962488889668119] - [0.03741558901692642, 0.1335963951913691, -0.13472617719288862, -0.0362858160791129] - [-0.0017029154437049393, 0.22819002007788375, -0.12282847893495806, -0.10365900662965194] - [0.038863222612711974, -0.11448103033559819, -0.0464164532046335, 0.12203421614392203]
A2: [0.03530767247389727, -0.029273245749819002, -0.0756971318280073, 0.06966364784893626] - [0.1028937986452902, 0.2828967496469187, -0.39260634985087733, 0.006816046240167901] - [-0.011187115224580645, 0.5390145753626647, -0.3594510299119165, -0.1683764806172872] - [0.09786287160554206, 0.01746338902156205, -0.16885094178676113, 0.05352495416713658]
B1: 4.635440888793516e-08 - -2.318998293267983e-08 - 1.7501438544413178e-08 - -1.7952782325365008e-08
B2: 7.116022972726439e-09 - -1.101628287896146e-07 - 7.908977664839162e-09 - -2.8773419792072682e-08
