Number: 9800
Error: 9.30850000849196e-16
A1: [0.0531725248372509, -0.14800129628812408, -0.02699907259586792, 0.12182779666682647] - [0.005313693996455158, 0.13083666842099978, -0.11360076958888672, -0.022549789233078717] - [-0.014444501462482712, 0.223091595934528, -0.12704120446303643, -0.08160595789373436] - [0.02714640275470729, -0.10002009537913602, -0.04942456586151796, 0.12229806291703803]
A2: [0.08925475275850822, -0.07291307952565142, -0.12362713590948184, 0.10728667812178398] - [0.10884172340064066, 0.24981417571198455, -0.4048452948246879, 0.04618947459898255] - [0.036635789643197296, 0.4625549778716557, -0.37771758888538026, -0.12147341127365444] - [0.1434263678372098, -0.044606688441523136, -0.20149959929981548, 0.10267979616125732]
B1: -1.8015228791200578e-08 - -9.154741385698049e-09 - 2.749036030718244e-11 - 5.311337556064762e-08
B2: 1.3082615889422769e-08 - 7.708821705766882e-09 - 3.819053305066437e-09 - -6.958232451192181e-09
