Number: 8403
Error: 1.1691362479265949e-15
A1: [0.08043165591195608, -0.18046783951992176, -0.019588885711605553, 0.1196249429688097] - [0.037415621203057726, 0.13359642735308913, -0.1347261450709736, -0.03628578391085993] - [-0.00170283216227447, 0.22819010335756423, -0.1228283957754364, -0.10365892337042738] - [0.03886319455588082, -0.11448105831374615, -0.0464164812436166, 0.12203418810448295]
A2: [0.0353074842778225, -0.02927343446639461, -0.0756973107629102, 0.0696634508818407] - [0.10289376998649848, 0.28289672074490224, -0.3926063775693309, 0.006816016230289888] - [-0.011187096011982386, 0.5390145946898047, -0.3594510117267049, -0.1683764603723952] - [0.0978627742130757, 0.017463291186099673, -0.16885103449830136, 0.05352485193699502]
B1: 2.733032459665414e-08 - -1.0415919852645306e-08 - 3.15342931690936e-09 - 1.8328798340324789e-10
B2: -1.387981744009672e-08 - 3.454239571789675e-08 - 7.679024232442477e-09 - -1.8099376022497582e-08
