Number: 7546
Error: 1.2416196076803726e-15
A1: [0.08043173430003898, -0.18046776114072094, -0.01958880741721712, 0.11962502134795] - [0.037415610944619856, 0.1335964171023996, -0.1347261553091057, -0.036285794163689565] - [-0.0017027436858451069, 0.22819019183210562, -0.12282830742855282, -0.10365883491762087] - [0.038863260957347205, -0.1144809920986512, -0.04641641488446722, 0.12203425446466408]
A2: [0.035307363158059435, -0.02927355592118326, -0.07569742592222427, 0.06966332411705617] - [0.10289368147552289, 0.28289663148271116, -0.392606463176068, 0.006815923546458826] - [-0.011187211401895316, 0.5390144786117067, -0.3594511209458616, -0.1683765819626539] - [0.09786271807777798, 0.017463234795500444, -0.16885108793547998, 0.05352479301323283]
B1: 1.4430998152062721e-08 - -5.080058241590203e-09 - 6.407498436805485e-09 - 3.736561257503628e-09
B2: 4.566586830916322e-09 - -1.2522697719848176e-08 - 2.519343719308881e-08 - -1.0315505984233123e-08
