Number: 8921
Error: 0.0005518695174408804
A1: [-0.004277373861597, -0.26069465487858495, -0.08973869987700674, 0.05104829474974369] - [-0.05206011211973348, 0.05346135706286895, -0.19895584069850938, -0.10077681546492451] - [-0.06139716794766828, 0.1694229547574204, -0.17640717867483552, -0.15778867677883496] - [-0.0651068246523809, -0.2127830558907537, -0.14007838409241105, 0.030403028989644032]
A2: [0.05665339059587236, -0.004227618297374988, -0.06789031361504526, 0.10174337483225465] - [0.14761180227806728, 0.3248796236321308, -0.3519452686245858, 0.06125570338097171] - [0.0740597309264019, 0.613160711323413, -0.2757379186335787, -0.06569211753888399] - [0.16708270043289528, 0.07765270281383177, -0.09872102853618354, 0.13967957852259774]
B1: -0.04166258780623921 - -0.03339854592770973 - -0.015177067454283204 - -0.011668525949878248
B2: -0.02447947971335959 - -0.029635058530798022 - -0.019846436547313398 - -0.025578522112313
