Number: 9225
Error: 1.0238033111307705e-07
A1: [0.05392940785938669, -0.14724652794701032, -0.02624446890176267, 0.12258433411025184] - [0.005146312164999511, 0.13067038000499026, -0.11376670582775664, -0.022715328535464853] - [-0.012467657165092474, 0.22506963008154762, -0.1250653660184746, -0.07962747774866931] - [0.028131420952010433, -0.09903791102031667, -0.04843946529691253, 0.12328501083287573]
A2: [0.08963851399564272, -0.07252474308899376, -0.12324884299846535, 0.10767481477135367] - [0.10897910544417162, 0.2499508621957913, -0.40471141379195774, 0.0463293998533171] - [0.036153268203302905, 0.4620747081859532, -0.3781880539596817, -0.12196041224377648] - [0.1442537703017635, -0.043779677623067045, -0.2006896372134977, 0.10351906699417601]
B1: 9.469616169710359e-05 - 0.00033425071066634545 - 0.00039005831276120586 - 8.530745325110745e-05
B2: 7.34866741877628e-05 - -0.00027685995385924974 - 0.0008567510172521239 - 0.00023994840839896815
