Number: 1863
Error: 2.3264182472488275e-07
A1: [-0.005516465572409724, -0.013280599395291033, 0.0047763608976002184, 0.021162256890710263] - [0.0685313083887345, 0.19152955909303476, -0.14497042141421013, -0.1079652139252832] - [-0.11358793982377986, 0.4408202294834933, -0.07189136958021271, -0.25917889349044015] - [-0.023663418706630034, 0.015086922228552447, -0.03030700401630753, 0.03860633247333023]
A2: [0.13150491445211412, -0.22475172308343208, 0.02256362071709466, 0.07005927880636667] - [0.03271214037352207, 0.203827854792135, -0.1148208625629926, -0.12138403590466831] - [-0.09468315905644116, 0.5554860998358835, -0.23520406906480956, -0.22559887806785664] - [-0.018395081884376316, -0.01691913860895121, 0.01049208438479384, 0.03448514861006962]
B1: -0.0007796693465611104 - 0.0007493155214054541 - -0.001119522108420644 - 0.00014976551169578752
B2: -0.000822258918314678 - 0.000777913480997487 - 0.0005366405693576547 - 0.0002542840868863932
