Number: 7921
Error: 6.191009359240221e-16
A1: [0.08043171286143347, -0.18046778257690207, -0.01958882883018456, 0.1196249999117965] - [0.03741554807271867, 0.133596354278083, -0.1347262180556961, -0.036285857000747594] - [-0.0017028219838942443, 0.22819011353572524, -0.12282838561195426, -0.10365891319476958] - [0.0388632407979399, -0.11448101220148721, -0.04641643503102021, 0.12203423431779119]
A2: [0.035307328100688776, -0.029273591075498203, -0.07569745925439006, 0.06966328742579173] - [0.10289364399171193, 0.28289659368078884, -0.39260649942994613, 0.006815884295480682] - [-0.011187098346173038, 0.539014592341731, -0.3594510139360669, -0.1683764628319997] - [0.09786273866692764, 0.01746325547830135, -0.16885106833594787, 0.0535248146251463]
B1: -2.1799841343633682e-08 - -5.073617777432922e-09 - 8.623690567834672e-09 - -2.521279189916355e-09
B2: 2.7275945183696394e-08 - -5.589327385707299e-08 - 2.4439064286721323e-08 - 6.156512954771198e-09
