Number: 1894
Error: 3.6856510013119416e-07
A1: [-0.01364697083671695, -0.021455106733324743, -0.0036748262241952357, 0.012834395184626675] - [0.0691735331923151, 0.19214787543501236, -0.14430318770718553, -0.10725087042279441] - [-0.11012424089529627, 0.4441778157291582, -0.06829420770347863, -0.25545485386061967] - [-0.025161544603259006, 0.013605805566397774, -0.03184057844549409, 0.03702099351623521]
A2: [0.13219178276485832, -0.22410508795819303, 0.02317953993890782, 0.07069837865828851] - [0.032496835066439106, 0.20361520811213718, -0.1150287373798381, -0.12158848007513548] - [-0.093682799297511, 0.5564472897446959, -0.23426625502838402, -0.22464493603759084] - [-0.02040171283083656, -0.0189140821866264, 0.008465269124427433, 0.03254035876299644]
B1: 0.0006525201813718979 - 0.000320759937090452 - 0.00017222569868074566 - -0.0006075259062395634
B2: 0.0008925705854915964 - 0.0007436593994679943 - -0.0007557977479222208 - 0.00047326956034344397
