Number: 6017
Error: 6.18467140492683e-13
A1: [0.08043176367457977, -0.18046773177630876, -0.019588778081845632, 0.11962505071701167] - [0.03741740275090094, 0.13359820752103854, -0.13472436712186042, -0.03628400337727598] - [-0.0017001465502675564, 0.22819278893683625, -0.12282571405828119, -0.10365623845444906] - [0.038864364849076974, -0.11447989129768309, -0.04641531168366854, 0.12203535767716975]
A2: [0.03530840448287007, -0.029272511736416363, -0.0756964358132642, 0.06966441399152978] - [0.10289975220254405, 0.2829027537380209, -0.39260059166048905, 0.006822280486934913] - [-0.01118605632194021, 0.5390156406039524, -0.35945002765192313, -0.16837536481780954] - [0.0978639045652094, 0.017464426685648706, -0.16884995847036346, 0.05352603844419523]
B1: 1.520467130893977e-06 - -2.1028524969468633e-06 - 3.6737651122201855e-07 - 9.809562743014938e-07
B2: -1.0396771048528052e-06 - -6.48574542326387e-07 - 1.252852059699898e-06 - -5.269515143294684e-08
