Number: 3141
Error: 5.6954075160497e-06
A1: [0.05916328480119923, -0.05222279486064298, -0.027756377766456175, 0.0036514656282724796] - [0.04498998123761802, 0.19245657157416424, -0.14124843328014844, -0.09117530275357105] - [-0.12635369373175914, 0.41179256730603647, -0.10790471614319293, -0.19000473993859457] - [0.038636181573453166, 0.02043882926850213, -0.03190687600143373, -0.021393443808815565]
A2: [0.07843232823808659, -0.1586025660862995, 0.10112292603870802, 0.03848313018297288] - [0.035634662438779385, 0.20653050067058962, -0.09535696247271638, -0.12169043769208256] - [-0.09990203606593676, 0.5073104912614946, -0.23214510208572897, -0.20137904921283026] - [-0.03871947250207928, 0.0058473740873679955, -0.06308111630706192, 0.044379361663568456]
B1: 0.0076854379350344525 - 0.00025861414272436325 - 0.002422790471334098 - -0.0003893957702863155
B2: -0.00027422892248627807 - 0.003518564263096124 - 0.0002557532320627957 - 0.0018859019320979764
