Number: 5571
Error: 2.5272542159523113e-09
A1: [0.06629330438394182, -0.11387372840106845, -0.023903878133499718, 0.07180286659304691] - [0.037462435955128874, 0.18825054215157033, -0.1473501279071022, -0.07812818807418913] - [-0.060060677591921706, 0.3291128535380396, -0.12758801127119682, -0.14080411508716215] - [0.039187772598220955, -0.05318825150143502, -0.03728156279708399, 0.051831032957506254]
A2: [-0.00917124358850071, -0.3468696591265134, 0.24939192658540557, 0.10639098567535622] - [0.08001647359864222, 0.03625710359118511, -0.05027563660620867, -0.06609769776792343] - [-0.04247006626945149, 0.2308128629868647, -0.040549742064538596, -0.1478669126473977] - [0.06809253561108987, -0.2935143571436895, 0.1417254328866955, 0.08351449860516402]
B1: -2.5874487836128552e-05 - -2.9386745275717367e-05 - -1.8368544061080643e-05 - -1.4088142115548318e-05
B2: 2.460132581280969e-06 - 3.627617009843247e-05 - 1.8529343544624502e-05 - 2.9144530528355734e-05
