Number: 243
Error: 2.867061430609505e-07
A1: [-0.014026278842272658, -0.016445463234620872, 0.01600795866002353, 0.006574872332629432] - [0.06755654519090352, 0.19115017291275183, -0.14354288878330196, -0.10809113632385899] - [-0.09318986831642698, 0.4247860979162881, -0.050081076015916395, -0.2684149225779886] - [0.0015416084321830336, -0.015468935294959936, -0.0007835264711997638, 0.026686537877720518]
A2: [0.16297925453702714, -0.16638454853131687, 0.00987194895821074, -0.0009757944139621059] - [0.037216237274152617, 0.20922076192721292, -0.11548591317951139, -0.12409880978419455] - [-0.086220115835188, 0.5815259525968723, -0.23540924473889485, -0.2599540034185731] - [-0.004153686649485973, -0.004834970487665898, 0.0007882746662682863, 0.0069326260529902015]
B1: 0.00016242079362342526 - 0.00034644076194749647 - 0.0009162809089846311 - 0.0005667561070678987
B2: 0.0018066360594513084 - 0.002767098625562785 - -0.0010748026436355413 - -0.0003993300501625315
