Number: 370
Error: 1.3763710111781694e-11
A1: [-0.012175681553264074, -0.01454005946370505, 0.01806265224945561, 0.008559284496206422] - [0.06587079474877842, 0.18952946768734932, -0.14528580605207012, -0.1099689690140182] - [-0.09634069985447676, 0.42174006212799475, -0.05350900856564582, -0.27209122114041673] - [-0.00135089494994504, -0.01824751370084502, -0.0038663958980771898, 0.023342767222778917]
A2: [0.16158731468633428, -0.16775419689476356, 0.008501913382674543, -0.0023324942922992057] - [0.035473369162006635, 0.20750456444188997, -0.11722272821846272, -0.1258041163791455] - [-0.0861792831888594, 0.5815716761617815, -0.23535539525540145, -0.25990216558595997] - [-0.0038431123250042072, -0.0045273011328927195, 0.0011021964465789248, 0.007235600223556508]
B1: -8.196068546662315e-06 - 2.7663682704831323e-05 - 1.709423557160786e-05 - 1.6182760915521558e-06
B2: 1.6529241399061094e-05 - 1.6586347518219676e-05 - -7.78938861636877e-07 - 6.301270685827498e-06
