Number: 8484
Error: 9.267909345505862e-16
A1: [0.0804316965605303, -0.18046779887593953, -0.019588845111625636, 0.11962498361275305] - [0.03741549585225227, 0.13359630209712953, -0.1347262701720419, -0.036285909192250616] - [-0.0017027797183819268, 0.22819015580033777, -0.12282834340833097, -0.10365887094053015] - [0.03886320622339096, -0.11448104667896189, -0.04641646958352701, 0.1220341997647577]
A2: [0.03530763249742689, -0.029273285836868453, -0.07569716983723158, 0.06966360600934501] - [0.10289371381758518, 0.28289666409931635, -0.392606431895228, 0.006815957413324956] - [-0.011187075437457675, 0.5390146153870659, -0.35945099225241517, -0.16837643869235874] - [0.09786282752510193, 0.017463344740633692, -0.1688509837485867, 0.053524907897138194]
B1: 5.81823959179105e-08 - -2.796877130420266e-08 - 3.4288304470089655e-09 - -2.513375248225382e-09
B2: 4.047430911282029e-09 - 4.119603734756275e-08 - -3.1752720539874114e-08 - 4.0369515915256823e-08
