Number: 20
Error: 0.0006854919657901428
A1: [0.017189910064161866, 0.022165505463446186, 0.042669688493471525, 0.021994107866390115] - [0.1457303165998443, 0.28167624993054635, -0.07786284970102765, -0.06949042989310639] - [-0.1052183785256207, 0.4101835789208864, -0.06548620374368627, -0.27291568081294415] - [0.18449248483107614, 0.17614926370104683, 0.18984779063366006, 0.2085854663629246]
A2: [0.4595853625910671, 0.12638560643785407, 0.2953480414940311, 0.2908383236743517] - [0.1711597571488258, 0.3378155046197217, 0.009976483053451939, 0.001902844142980226] - [0.2954714914759977, 0.9630599075879052, 0.13278271145816334, 0.12022676509146249] - [0.6361245441326959, 0.6370138386856631, 0.6328081387886209, 0.6287570706553757]
B1: 0.06315311874178209 - 0.4835475478531345 - -0.05555253365720603 - -0.07616220848561114
B2: 0.024890525791563856 - 0.5183885496631679 - -0.09795441449486042 - -0.07779099379695005
