Number: 3849
Error: 6.967977896470368e-16
A1: [0.06621309359013813, -0.11395216583244193, -0.02398403830261549, 0.07172278020585082] - [0.03740254356107691, 0.18819330392455563, -0.1474090141858324, -0.07818707759044212] - [-0.060229371939123554, 0.32895079953683304, -0.12775311028478717, -0.1409683228072909] - [0.03904621686512721, -0.053322631274208936, -0.03741853454343737, 0.0516951758138072]
A2: [-0.009108591240020536, -0.34680320186271957, 0.2494550747478649, 0.10645666368749448] - [0.0800398418366313, 0.03628227428491898, -0.05025009469646309, -0.06607194178251066] - [-0.042452778535377496, 0.23083193625274856, -0.04053120169074784, -0.14784779371394854] - [0.06813480631687396, -0.29346782189346426, 0.14177127052130234, 0.08356189132933552]
B1: 7.129883193781857e-10 - -3.26275311167098e-08 - -1.8743800047888157e-08 - -2.71299060897947e-08
B2: -4.157906153290304e-08 - -3.795190729763023e-08 - 1.0140668863597977e-07 - -1.0511000985482184e-07
