Number: 4038
Error: 9.640935620301773e-16
A1: [0.0662132014855261, -0.11395206034817539, -0.02398393049189549, 0.07172288792016317] - [0.03740260556191293, 0.18819336316214458, -0.1474089532342534, -0.07818701663347138] - [-0.060229359681128185, 0.3289508113099466, -0.12775309828982298, -0.14096831087683914] - [0.03904617506824259, -0.05332267094622291, -0.03741857498051679, 0.051695135705058785]
A2: [-0.009108653996621717, -0.34680326843768233, 0.24945501148348562, 0.10645659789062685] - [0.08003984923755691, 0.03628228225783115, -0.050250086607685214, -0.0660719336250422] - [-0.04245294359933283, 0.2308317540778188, -0.04053137857988037, -0.1478479762685623] - [0.06813480871990658, -0.2934678192476578, 0.14177127312636237, 0.08356189402353774]
B1: 3.893556406572137e-08 - -3.8829568354561195e-09 - -2.8717574126156762e-08 - 2.7963496928956372e-08
B2: 5.955102493546565e-09 - 1.1269259726216019e-08 - 2.0392979963466344e-09 - 1.2283043790813978e-09
