Number: 1314
Error: 9.702863991056678e-09
A1: [-0.00733984471418819, -0.015147375365425509, 0.002839409803215569, 0.019298248104651777] - [0.06654299194175947, 0.18961135738313417, -0.14702853401225416, -0.11017798569979395] - [-0.11259912532308042, 0.4417724172546198, -0.07080313429775278, -0.25811479088296324] - [-0.02354893839925713, 0.015167969769816278, -0.03011711391333066, 0.038721944987261815]
A2: [0.13164647884805528, -0.22456948098061486, 0.022726362486225345, 0.0702196732765449] - [0.03255099213527297, 0.20365545663848222, -0.11498327850680655, -0.12155067021146505] - [-0.09429325423563317, 0.5558645882805088, -0.23487826949989438, -0.2253111287958419] - [-0.020888959327166102, -0.01933705232608086, 0.008057375606665189, 0.032122560703247816]
B1: -5.5438566526606247e-05 - 5.8709490973701266e-05 - 0.00012145756812421382 - -6.913095296402672e-05
B2: -3.008283230529398e-05 - -0.00014527976532780076 - -3.859175230473833e-05 - -5.3852238433972814e-05
