Number: 5241
Error: 9.500591528765391e-16
A1: [0.06621321231666995, -0.11395204975904365, -0.02398391966927236, 0.07172289873309604] - [0.03740258589703475, 0.18819334437374147, -0.14740897256628566, -0.07818703596724608] - [-0.0602294642518496, 0.328950710875175, -0.12775320061672227, -0.14096841265310214] - [0.039046208067527066, -0.05332263962426469, -0.037418543054615616, 0.05169516737167362]
A2: [-0.009108800862395218, -0.34680342423850047, 0.24945486342920503, 0.10645644391054605] - [0.08003994341741388, 0.036282383716411744, -0.05024998367450122, -0.06607182981791734] - [-0.042452865896064035, 0.2308318398362297, -0.040531295309734025, -0.14784789033134907] - [0.0681346931047998, -0.2934679465446422, 0.14177114778831845, 0.08356176439806104]
B1: -8.047771804274004e-08 - -6.155516182742879e-08 - 5.006001619575101e-08 - 4.49558648099528e-08
B2: -1.6264057679876886e-08 - -2.0595206062978123e-08 - 2.0034855303651343e-08 - -1.1929079980221406e-09
