Number: 6922
Error: 8.662691112219119e-16
A1: [0.08043167825303511, -0.1804678171813689, -0.019588863397197214, 0.11962496530735271] - [0.03741559426439724, 0.1335964004348042, -0.1347261719560931, -0.036285810834669655] - [-0.0017028139913387787, 0.22819012152811285, -0.12282837763110628, -0.10365890520435349] - [0.03886323259683133, -0.11448102037956738, -0.04641644322690097, 0.12203422612178229]
A2: [0.03530732519902413, -0.02927359398522361, -0.07569746201312773, 0.06966328438874939] - [0.10289373351904572, 0.28289668396791595, -0.3926064128402372, 0.006815978043586776] - [-0.011187079447354625, 0.5390146113532905, -0.35945099604793257, -0.168376442917646] - [0.09786277752049517, 0.01746329450859026, -0.1688510313497977, 0.053524855408662184]
B1: 5.080790551048949e-09 - -2.5209781867820772e-08 - 2.5506908984423963e-08 - -5.647850729217057e-09
B2: -3.0252389000984786e-09 - 1.708559051873339e-09 - 3.5883760103864275e-09 - 2.9918859149940362e-09
