Number: 3532
Error: 1.1996090469518411e-11
A1: [0.06621406666689632, -0.1139512153420188, -0.023983066980647564, 0.07172375229840391] - [0.03739263948654178, 0.18818384039415087, -0.1474187510848429, -0.07819681424757678] - [-0.06022582498202693, 0.32895420877640713, -0.1277496369324828, -0.1409648715480465] - [0.039048241357361256, -0.053320710783473745, -0.037416576781879235, 0.051697118893855705]
A2: [-0.009078571361020736, -0.34677135535113274, 0.24948534025045968, 0.10648813776497251] - [0.07999737063181063, 0.03623652137865802, -0.05029651353150158, -0.06611875457439308] - [-0.04248786642413821, 0.23079321152858354, -0.04056880276494269, -0.14788660070073004] - [0.06819230534442017, -0.2934045138614617, 0.14183360774662815, 0.08362635959591753]
B1: 4.9670802264716266e-06 - 2.1199214579793965e-05 - -1.0090092582839227e-05 - 6.4590845739439915e-06
B2: 4.020827042573352e-06 - 8.343351654331623e-06 - 5.27683610999454e-06 - 1.0479323198402263e-05
