Number: 3138
Error: 1.6243609394664257e-05
A1: [0.06000713249793515, -0.05143281497442561, -0.0270107331334144, 0.004362980844759962] - [0.04543475450284551, 0.1928462987593211, -0.1408381388874725, -0.09075222847973398] - [-0.12819460515075806, 0.40991727178517495, -0.10984785246923952, -0.19197354853967846] - [0.030907011689573754, 0.012700733419624907, -0.03970515713372021, -0.029171618367330125]
A2: [0.05227464302194378, -0.18465755599244382, 0.07507271424773344, 0.012728619451775756] - [0.03243092938975036, 0.20338451406573146, -0.09854849730065689, -0.12481635298804786] - [-0.10514565684885006, 0.5021288607024736, -0.237394287673784, -0.2064527502675984] - [-0.03242760297547217, 0.012069399770231177, -0.05679530649006161, 0.05047893018453363]
B1: 0.003873515255246671 - -0.0017559383140107686 - 0.006840406023665342 - 0.00484574049898091
B2: -0.0007656327452680524 - 0.0036236608220956822 - -0.0004761109650086473 - -0.0003208487703890892
