Number: 581
Error: 3.498877124753709e-14
A1: [-0.012152874798044402, -0.01451663699470261, 0.01808785709348667, 0.008583651997709432] - [0.06583547778324646, 0.18949549404012092, -0.1453223196789136, -0.11000829090836532] - [-0.09629401621915226, 0.4217851793077374, -0.053458355634890285, -0.2720368319147147] - [-0.0013216314279627167, -0.018219371025137807, -0.0038352503640761383, 0.02337659196675306]
A2: [0.16158651243085742, -0.16775497771829925, 0.008501129717755561, -0.0023332726306731916] - [0.03548578184079747, 0.2075167791513001, -0.11721036614554739, -0.12579197250412633] - [-0.08621337447638175, 0.5815382884946535, -0.2353885610154074, -0.25993540219607175] - [-0.0038346986308277066, -0.00451902560282472, 0.0011105228004996033, 0.007243649810479696]
B1: 1.448181612687846e-08 - 2.4801914606935717e-07 - -1.726586405822458e-07 - -1.7105863920357516e-08
B2: -3.6112381911388943e-07 - -1.1013499450752939e-07 - 2.5256364920625775e-07 - -1.4919410009760638e-07
