Number: 691
Error: 2.0529048158893613e-14
A1: [-0.012153347354934167, -0.014517122357845056, 0.018087334774217066, 0.008583147014907736] - [0.06583570636808911, 0.1894957139289679, -0.1453220833421329, -0.11000803640200857] - [-0.09629213583793593, 0.4217869966598432, -0.05345631519965745, -0.27203464117966736] - [-0.0013212441809912728, -0.01821899860356786, -0.003834838154230543, 0.023377039558167247]
A2: [0.1615864646766461, -0.16775502457584038, 0.008501082920838326, -0.002333319185553661] - [0.03548570200596553, 0.2075167005993602, -0.11721044564579912, -0.1257920506032244] - [-0.0862136665990762, 0.5815380023586286, -0.23538884526480186, -0.25993568706048303] - [-0.003834756937157803, -0.004519082942206773, 0.0011104650866684135, 0.007243594026152284]
B1: 1.4882173597709695e-07 - -1.1860860481266412e-07 - 4.694384754780029e-08 - 9.64120173646225e-09
B2: -8.07266300267017e-08 - -5.250466898795298e-07 - 2.1587720075682791e-07 - -8.942271930237671e-08
