Number: 3392
Error: 2.2384875340144117e-08
A1: [0.06589070843042144, -0.11426676793811098, -0.024306500883825466, 0.0714018307370201] - [0.0368748571791589, 0.18768927880967376, -0.1479276850206512, -0.07870552410797721] - [-0.062495087068857265, 0.3267729480509188, -0.12997374681137316, -0.143182743186644] - [0.038012010601226734, -0.054303746482210126, -0.03841947899215919, 0.05069894592842799]
A2: [-0.011189740908674186, -0.3490093602813562, 0.24737155500661476, 0.10427830603309003] - [0.07982634345436244, 0.03605233061185432, -0.05048350575344864, -0.06631074476834968] - [-0.0431647215233165, 0.2300461441195641, -0.04129243088791243, -0.14863824835040976] - [0.06696382376633297, -0.29475499181060577, 0.14051667030391835, 0.0822546580180229]
B1: -0.00013033169730542528 - -7.028511636103079e-05 - 0.00019256398803908109 - 0.00019490388194956537
B2: 6.911546194544944e-05 - 0.0001519180787723643 - 0.00029214999510850207 - -0.0003970181308028934
