Number: 434
Error: 1.3608128610783476e-11
A1: [-0.012148553534244015, -0.014512198436211503, 0.01809263370242742, 0.008588269931145759] - [0.06584345591035198, 0.18950316870362127, -0.14531407094981766, -0.10999940810327391] - [-0.09630878711258216, 0.4217709038257085, -0.05347438357238528, -0.2720540405006117] - [-0.0013341272315066364, -0.018231388086323887, -0.0038485514409207565, 0.023362149156322676]
A2: [0.16158762900036516, -0.16775388228022597, 0.008502224135597898, -0.002332183760373103] - [0.03548134764993895, 0.20751241620721633, -0.11721478172714686, -0.1257963102677623] - [-0.08621969907064571, 0.5815320936454699, -0.23539471481998928, -0.25994156943072694] - [-0.0038289539124547944, -0.0045133763096472535, 0.0011162089495252324, 0.0072491462075187285]
B1: 5.651461899847618e-07 - 1.362569486849499e-06 - -2.7545805419521822e-06 - 6.461502216247247e-07
B2: 5.050094214634926e-07 - 9.989704834441373e-06 - 1.2417117439337238e-06 - 1.402470879383337e-06
