Number: 2469
Error: 8.408413249187394e-07
A1: [0.06180589467645608, -0.0495240676444293, -0.0250566249879629, 0.006232128826852062] - [0.04213566151916628, 0.18978371634977675, -0.14415884019529487, -0.09420900003823389] - [-0.13256638323331993, 0.40571090053437775, -0.11406337099848728, -0.19625657207249267] - [0.03257470974426189, 0.01471227768556079, -0.03757141381699056, -0.0274859714007514]
A2: [0.06619460711489686, -0.17095537727108218, 0.08902393338084343, 0.026689620113905327] - [0.030268064324494706, 0.2012594496703654, -0.10074083903576748, -0.12691856348244038] - [-0.09269865924984166, 0.5144319174214708, -0.22488437927458668, -0.19438412919244857] - [-0.024861540845696094, 0.019613258343790553, -0.04921176082884545, 0.058042303987975115]
B1: 0.0002004594725032795 - 0.0004661612202288506 - -0.0001887076604070615 - 2.4332794140617358e-05
B2: -0.0013141513750542923 - 0.0002519745245954596 - 0.0014560560955981646 - 0.0009050434791337426
