Number: 1368
Error: 9.35776715562153e-10
A1: [-0.0070937302819774235, -0.014899098116617786, 0.0030946997585989395, 0.019551138294550564] - [0.06686844463432048, 0.18992455005352407, -0.14669204558251184, -0.10981592792194922] - [-0.1125714704730549, 0.44179895919232304, -0.07077498597218984, -0.25808478369323323] - [-0.02350197265733275, 0.015213814403501474, -0.030070096845305188, 0.038771580304191]
A2: [0.13159959114073977, -0.22461529367367147, 0.022679885601745373, 0.07017367206064269] - [0.032650801912015054, 0.2037537103224696, -0.11488378558308024, -0.12145302064038248] - [-0.09472602509376911, 0.5554382742412317, -0.2353037935168023, -0.22573670451261618] - [-0.020966465924441926, -0.019412997788842826, 0.007980101273561918, 0.032048030484899]
B1: 3.6586027753950944e-05 - -0.00015159309180780493 - -3.932524620997179e-05 - 5.6235620031729104e-05
B2: -3.1564940464305605e-05 - -3.0207471032963713e-05 - -1.3840377755244436e-05 - -3.08055496124785e-05
