Number: 5881
Error: 5.0200526101979486e-08
A1: [0.08032211471830528, -0.18057826099970703, -0.019697745919069903, 0.11951566309624077] - [0.03677226695947839, 0.13295315027040036, -0.13536786302124898, -0.0369286018404908] - [-0.0017179265797838826, 0.22817480621281425, -0.12284312075896586, -0.10367383405542509] - [0.0393862195681302, -0.11396003809063504, -0.04589326142931054, 0.12255716027093519]
A2: [0.03664350158605862, -0.027934332213300946, -0.07442689973677055, 0.07106239367235868] - [0.10488023830155016, 0.2848980630126595, -0.3906860323429355, 0.008896785275630786] - [-0.008399806005164916, 0.5418175248398249, -0.35681210442826616, -0.16543790035702297] - [0.09970584091525218, 0.019314007326979098, -0.16709622666578558, 0.05546038162528791]
B1: -1.7539318102772357e-05 - -0.0008259865967637052 - 0.0003359143833173939 - 8.302645258953025e-05
B2: -0.00037499961609453004 - -0.00011774755533638285 - 0.0005670910094307287 - 4.485934353365245e-05
