Number: 7414
Error: 7.905680688391242e-16
A1: [0.0804316780171181, -0.18046781741726348, -0.019588863632836715, 0.11962496507146149] - [0.03741558002990426, 0.13359638621108585, -0.13472618616221987, -0.03628582506127648] - [-0.0017028003892195582, 0.22819013512994088, -0.12282836404890576, -0.10365889160586178] - [0.03886323143121694, -0.11448102154191692, -0.04641644439177996, 0.12203422495688823]
A2: [0.03530726586977233, -0.02927365347855445, -0.07569751842273868, 0.06966322229436288] - [0.10289369151170737, 0.28289664160407024, -0.39260645346919343, 0.00681593405579777] - [-0.011187126907557956, 0.5390145636100069, -0.3594510409700602, -0.1683764929281025] - [0.09786275410003534, 0.01746327098160579, -0.16885105364458952, 0.053524830824837805]
B1: -1.2460746420776542e-08 - 1.5566011649477622e-08 - 4.0986995157581014e-08 - 1.888617285820501e-08
B2: 1.0447996000669377e-08 - 7.367871691133677e-09 - 3.4212247395279265e-08 - 1.5525164385493827e-08
