Number: 2312
Error: 9.035700103398684e-05
A1: [0.04271164680169298, -0.06950687885473289, -0.04939142841469033, -0.012501896677831359] - [0.0028177336029033234, 0.15185217679797466, -0.1849662714829382, -0.13605319484943906] - [-0.1393336622062082, 0.40321195605476357, -0.11838768257076829, -0.19839166652684365] - [0.025870498984329953, 0.012281427638692288, -0.03955035607939442, -0.029970571499283543]
A2: [0.13482911231769035, -0.10369558395037104, 0.160627262992538, 0.09551828084521245] - [0.05216835217445741, 0.22161378233979487, -0.07913442842571099, -0.10592707985200073] - [-0.0712024889125254, 0.5310779574366625, -0.20485138783151757, -0.17686749757467274] - [0.05343906515064899, 0.09688139555034375, 0.030042030549449955, 0.1352808116081958]
B1: -0.012041038304376592 - 0.020879333404640776 - 0.013224462950147352 - -0.016330633707170035
B2: 0.001432291358070126 - 0.013648784970202856 - -0.003372617903109245 - -0.004662391047070275
