Number: 999
Error: 0.002005440225771128
A1: [-0.03680254028845223, -0.039140288347681976, -0.010332458146914532, -0.013348742904643256] - [0.03270047861825073, 0.15750363371981962, -0.17963156551405335, -0.14644805289076068] - [-0.17683074840876356, 0.3447297850793881, -0.14277709319434156, -0.35772374261266826] - [-0.05223136199965742, -0.06476018517444158, -0.06054807602600667, -0.027311957990961422]
A2: [0.11414876778708868, -0.21735383065656982, -0.03403843373432622, -0.04395243159736825] - [0.02313214541403925, 0.19462848191801374, -0.12882880276564218, -0.13709178091755891] - [-0.05996463529479051, 0.6053328015646597, -0.20515508048442818, -0.23103029335954708] - [0.016856548861583245, 0.0165529427119805, 0.024553286124463943, 0.029322174729594086]
B1: -0.025916928717496686 - -0.01892197092437465 - -0.05408878187273046 - -0.03752252553442012
B2: 0.02159239295750901 - 0.014537157077548695 - 0.019466778555975835 - 0.0031815592023845245
