Number: 8044
Error: 1.5867336910327887e-15
A1: [0.08043172096294049, -0.1804677744763075, -0.019588820738364782, 0.11962500801237953] - [0.03741556747942751, 0.13359637367010824, -0.13472619868763375, -0.036285837604779485] - [-0.0017028061647670794, 0.2281901293545169, -0.12282836981598902, -0.10365889737986372] - [0.038863257116303236, -0.11448099592891293, -0.04641641872305175, 0.12203425062601526]
A2: [0.035307558734581, -0.02927335980374739, -0.07569723997030442, 0.069663528808827] - [0.10289376190691134, 0.28289671259671795, -0.39260638538383136, 0.006816007769804241] - [-0.011187219447014951, 0.539014470518591, -0.3594511285608321, -0.16837659043998018] - [0.09786279190856684, 0.01746330896209721, -0.16885101765329444, 0.05352487051146135]
B1: 3.123064572679038e-08 - 2.2913379698520903e-08 - -5.069373748908177e-08 - 1.279236956948826e-09
B2: 5.484153059552024e-09 - -1.5612967522047656e-08 - -1.006223319719398e-09 - 5.314911118460315e-09
