Number: 8583
Error: 1.2170107222127784e-15
A1: [0.0804317119523349, -0.18046778348586057, -0.0195888297382053, 0.11962499900281838] - [0.03741553699824141, 0.13359634321205258, -0.13472622910791998, -0.03628586806898289] - [-0.0017027637063685294, 0.22819017181200393, -0.12282832741976654, -0.10365885493279332] - [0.038863264849514946, -0.11448098821732017, -0.046416410994752674, 0.12203425835447547]
A2: [0.03530752616482795, -0.02927339246356392, -0.0756972709371602, 0.06966349472094893] - [0.10289366213012023, 0.2828966119731743, -0.39260648188673186, 0.006815903289079423] - [-0.01118708990009539, 0.5390146008381828, -0.35945100594167795, -0.16837645393206496] - [0.09786279877140314, 0.017463315856131718, -0.1688510111203147, 0.053524877715174]
B1: 2.8580234992441118e-08 - -6.8581553780476514e-09 - -1.48336934330956e-09 - 1.0942845112110657e-09
B2: -6.6312558767434445e-09 - -5.534879417604628e-08 - 3.719450530097795e-08 - -5.195672680379348e-10
