Number: 4415
Error: 8.543943925875559e-16
A1: [0.06621309604086453, -0.11395216343652316, -0.023984035853826864, 0.07172278265245334] - [0.03740264650117665, 0.18819340227683146, -0.14740891298780867, -0.07818697638348676] - [-0.060229409886874336, 0.32895076309005505, -0.12775314741825347, -0.14096835974096952] - [0.039046128253327324, -0.053322715381109, -0.03741862027234427, 0.05169509078102212]
A2: [-0.009108456476164688, -0.3468030588993525, 0.24945521060206388, 0.1064568049799875] - [0.08003987698829763, 0.036282312153336424, -0.05025005627770096, -0.06607190303749215] - [-0.04245279669168193, 0.23083191621427593, -0.0405312211477651, -0.14784781379411452] - [0.06813467786378112, -0.2934679633258926, 0.14177113126573546, 0.08356174730970795]
B1: -5.6116754073737454e-08 - 4.367373868245324e-08 - 1.1143639054757472e-08 - -2.7967026491138174e-08
B2: -3.273517065161839e-08 - 3.6368083643071644e-08 - -7.0343851483878505e-09 - -1.4948545613939037e-08
