Number: 8670
Error: 6.602611222962506e-16
A1: [0.08043163818440226, -0.18046785724544936, -0.019588903417935358, 0.11962492524330906] - [0.03741554720876542, 0.13359635341483644, -0.13472621891773398, -0.03628585786411748] - [-0.001702852946746898, 0.22819008257352869, -0.12282841652948472, -0.10365894414935033] - [0.038863187274866325, -0.1144810655742809, -0.046416488519969525, 0.12203418082803741]
A2: [0.03530738508822328, -0.02927353393035691, -0.0756974050713902, 0.0696633470693838] - [0.10289375476960823, 0.2828967053988642, -0.3926063922869134, 0.006816000295980777] - [-0.011187122673562457, 0.5390145678692261, -0.3594510369625653, -0.16837648846651074] - [0.09786273965673771, 0.0174632564725772, -0.16885106739381012, 0.05352481566419261]
B1: -9.30664830096026e-08 - 3.3424496679575336e-08 - -4.682530932450246e-08 - -7.579325906235184e-08
B2: -2.635721842290132e-08 - -4.707385657829778e-08 - -4.535131841954483e-08 - -2.330843575853524e-08
