Number: 4592
Error: 8.484768915276661e-16
A1: [0.06621315538085049, -0.11395210542258741, -0.023983976560418997, 0.07172284189282718] - [0.03740253707880132, 0.18819329773116228, -0.147409020558407, -0.07818708396360757] - [-0.06022936419495991, 0.32895080697468315, -0.12775310270681592, -0.14096831526985815] - [0.039046076917409266, -0.053322764107260404, -0.037418669938152745, 0.05169504151843577]
A2: [-0.009108472062932454, -0.3468030754345371, 0.24945519488912532, 0.10645678863804749] - [0.08003983817637929, 0.03628227034179542, -0.0502500986968831, -0.06607194581691025] - [-0.04245275343738005, 0.23083196395234404, -0.040531174794690275, -0.14784776595657562] - [0.06813473137517644, -0.293467904407549, 0.1417711892770188, 0.08356180730586889]
B1: -2.3655837581513074e-08 - -1.152924931972334e-08 - 8.86742128405149e-09 - -3.1433263003440855e-08
B2: 6.410594024964181e-09 - -1.796552007050918e-08 - -4.541832566382935e-08 - 1.916201895543744e-09
