Number: 7252
Error: 9.167465073797902e-16
A1: [0.08043167818188647, -0.18046781725250932, -0.01958886346825804, 0.1196249652362129] - [0.03741557932908472, 0.1335963855107985, -0.1347261868616417, -0.03628582576170694] - [-0.0017028363292533185, 0.22819009919067926, -0.12282839993630874, -0.10365892753630197] - [0.038863222056968974, -0.11448103088985262, -0.04641645376004898, 0.1220342155884692]
A2: [0.03530743260229395, -0.02927348628488955, -0.07569735989547598, 0.0696633967979199] - [0.10289381362809984, 0.28289676475686387, -0.3926063353597883, 0.006816061929459229] - [-0.01118703858915179, 0.5390146524551859, -0.35945095737473215, -0.16837639986396127] - [0.09786282527154316, 0.01746334247684038, -0.168850985893886, 0.053524905531709036]
B1: -9.979042268842768e-09 - 2.2584460399899627e-08 - 1.5260595659372457e-08 - 1.8037090023244775e-09
B2: 1.0172746947174525e-08 - 1.1930246265655453e-08 - 6.37930116295301e-09 - 1.097550764129232e-08
