Number: 6888
Error: 1.0504654710708963e-15
A1: [0.08043166315566931, -0.18046783227702476, -0.019588878476512053, 0.11962495021171095] - [0.03741557575578657, 0.13359638194020232, -0.13472619042782585, -0.03628582933302763] - [-0.0017028336879244344, 0.22819010183194785, -0.12282839729885348, -0.10365892489568235] - [0.03886321709712754, -0.11448103583577288, -0.04641645871672854, 0.12203421063171183]
A2: [0.03530753173682779, -0.029273386876164324, -0.07569726563961997, 0.0696635005529662] - [0.1028937539999933, 0.28289670462268685, -0.3926063930313324, 0.006815999490130978] - [-0.01118711044378082, 0.5390145801719854, -0.35945102538672447, -0.1683764755796605] - [0.09786283845916961, 0.01746335572445399, -0.16885097334012417, 0.053524919374433357]
B1: -1.0035410760401943e-08 - 2.0510071091931873e-08 - -2.9596828377930883e-08 - -3.686163197392035e-09
B2: -1.1033364086094598e-08 - -6.161432997934273e-09 - -2.1534824175746716e-09 - -5.923630812142539e-09
