Number: 5031
Error: 1.173157608591715e-15
A1: [0.06621318017724383, -0.11395208118026764, -0.02398395178345257, 0.07172286664763908] - [0.037402637683674814, 0.18819339385233574, -0.14740892165607766, -0.07818698505252633] - [-0.060229295741603704, 0.3289508727203985, -0.12775303572233598, -0.14096824864565452] - [0.03904614783933883, -0.05332269679075332, -0.03741860132344827, 0.0516951095759897]
A2: [-0.009108668081815137, -0.3468032833796041, 0.24945499728428241, 0.10645658312327538] - [0.0800398094153638, 0.03628223935798614, -0.050250130130944516, -0.06607197751790563] - [-0.04245283078204117, 0.23083187859012702, -0.04053125768016857, -0.14784785149674765] - [0.0681347625520674, -0.2934678700804336, 0.1417712230758015, 0.08356184226088254]
B1: -2.5968261791384072e-08 - 3.521828419758112e-09 - 7.974869875437353e-09 - 2.236740520628458e-09
B2: -1.5605328646579568e-08 - -4.6809949936772085e-08 - 8.103520231308658e-08 - -6.476955974050882e-08
