Number: 1865
Error: 5.479755455538236e-07
A1: [-0.008687891603831259, -0.016480137806277877, 0.0014796882713435208, 0.017908498448036384] - [0.06838291704908601, 0.19138648274425524, -0.14512352294518438, -0.10813088500565059] - [-0.11191866538897817, 0.44245514176175704, -0.07015208951578232, -0.2573736053198638] - [-0.023281820927997236, 0.015461167516625877, -0.02991750312214474, 0.03900885679286874]
A2: [0.13177308002161503, -0.2244890538550397, 0.02282433062815324, 0.07031972553066128] - [0.032448898511205616, 0.2035689381870099, -0.11508244160384977, -0.12164112077937969] - [-0.09413608089306173, 0.5560227166477422, -0.23467057483487494, -0.22506381750220938] - [-0.01819686247021026, -0.016723101875842996, 0.010687290709431141, 0.03467494022286608]
B1: -0.00021059978581882278 - 0.001420533020914499 - -0.0005493058042741336 - 0.0006043465758564921
B2: -0.0006550491788045576 - 0.000133390685534343 - -0.0005554860665298136 - -0.0003897317347675289
