Number: 8266
Error: 9.450382714668024e-16
A1: [0.0804316914914561, -0.18046780394447356, -0.019588850174663084, 0.11962497854422746] - [0.037415625120392024, 0.1335964312674909, -0.1347261411614264, -0.036285779995680015] - [-0.0017028177055803666, 0.22819011781394025, -0.12282838133991689, -0.10365890891760864] - [0.03886324361898564, -0.11448100938835447, -0.046416432211792945, 0.12203423713707412]
A2: [0.03530744910495882, -0.029273469736527495, -0.07569734420490809, 0.06966341406971441] - [0.10289369622231674, 0.28289664635467093, -0.3926064489131647, 0.006815938988521789] - [-0.011187091050670471, 0.5390145996807089, -0.3594510070307055, -0.1683764551444963] - [0.09786278390382899, 0.017463300920937303, -0.1688510252733033, 0.053524862109107035]
B1: -1.541870946247948e-08 - 2.4769175725003067e-09 - -1.3214505356642859e-08 - 1.4934124164107783e-09
B2: -1.7280610885438406e-08 - -6.6341865930733475e-09 - -2.297231182816637e-09 - -2.2070274854777713e-08
