Number: 7260
Error: 1.0619578127786643e-15
A1: [0.08043167974437222, -0.1804678156902005, -0.019588861907640493, 0.11962496679852022] - [0.03741558149964527, 0.13359638767971638, -0.13472618469540584, -0.03628582359234866] - [-0.0017028280753434756, 0.22819010744441265, -0.12282839169448431, -0.10365891928459507] - [0.038863224456259976, -0.1144810284972949, -0.04641645136228677, 0.12203421798626907]
A2: [0.0353075028399565, -0.029273415852961077, -0.0756972931143763, 0.06966347030922457] - [0.10289372977383855, 0.2828966801909275, -0.39260641646254885, 0.006815974121817564] - [-0.011187121429343062, 0.5390145691208925, -0.35945103578480603, -0.168376487155529] - [0.09786282442758142, 0.017463341629039755, -0.16885098669728335, 0.0535249046458243]
B1: 9.951431705001711e-09 - -1.390721821413156e-08 - -1.8211225450189275e-08 - -4.080394731975081e-10
B2: -2.4155790053045245e-09 - -1.5149406518204975e-09 - -2.7679907164270988e-09 - -2.8649378516273306e-09
