Number: 9037
Error: 0.0002753497137883754
A1: [0.1058452791655782, -0.11936385974073027, 0.023266585339302502, 0.16764881498570475] - [0.016252267900156405, 0.13538609828324635, -0.10563939656675972, -0.014799783475025259] - [-0.004556392713215673, 0.24121695317868194, -0.10056689241047291, -0.06482347360890348] - [0.04257974904287529, -0.0882076417791529, -0.030015890604875087, 0.13710820467548257]
A2: [0.10888213824217416, -0.04180347560874897, -0.08586616072933224, 0.14135029276214262] - [0.230556789065718, 0.35117397444411935, -0.30418031221827957, 0.15052917082146383] - [0.06815406323693396, 0.5010711254358817, -0.35431926140361836, -0.08731142493992687] - [0.19904984114600763, 0.013527012982668216, -0.14794388453363025, 0.16206521858114303]
B1: -0.02549914966638006 - -0.010859142820818856 - -0.004917393238713165 - -0.02420359175524366
B2: -0.0014244427888584375 - -0.004728633390666196 - -0.012263616184732424 - -0.008362311868426018
