Number: 6089
Error: 7.281941772346169e-15
A1: [0.0804321538581051, -0.18046734163026878, -0.019588388360854834, 0.11962544085803078] - [0.03741609072838407, 0.13359689652289608, -0.13472567648141473, -0.03628531464579038] - [-0.001701975724575727, 0.22819095977694598, -0.12282754059168599, -0.10365806716141386] - [0.03886337195717311, -0.11448088141036017, -0.04641630395536688, 0.12203436539547463]
A2: [0.03530715284786271, -0.029273766813155015, -0.07569762588198777, 0.06966310400452758] - [0.10289397567349161, 0.28289692817754736, -0.3926061786315478, 0.006816231614764434] - [-0.011187286166314703, 0.5390144034013167, -0.35945119171160217, -0.16837666074465277] - [0.09786313553337538, 0.017463654149956036, -0.16885069054471386, 0.05352523120585023]
B1: 4.872451315827016e-08 - 8.011839641374821e-08 - 8.339231669705286e-08 - 2.704279251035961e-08
B2: 4.526975966708949e-07 - 6.74111847525155e-07 - -7.949963801787317e-07 - -3.883222461595282e-08
