Number: 3751
Error: 1.2483574897036176e-15
A1: [0.06621316920798254, -0.11395209190442117, -0.023983962744121328, 0.07172285569677951] - [0.03740263208780391, 0.18819338850581988, -0.1474089271572822, -0.0781869905541893] - [-0.060229351850442085, 0.3289508188309074, -0.12775309062719403, -0.14096830325542428] - [0.03904629344925357, -0.053322558583484045, -0.03741846045088128, 0.051695249304757926]
A2: [-0.009108554186641025, -0.3468031625548444, 0.24945511210105775, 0.10645670253596962] - [0.08003980020998434, 0.0362822294410805, -0.05025014019204758, -0.06607198766439645] - [-0.042452867310373246, 0.23083183827506562, -0.04053129682561062, -0.14784789189583208] - [0.068134753616923, -0.29346787991846224, 0.14177121338942705, 0.0835618322428847]
B1: -1.1116396533037765e-08 - 1.2495034517862788e-08 - 2.9193206564534027e-08 - -5.7696939764277545e-09
B2: -8.191579544547782e-09 - -5.719886783483713e-09 - 1.050327255426189e-08 - 5.624063939986876e-09
