Number: 6109
Error: 2.637280976175874e-15
A1: [0.08043162715572674, -0.18046786827291697, -0.019588914433420396, 0.1196249142158665] - [0.03741558007669971, 0.13359638625781226, -0.134726186115541, -0.03628582501452135] - [-0.0017028114763161513, 0.22819012404308014, -0.12282837511976885, -0.10365890269003067] - [0.038862853665772995, -0.11448139824721083, -0.046416821916509414, 0.12203384742622118]
A2: [0.03530749815399392, -0.029273420551884515, -0.07569729756977067, 0.06966346540493842] - [0.10289365960102602, 0.28289660942253436, -0.39260648433274264, 0.006815900640569147] - [-0.011187210486927628, 0.5390144795321202, -0.3594511200796539, -0.16837658099866867] - [0.09786273858875948, 0.017463255399758605, -0.168851068410214, 0.0535248145429764]
B1: 8.292928263159707e-08 - 4.3076419448647206e-08 - 8.145139286543168e-08 - -6.6128238609942034e-09
B2: 2.9871756619484106e-07 - 3.820773997111329e-07 - -4.022661742322094e-07 - 2.69599159758593e-09
