Number: 8054
Error: 1.0272034205218074e-15
A1: [0.08043170103255769, -0.18046779440443278, -0.019588840644917758, 0.11962498808427288] - [0.03741559229778227, 0.13359639846967847, -0.13472617391872874, -0.03628581280017263] - [-0.0017028101309007654, 0.2281901253884677, -0.12282837377631593, -0.10365890134493908] - [0.03886324119319578, -0.11448101180733429, -0.04641643463601342, 0.12203423471280415]
A2: [0.03530739383640187, -0.029273525157997433, -0.075697396753647, 0.06966335622526472] - [0.10289368316751166, 0.28289663318906766, -0.39260646153960566, 0.006815925318235625] - [-0.011186987128339687, 0.5390147042229012, -0.35945090866579005, -0.16837634563808604] - [0.09786279028467984, 0.017463307330824827, -0.16885101919913162, 0.05352486880691122]
B1: -3.791907915964831e-08 - 1.5121554509922402e-08 - 2.4454814235471417e-08 - 9.64711620938914e-09
B2: 9.049538764247289e-09 - -9.975581676571112e-09 - 3.3282927804403797e-09 - 5.7718768037166366e-09
