Number: 9657
Error: 1.6486854921583284e-14
A1: [0.05317289573656635, -0.1480009252540859, -0.02699870210684519, 0.12182816774537086] - [0.005313919819015826, 0.13083689447810637, -0.11360054380352534, -0.02254956309146656] - [-0.014444386554043632, 0.22309171088345742, -0.12704108964741506, -0.08160584294413287] - [0.027146717466605005, -0.10001978066942233, -0.04942425048750737, 0.12229837842862971]
A2: [0.08925387494456247, -0.07291395531081646, -0.12362799394664986, 0.1072857894834198] - [0.10884221226019271, 0.24981466465786695, -0.4048448156473143, 0.04618997168437361] - [0.03663621232981779, 0.46255539835953097, -0.3777171764902328, -0.12147298420237852] - [0.14342561283785582, -0.04460744063061807, -0.2015003364928769, 0.10267902995927165]
B1: -1.7683029529421564e-07 - -1.5222744167085906e-08 - -8.177697548150346e-09 - -7.062010019326573e-08
B2: 1.68537084770168e-08 - 6.319780781504133e-08 - -9.139329962249667e-09 - 3.26919198797774e-08
