Number: 2515
Error: 3.2647632353281253e-08
A1: [0.06280862113670861, -0.04849279854536166, -0.024062048546223985, 0.0072338816537507325] - [0.044352597258876233, 0.19193621414386164, -0.14185821242788804, -0.09175770269512205] - [-0.12377895886795218, 0.4145326624959183, -0.10518723249601376, -0.18740106174116433] - [0.036886400841863044, 0.019056099377521785, -0.03324626280184209, -0.02316632640801245]
A2: [0.06282030987692115, -0.17431049189013964, 0.08570772278533027, 0.023346984744047183] - [0.029276987494881553, 0.20028752216082016, -0.10172249645784502, -0.12788528346728456] - [-0.0915392370244369, 0.5155257433802681, -0.2237330817063458, -0.19328281409779324] - [-0.022986219890773745, 0.021456242453784507, -0.04735018771973957, 0.059842183574801616]
B1: 0.0003471271265923611 - 0.00024016362322669383 - 0.0004216555535800367 - -0.0003884759027798082
B2: 0.00015413460367278385 - 9.728381989752906e-05 - 0.0001692750489660189 - 0.00010238738092272584
