Number: 6381
Error: 8.47371645097542e-16
A1: [0.08043169911915328, -0.18046779631761384, -0.0195888425560288, 0.11962498617108812] - [0.037415584462131474, 0.13359639063995762, -0.1347261817388276, -0.0362858206315045] - [-0.0017027980088098547, 0.2281901375103045, -0.12282836167197937, -0.10365888922608998] - [0.03886323218313713, -0.11448102079210169, -0.046416443640330714, 0.12203422570834616]
A2: [0.03530753171106676, -0.029273386901995203, -0.0756972656641552, 0.06966350052604774] - [0.10289375557596223, 0.2828967062120314, -0.39260639150707627, 0.006816001140402413] - [-0.011187068476269041, 0.5390146223898235, -0.35945098566358424, -0.16837643135700084] - [0.09786285057943851, 0.017463367899856808, -0.16885096180243306, 0.053524932096793806]
B1: 1.9835065590270893e-08 - 4.332147329151965e-09 - -5.518072162101436e-09 - 1.3160984919840641e-08
B2: 8.300251595450484e-09 - 1.8030843480619204e-08 - 3.5763004904326176e-10 - 5.8084199016145636e-09
