Number: 6953
Error: 1.0561193450267672e-15
A1: [0.08043167291529496, -0.1804678225185037, -0.01958886872855269, 0.11962495997022317] - [0.03741559724735516, 0.1335964034155043, -0.13472616897907735, -0.036285807853363834] - [-0.001702806381880169, 0.2281901291374087, -0.1228283700327891, -0.10365889759692591] - [0.03886324005410907, -0.1144810129432179, -0.04641643577437547, 0.122034233574425]
A2: [0.03530738301758208, -0.02927353600674526, -0.0756974070399785, 0.06966334490214353] - [0.10289383406620138, 0.28289678536842705, -0.39260631559233744, 0.006816083331151197] - [-0.011187217202825587, 0.5390144727761633, -0.3594511264364893, -0.16837658807539818] - [0.09786278962923967, 0.01746330667241399, -0.1688510198230559, 0.05352486811890255]
B1: 4.46336843709282e-08 - -1.6425763847822056e-08 - -4.4582023761628246e-10 - 1.3430438497387101e-08
B2: -4.237119949282919e-09 - 1.2227149467077378e-08 - 1.901636054495923e-08 - 9.427706869516844e-09
