Number: 5066
Error: 1.0797445492098941e-15
A1: [0.06621335889721264, -0.11395190645405368, -0.023983773203747876, 0.07172304506766271] - [0.037402649258170134, 0.188193404910991, -0.1474089102774539, -0.07818697367289772] - [-0.06022936240706079, 0.32895080869180515, -0.12775310095727793, -0.14096831352972877] - [0.039046171563033666, -0.05332267427307354, -0.03741857837153451, 0.05169513234153778]
A2: [-0.009108672443956013, -0.3468032880071136, 0.24945499288682468, 0.1064565785498514] - [0.08003984844619647, 0.03628228140533686, -0.050250087472510085, -0.06607193449725603] - [-0.04245279845652528, 0.23083191426647498, -0.04053122303894192, -0.14784781574604397] - [0.06813477241104483, -0.29346785922529445, 0.1417712337638486, 0.08356185331459141]
B1: -1.8619671325698014e-08 - 7.416786109637965e-09 - 7.195771701810237e-09 - 6.523261646339004e-09
B2: 8.460717424041649e-08 - -1.6557497526005975e-08 - -6.561202801486104e-08 - 1.975439494005828e-08
