Number: 8842
Error: 0.00016291918703657506
A1: [0.08069453118004062, -0.18012373189190561, -0.019948634478383246, 0.11997500485011273] - [0.037077869476449594, 0.13330278428674627, -0.1356060330784943, -0.03655918569972097] - [-0.003851164680919163, 0.22607288115054636, -0.12539128945009353, -0.10575610343939687] - [0.03804078749751316, -0.11518290586924294, -0.04797939262401224, 0.12131945445393773]
A2: [0.023709402829683972, -0.04104129088834726, -0.0865726319712264, 0.05756408932250021] - [0.08397620445974024, 0.26379369090829596, -0.41069115706181825, -0.012968384251088934] - [0.010729524952527356, 0.5607325490044944, -0.33886381090192824, -0.14522142629333024] - [0.07340634323976036, -0.007175934757490482, -0.1919144149097268, 0.0278968779567997]
B1: -0.0030609054286777123 - -0.003647501865113468 - -0.015566700948165283 - 0.0007645423914572451
B2: 0.005844373064498936 - 0.0071773719228742094 - 0.011279459205112531 - 0.005531576306664229
