Number: 5738
Error: 0.003386585350671525
A1: [-0.039878023154818594, -0.2978139287885275, -0.14371886757304664, -0.0016586145605875027] - [-0.07204734853663755, 0.011451855197329431, -0.25551056714758924, -0.15175687177804575] - [-0.1572499756286761, 0.1036068917071713, -0.27159782454220555, -0.25277573445937507] - [-0.11355641232298355, -0.22534368355167056, -0.18395661765034954, -0.019462397659612454]
A2: [-0.09924185290742482, -0.16144125074172178, -0.17401250296988896, -0.07995728580120798] - [-0.03722869976325247, 0.14889492212796102, -0.5230622479849127, -0.16563281835166976] - [-0.1470312308901573, 0.40905210953370924, -0.4689823906945576, -0.3314199245898024] - [-0.04901963663288207, -0.12445310332043533, -0.2863481547478142, -0.11852877557852545]
B1: -0.01900816650365255 - -0.20171362543822288 - -0.048692840444876595 - -0.05243343073504384
B2: -0.08967413173766645 - -0.07802535444161963 - -0.15475954579377882 - -0.10518896875093556
