Number: 4529
Error: 8.90604118498057e-16
A1: [0.06621308878181698, -0.11395217053335897, -0.023984043107178242, 0.07172277540557097] - [0.037402513582658746, 0.1881932752821889, -0.14740904365690793, -0.07818710706415621] - [-0.0602293846838835, 0.3289507872961938, -0.12775312275604597, -0.14096833521131302] - [0.039045990186809015, -0.05332284642869885, -0.0374187538471257, 0.051694958290795005]
A2: [-0.009108566523626538, -0.34680317564247504, 0.2494550996641358, 0.10645668960126192] - [0.08003984764566457, 0.03628228054292513, -0.050250088347509075, -0.0660719353796328] - [-0.04245267403768562, 0.23083205158270137, -0.04053108970691263, -0.14784767814357477] - [0.06813477628019321, -0.293467854965226, 0.1417712379584004, 0.0835618576526061]
B1: 1.3840449244914568e-08 - 4.5985205690962285e-09 - 2.7315410463970028e-08 - -2.975200106841817e-08
B2: 1.2286950616082736e-08 - 2.0045555397045645e-08 - -7.04578237189274e-08 - 2.5263252580533132e-08
