Number: 3729
Error: 1.1959972156204807e-15
A1: [0.06621307327715735, -0.11395218569150001, -0.02398405859966657, 0.07172275992694985] - [0.037402595610382616, 0.18819335365411285, -0.1474089630173919, -0.07818702641746023] - [-0.06022932488036285, 0.328950844734186, -0.12775306423586852, -0.14096827700605385] - [0.03904598789112194, -0.05332284860764672, -0.037418756068082905, 0.0516949560879294]
A2: [-0.009108321188708888, -0.3468029153802679, 0.24945534698423838, 0.10645694682171815] - [0.08003984201751808, 0.03628227447979753, -0.05025009449877489, -0.06607194158311344] - [-0.04245270140098917, 0.23083202138317116, -0.040531119030400055, -0.14784770840614475] - [0.06813497458560017, -0.29346763662205627, 0.1417714529410304, 0.08356207998991041]
B1: -7.738357921245204e-09 - 3.193008619957899e-08 - -5.925112434785424e-08 - 2.4573594944625e-08
B2: -1.158658319883149e-08 - 3.229117039357698e-08 - 1.5102555464918246e-08 - -2.195283998346729e-08
