Number: 7982
Error: 1.0039300530088272e-15
A1: [0.08043169433101928, -0.18046780110521704, -0.01958884733844242, 0.11962498138349906] - [0.037415552085121186, 0.13359635828745844, -0.1347262140512687, -0.036285852990558455] - [-0.0017028350294368882, 0.22819010049046123, -0.12282839863839741, -0.10365892623683089] - [0.038863237737920144, -0.11448101525291732, -0.046416438089086756, 0.12203423125967523]
A2: [0.03530746074582577, -0.029273458063504804, -0.07569733313691165, 0.06966342625312656] - [0.10289369497110547, 0.28289664509283413, -0.39260645012331513, 0.006815937678307316] - [-0.011187142835348107, 0.5390145475871945, -0.35945105604610406, -0.16837650971172652] - [0.09786278439232775, 0.017463301411674147, -0.1688510248082767, 0.05352486262186907]
B1: 1.0232536880361304e-08 - -1.0275145875883888e-08 - -1.2668865674679663e-08 - -5.457361439678281e-10
B2: -1.8760471196523276e-08 - 2.95793841630433e-08 - -3.175144821311913e-11 - -1.4586497538287633e-08
