Number: 2704
Error: 6.860146098063469e-09
A1: [0.06338619066937891, -0.04792115708387395, -0.02349226687504081, 0.0078070460831608105] - [0.04378534128962824, 0.1913899386446693, -0.1424372422537334, -0.09237632835384246] - [-0.12361364000677817, 0.41469454243611453, -0.10502457478948408, -0.18723711931240045] - [0.03675252436068196, 0.018916584845228474, -0.03338173695847615, -0.023299962437860894]
A2: [0.06284993081298593, -0.17427353752325989, 0.0857378374268716, 0.023376125631241952] - [0.02925980588794796, 0.20026888557823785, -0.10174016665264242, -0.12790255808686754] - [-0.09335843637987513, 0.5137330403482258, -0.22555523716334527, -0.19504784598300534] - [-0.02575132944795321, 0.018696463382500434, -0.05011402516277655, 0.05714874083454662]
B1: -0.00013518299633582563 - 5.652690724365198e-05 - 2.3325589957843894e-05 - 1.9884039626386643e-05
B2: 0.00012105015430466963 - -6.438501494810242e-06 - 4.3302503956377734e-05 - 5.877967406309748e-06
