Number: 2678
Error: 5.004983165617497e-09
A1: [0.06381935671762358, -0.04748953560215416, -0.023062783905948587, 0.008237177377785248] - [0.043894553293600085, 0.1914953543650203, -0.14232475885416854, -0.0922562015879592] - [-0.12304188630894741, 0.4152645184491937, -0.1044499247140623, -0.18666451713479823] - [0.03739460305719034, 0.019560400365624505, -0.03274028472014847, -0.022661668886136348]
A2: [0.06363021291468557, -0.17349730377584818, 0.08651534957567482, 0.024147427526403854] - [0.029133482960268835, 0.20014446508086883, -0.10186620674291492, -0.12802614083192318] - [-0.09314656160003922, 0.5139410286698601, -0.22534338891221734, -0.1948421073262453] - [-0.025538936226559644, 0.018907803710861558, -0.04990208061640683, 0.05735626953483508]
B1: 0.00015767784337272355 - 0.00013081648573333183 - 2.8795755318541132e-05 - 4.0666311488710225e-05
B2: 5.7129801198954804e-05 - 3.395338271380816e-05 - 3.398818985167941e-05 - 7.471199326083102e-05
