Number: 6274
Error: 8.543560602902962e-16
A1: [0.08043164818525432, -0.18046784724574114, -0.019588893429025377, 0.11962493524300852] - [0.037415550345881385, 0.13359635654953184, -0.13472621578710078, -0.036285854728853935] - [-0.0017028297705621713, 0.2281901057492321, -0.1228283933872284, -0.10365892097936345] - [0.0388632105188662, -0.11448104239557157, -0.04641646529079843, 0.12203420405754227]
A2: [0.03530747800753981, -0.02927344075406115, -0.07569731672475719, 0.06966344431945765] - [0.10289368510316357, 0.2828966351411184, -0.39260645966742924, 0.006815927345052483] - [-0.011187162465770804, 0.5390145278397096, -0.3594510746266394, -0.1683765303970869] - [0.09786276739307574, 0.01746328433510387, -0.1688510409904254, 0.0535248447781457]
B1: 9.812471343252614e-09 - -1.9187010497025654e-08 - -3.107125829928742e-08 - -1.1509862311021612e-08
B2: -2.4643017603493065e-08 - -2.3463242216959814e-08 - -3.1869851759210827e-09 - -1.1860734174831216e-08
