Number: 9128
Error: 7.024460272537749e-06
A1: [0.06630673747818004, -0.13513937201862614, -0.013945241490368077, 0.1346215443475052] - [0.013067639287411845, 0.13859578933077385, -0.10592376216961485, -0.014747081507950018] - [-0.01496965350790848, 0.22279745082175073, -0.12745301735997822, -0.08173105861067471] - [0.036528073788591964, -0.09067991440360545, -0.03992699958333582, 0.13168075282575206]
A2: [0.08234107265147735, -0.07949420030064977, -0.12976449487573483, 0.10053487094534502] - [0.11328560170178394, 0.25427950762452917, -0.40046868079568804, 0.05068767729029412] - [0.02920120130402258, 0.45535889054327666, -0.38471405260205005, -0.1289936718141177] - [0.15696122004527543, -0.03114064830454983, -0.18847142156989635, 0.11633074762279945]
B1: -0.003469591551033419 - 0.0019239484108226597 - 0.005109837173700468 - 0.004012520915499056
B2: 1.2706735725609257e-05 - 0.0054076057219605515 - 0.006122678945431548 - 0.002870927866066356
