Number: 3547
Error: 1.798340123590361e-11
A1: [0.06622778337606734, -0.11393780471040789, -0.02396936070556728, 0.07173744583186603] - [0.03740710687380134, 0.18819766359020515, -0.14740452829745934, -0.0781825906338471] - [-0.06022989945136964, 0.32895029341999066, -0.1277536254973606, -0.14096883687496375] - [0.039062854380825705, -0.05330683978789609, -0.03740243887075099, 0.051711141597594094]
A2: [-0.00913147599771041, -0.3468274786981095, 0.24943200577847105, 0.10643267015037004] - [0.08003453474836936, 0.036276557376576986, -0.050255894972326035, -0.0660777914947978] - [-0.04245135058389769, 0.23083351255941983, -0.04052967172271949, -0.14784621498691775] - [0.0680808517095999, -0.2935272286344466, 0.1417127797710289, 0.08350139905927294]
B1: -6.607934822247613e-07 - -6.84026512353221e-06 - 3.999739119045941e-06 - 4.2739328075416555e-06
B2: -2.262105948813388e-06 - 2.711835385757526e-06 - -5.536310193396486e-06 - -3.91150686149422e-06
