Number: 3603
Error: 3.93857400258758e-12
A1: [0.06621056399643427, -0.11395463890773842, -0.02398656598508937, 0.07172025484202495] - [0.037405790242704795, 0.18819640590361456, -0.1474058224478726, -0.07818388555608351] - [-0.06022461668844167, 0.328955366710276, -0.12774845696948645, -0.14096369468823186] - [0.0390465629697591, -0.053322302779121394, -0.03741819974097318, 0.051695507888758624]
A2: [-0.00910308493035279, -0.3467973604973067, 0.24946062562082988, 0.10646243672377012] - [0.0800472347293811, 0.03629023859102124, -0.05024201467931977, -0.06606379315308425] - [-0.04246868894525038, 0.23081437640127894, -0.040548252063764244, -0.1478653901300568] - [0.06814805219933379, -0.2934532375660225, 0.14178563043186063, 0.08357674249614633]
B1: -9.547364248791689e-07 - -1.490453904690821e-06 - -3.6698707763625806e-06 - 2.753497957328075e-06
B2: 3.8592761896891983e-07 - 1.0270591422333456e-06 - 8.993396240694136e-07 - -4.6777761107172144e-06
