Number: 8551
Error: 8.845577731841294e-16
A1: [0.08043168112779135, -0.1804678143069133, -0.019588860525892385, 0.11962496818179509] - [0.037415557827137555, 0.1335963640251882, -0.134726208320522, -0.03628584725162357] - [-0.0017027616506332067, 0.2281901738676898, -0.12282832536704173, -0.10365885287761] - [0.03886324438625498, -0.11448100862315465, -0.04641643144497256, 0.12203423790393304]
A2: [0.035307473689186346, -0.02927344508433346, -0.07569732083047663, 0.06966343979965486] - [0.1028937393290285, 0.28289668982725125, -0.3926064072208585, 0.0068159841274735835] - [-0.011187125043571293, 0.5390145654851042, -0.35945103920583865, -0.16837649096386628] - [0.09786279773582665, 0.01746331481584854, -0.16885101210612083, 0.0535248766281658]
B1: 3.0355669905289174e-08 - -1.1328336928856575e-08 - 1.6872926022366518e-08 - 1.0905053295777686e-08
B2: 4.0412812782752946e-08 - -3.4152262817475664e-08 - 1.870216492710181e-08 - 3.315543790014429e-08
