Number: 4515
Error: 1.2348412602273903e-15
A1: [0.0662131152860763, -0.11395214462138024, -0.023984016623720135, 0.07172280186535185] - [0.03740254389166489, 0.18819330424039094, -0.1474090138608307, -0.07818707726543987] - [-0.060229397320262626, 0.328950775159652, -0.1277531351212465, -0.1409683475100416] - [0.03904599618200583, -0.053322840738280884, -0.03741874804697079, 0.05169496404386213]
A2: [-0.009108567677264767, -0.34680317686630324, 0.249455098501164, 0.10645668839174001] - [0.08003978690043928, 0.036282215102934494, -0.05025015473856137, -0.06607200233441923] - [-0.04245290276191389, 0.23083179914869453, -0.040531334816678685, -0.14784793110367678] - [0.06813485367215463, -0.29346776975338423, 0.14177132185871294, 0.08356194442318693]
B1: -6.194547823371523e-09 - -1.7070859184493298e-08 - -4.251327538049936e-08 - 1.636689818174035e-08
B2: 1.729103084497129e-08 - 1.606429047251112e-08 - -1.3491225854316302e-07 - 3.230476494623133e-08
