Number: 1160
Error: 1.392755600142329e-07
A1: [-0.009026912508492881, -0.016824032704229802, 0.0010958418010355172, 0.0175578344577745] - [0.06781041705788554, 0.19082786844104907, -0.14571871454272706, -0.10876269156365684] - [-0.11282051583820549, 0.44158893595914317, -0.07102134879584, -0.25835739916493206] - [-0.02902184452670127, 0.00982837948627172, -0.03565729624742211, 0.03294888730464793]
A2: [0.13040104218951654, -0.22580658793092637, 0.021509344623337357, 0.06901686021119739] - [0.033615919392367875, 0.20471095391070604, -0.1139202653329403, -0.12051397659113446] - [-0.09463297101002657, 0.555518378084475, -0.23519885362535073, -0.22565034020844] - [-0.02131405185450651, -0.019779238815776135, 0.007636906642045124, 0.031716147078972606]
B1: 1.3271095416219009e-05 - 0.0005593093772599969 - 0.0007713007571907471 - -0.0002706211447522153
B2: 0.0003060150289866591 - 0.002068173580780527 - -0.0007120617566843834 - 0.0004441006115535889
