Number: 3487
Error: 1.1891436156384552e-09
A1: [0.06619466301779298, -0.11397018741176047, -0.024002463178839226, 0.07170438184644272] - [0.037412798343730645, 0.18820309810747893, -0.1473989236578392, -0.07817699864216625] - [-0.06034360209202506, 0.32884108654044464, -0.12786487989673032, -0.14107950992863583] - [0.038981849346725925, -0.05338372916326816, -0.037480789690524735, 0.05163341596208197]
A2: [-0.00915127787615051, -0.34684848624688686, 0.24941204943434114, 0.10641193004106463] - [0.0800162018729661, 0.03625680577490854, -0.05027593335149647, -0.06609798985015833] - [-0.04257559491141154, 0.2306963613312893, -0.04066282489102492, -0.14798363400619252] - [0.06813366100639043, -0.2934690800563316, 0.14177004400847656, 0.08356061796901483]
B1: -1.1968109887173184e-05 - 3.623742259437041e-05 - -9.246197910596308e-05 - 1.5306476797435683e-05
B2: 1.8055902270453923e-05 - 1.8872932099580052e-06 - -6.940999337383354e-06 - 3.316831870134425e-05
