Number: 8023
Error: 9.380827330672757e-16
A1: [0.0804317657775238, -0.18046772966680047, -0.019588775977362662, 0.11962505282184528] - [0.037415524782195224, 0.1335963310051928, -0.13472624129979696, -0.036285880278361514] - [-0.0017027909834269562, 0.2281901445355334, -0.12282835465687632, -0.10365888220257499] - [0.03886330636681293, -0.11448094681661797, -0.046416369503921764, 0.1220342998459161]
A2: [0.035307428842076355, -0.02927349005549392, -0.07569736347063691, 0.0696633928624411] - [0.10289371319441645, 0.2828966634708055, -0.39260643249795396, 0.00681595676075672] - [-0.011187123950150167, 0.5390145665850289, -0.35945103817082746, -0.16837648981176406] - [0.09786278102554076, 0.017463298029570147, -0.16885102801324525, 0.0535248590878433]
B1: 3.203812025051822e-09 - 9.913809066957146e-09 - -1.5958649304509133e-09 - 2.8934344266171647e-09
B2: 1.9628314003040428e-08 - -2.4000881331655664e-08 - 4.005111449101098e-09 - 1.2869807687454786e-08
