Number: 2301
Error: 2.9211178416165602e-05
A1: [0.02856033199992366, -0.07855018737878205, -0.05811776372757718, -0.023957655816976814] - [0.006523328014819538, 0.15469032305201907, -0.1830987353358947, -0.13320505102649743] - [-0.15086509556969077, 0.39705125604241037, -0.12531168644941876, -0.2068822399977386] - [0.017833891556314603, 0.009131099112859028, -0.041941134900720455, -0.03519199628716393]
A2: [0.035107226344765034, -0.20602164761432076, 0.061321620874160376, -0.004202402560579601] - [0.0707406958868953, 0.2398841196590567, -0.06041490638471147, -0.08790571100492241] - [-0.07525877443963581, 0.5309705733950686, -0.2076671781670739, -0.18127742454594387] - [-0.031149385100689642, 0.012367167137060393, -0.054765508415341044, 0.05188944998410912]
B1: 0.005186944243933345 - 0.005471775687680766 - -0.011491565501911823 - 0.01781554081343943
B2: 0.015158674588392622 - -0.005985935627806678 - 0.0032904373270270133 - 0.000770626091156692
