Number: 5121
Error: 1.2153655193449047e-15
A1: [0.06621318318368387, -0.11395207824103723, -0.02398394877940787, 0.07172286964899961] - [0.037402606273038375, 0.18819336384161703, -0.1474089525351223, -0.07818701593430548] - [-0.0602296157649232, 0.3289505653551924, -0.1277533488785075, -0.14096856011754078] - [0.03904626311460852, -0.05332258737566253, -0.03741848979839938, 0.051695220195493816]
A2: [-0.009108453593714956, -0.3468030558417126, 0.2494552135077229, 0.1064568080019768] - [0.08003980250087384, 0.03628223190910888, -0.05025013768807459, -0.06607198513920369] - [-0.04245295235867223, 0.230831744411017, -0.04053138796629727, -0.14784798595545165] - [0.06813465345670389, -0.29346799019881653, 0.141771104806116, 0.0835617199453197]
B1: -2.8101096297787707e-09 - 4.589454631576685e-10 - 1.2158552024074661e-08 - -2.765718696749284e-09
B2: 1.932523625898258e-08 - 1.8944165813273834e-08 - -3.9569402372302874e-08 - 2.4975983235923964e-08
