Number: 8061
Error: 9.103385186522615e-16
A1: [0.08043170703698259, -0.1804677884006877, -0.01958883464767324, 0.11962499408801187] - [0.03741558195577512, 0.13359638813549837, -0.1347261842401282, -0.03628582313645082] - [-0.0017028077587538295, 0.22819012776056397, -0.12282837140764255, -0.10365889897342537] - [0.03886324816846994, -0.11448100485163497, -0.04641642766518477, 0.12203424168374302]
A2: [0.03530742634544107, -0.029273492559046852, -0.0756973658444159, 0.06966339024944636] - [0.10289367832172638, 0.28289662830215734, -0.392606466226389, 0.006815920243995939] - [-0.011187039687548172, 0.5390146513502102, -0.35945095841430763, -0.16837640102146587] - [0.09786278486043495, 0.017463301881908002, -0.16885102436266933, 0.053524863113228786]
B1: -1.8814031691379217e-08 - 1.8816244537490752e-08 - 1.2383638578191298e-08 - 1.0299186056496212e-08
B2: 1.5689979173219283e-08 - -6.0580730433251294e-09 - 1.0720741181371093e-08 - 7.276836176695023e-09
