Number: 1840
Error: 1.640596319330412e-07
A1: [-0.006639287991490067, -0.014419718450279619, 0.003608677816405073, 0.02000335953504623] - [0.06698077644454188, 0.19003802681434753, -0.1465781860080393, -0.10968999293868108] - [-0.11129741303283554, 0.4430801860992462, -0.06949098760902993, -0.25669138869935526] - [-0.022483208767535325, 0.01625148212350747, -0.029099494841427032, 0.03985489632931651]
A2: [0.13249539656306097, -0.22377008348295327, 0.023567241957933888, 0.07104345542470984] - [0.033667841322874856, 0.2047683883263505, -0.11386900665500226, -0.12044956943181427] - [-0.09643670698602483, 0.553774434260445, -0.23690596694010346, -0.22730608576109743] - [-0.019512531588129153, -0.018016890933922173, 0.009413953648377969, 0.03342715573091425]
B1: -1.0506399231358066e-05 - 0.00010207820765207503 - 0.0008429392971495977 - 6.822832859605421e-05
B2: -0.0002769731249589876 - 0.00042332011490736615 - -0.00020548240152596782 - -0.00010244522677659879
