Number: 7007
Error: 1.1942610304039625e-15
A1: [0.08043169778128904, -0.1804677976553264, -0.019588843892290483, 0.11962498483337726] - [0.037415587267380056, 0.13359639344308338, -0.134726178939167, -0.03628581782781031] - [-0.0017028042852841564, 0.22819013123396073, -0.12282836793926367, -0.1036588955008893] - [0.03886320707998924, -0.11448104582479934, -0.04641646872748395, 0.12203420062079927]
A2: [0.035307425113336656, -0.02927349379455953, -0.07569736701587035, 0.06966338895991525] - [0.10289370564437483, 0.28289665585667356, -0.3926064398002546, 0.006815948854739774] - [-0.011187087273786167, 0.5390146034801722, -0.3594510034558217, -0.16837645116463718] - [0.09786280412719539, 0.017463321236315943, -0.16885100602193978, 0.053524883337035874]
B1: -2.1965319579558275e-11 - 5.2373948703095325e-09 - 3.0528941209729037e-09 - -1.8234650057469893e-09
B2: 8.982680375259601e-09 - 1.6722763244606059e-10 - 1.298664307036609e-08 - -1.6054960469893524e-08
