Number: 2101
Error: 0.0004462834079890296
A1: [0.03025820621926189, -0.007929394551915811, -0.022938794766432867, 0.018470921398792438] - [0.01581320397035719, 0.14761709698528386, -0.19179442465869911, -0.1597914955211277] - [-0.15842065638310363, 0.3917035960959487, -0.1339156108693399, -0.23601398254233344] - [0.12769331120718325, 0.13183743559971087, 0.05809637108837677, 0.1119798723232896]
A2: [0.18995161569795613, -0.1651713865127921, 0.10246097412671543, 0.08327595420445445] - [0.09531233663406691, 0.25609259821600033, -0.05954565803058011, -0.06919363026765048] - [0.055536896717447284, 0.6232268591711363, -0.11425961078102015, -0.12931585358580003] - [0.006705280396387264, -0.022507571071552185, -0.062053262936795084, 0.052442631037520136]
B1: 0.022709632273415162 - 0.007835308321620747 - 0.028074988828293436 - 0.040038203963357805
B2: -0.0012508520415528456 - -0.005899549231171745 - 0.027759549401041837 - 0.013942680149991225
