Number: 4275
Error: 7.51867510604308e-16
A1: [0.06621323439651021, -0.11395202817263905, -0.02398389760673563, 0.07172292077591676] - [0.037402603878153765, 0.1881933615534237, -0.14740895488951414, -0.0781870182888831] - [-0.06022928756981501, 0.3289508805689017, -0.1277530277259489, -0.1409682406924743] - [0.0390460894527069, -0.05332275220923443, -0.0374186578106734, 0.051695053547461164]
A2: [-0.009108439231144945, -0.34680304060506895, 0.24945522798665093, 0.10645682306049271] - [0.08003981010012497, 0.03628224009560556, -0.0502501293826752, -0.06607197676323734] - [-0.04245284076600609, 0.23083186757110877, -0.040531268379580467, -0.14784786253872229] - [0.06813477034129886, -0.29346786150417736, 0.1417712315202548, 0.08356185099399989]
B1: -3.0962286584278207e-08 - 1.254826243543059e-08 - 1.7613450146051533e-08 - 1.9502567593194478e-08
B2: 2.9179401129616437e-08 - -4.330055554977526e-09 - 2.2158625494309975e-08 - -3.881814910812974e-08
