Number: 3157
Error: 1.2946424814212241e-05
A1: [0.06573599684136153, -0.045535569489315635, -0.02080818031893049, 0.010761433163431856] - [0.0376149761812074, 0.1854411670614662, -0.14873022990577994, -0.09914865846877596] - [-0.11920945681979109, 0.4192501272022695, -0.10005187304801949, -0.18195677569276797] - [0.05300293685591635, 0.03521253846002026, -0.01704600846187466, -0.006456748554677791]
A2: [0.037058174042892765, -0.20015069927603268, 0.05997710538212525, -0.0030153231746369302] - [0.024391846247137104, 0.19541625684515132, -0.10660057541045118, -0.13277193745143429] - [-0.10973093863958451, 0.49785098987219006, -0.24193822407649404, -0.2106080592958724] - [-0.0420066596973573, 0.0029689956954165615, -0.06629880618892772, 0.041852949812143575]
B1: -0.013641839770133134 - -0.0021470972676927835 - 0.0035162033861132367 - 0.007532534155938516
B2: 0.0005525904098113812 - -0.0013833590672810943 - -0.0007853054344410608 - 0.002553049482735747
