Number: 3678
Error: 1.611084119151963e-14
A1: [0.06621402338331082, -0.11395125681631363, -0.023983109238664375, 0.0717237084385367] - [0.03740232399614642, 0.18819309414443153, -0.14740923003545567, -0.07818729345868194] - [-0.06022910114507427, 0.32895105961931415, -0.12775284530178485, -0.14096805924946307] - [0.03904547259322088, -0.053323337710554766, -0.03741925460183575, 0.05169446160288955]
A2: [-0.009107704836436312, -0.34680226152812255, 0.2494559683226054, 0.1064575930314011] - [0.08003934003118611, 0.0362817336971902, -0.05025064314133305, -0.06607249488333142] - [-0.04245256759980488, 0.23083216905476997, -0.04053097564334984, -0.14784756042675204] - [0.06813568996842058, -0.29346684895498953, 0.1417722284851716, 0.08356288206512148]
B1: -9.091061486264243e-08 - 9.997882937036285e-08 - 2.3145693802025483e-07 - -3.435227671828542e-08
B2: 4.108357389754818e-08 - -3.3059484438565065e-07 - 1.2729673914186842e-07 - 6.101950249609917e-08
