Number: 4110
Error: 7.462554062518612e-16
A1: [0.06621318900192558, -0.11395207255280597, -0.02398394296569987, 0.07172287545751499] - [0.03740264406544413, 0.18819339994965076, -0.1474089153823297, -0.07818697877820427] - [-0.060229359060751726, 0.328950811905788, -0.12775309768276233, -0.14096831027303486] - [0.039046220589782875, -0.05332262773889089, -0.03741853093995148, 0.05169517938803179]
A2: [-0.009108639158993223, -0.3468032526972634, 0.24945502644116166, 0.10645661344707565] - [0.08003982446274242, 0.0362822555682549, -0.05025011368515121, -0.06607196093242945] - [-0.04245281392293712, 0.2308318971967829, -0.04053123961350626, -0.14784783285132141] - [0.06813475282283189, -0.2934678807927912, 0.1417712125285256, 0.0835618313525645]
B1: 1.8151586900902145e-08 - 1.1556664943097628e-08 - 1.3810902364972763e-08 - 4.890657137886902e-09
B2: -2.4356773615497455e-09 - 1.1153340443114346e-08 - 2.0046999861301228e-08 - 2.6341033902909184e-08
