Number: 9531
Error: 3.3013422687896797e-13
A1: [0.05317231918314468, -0.14800150203171944, -0.02699927802784708, 0.12182759092804073] - [0.0053140092351988905, 0.1308369839591367, -0.11360045442642078, -0.02254947356520035] - [-0.014444426922564214, 0.2230916704855304, -0.1270411299971433, -0.081605883338361] - [0.027145096406830677, -0.10002140173697345, -0.04942587497460509, 0.12229675323414271]
A2: [0.08925427712111268, -0.07291355408467477, -0.12362760084787695, 0.10728619659807663] - [0.10883966805220016, 0.24981212000080577, -0.4048473094724535, 0.04618738465808482] - [0.03663301881167713, 0.46255222146406766, -0.3777202922481841, -0.12147621084751312] - [0.1434227528679845, -0.04461028994486152, -0.20150312899918507, 0.10267612756681845]
B1: -2.3552061232534684e-07 - 2.968117108105129e-07 - 6.275419479683064e-07 - 8.400321346714021e-07
B2: -2.776553169535433e-07 - 9.914559619143394e-08 - 2.3472806478718346e-07 - 8.550010972496827e-07
