Number: 1351
Error: 1.7748645605102408e-09
A1: [-0.0073145724116365, -0.015121981084925287, 0.0028652569037024805, 0.019324256563358608] - [0.0668196222606027, 0.18987756445112078, -0.1467425828669097, -0.10987023774213774] - [-0.11265970365604343, 0.4417125325959672, -0.07086680898560507, -0.2581803338168053] - [-0.023728113923619443, 0.014991691022323226, -0.030300649579586187, 0.03853285987223378]
A2: [0.13157319407779222, -0.2246413094837934, 0.02265397635712836, 0.07014790570567137] - [0.03274497915428721, 0.20384634473300198, -0.11479004349765667, -0.12136091496170869] - [-0.09463434359746968, 0.5555287574556533, -0.23521357562179804, -0.22564662586253187] - [-0.020907430045238862, -0.0193548900774382, 0.008038661261674795, 0.03210472684721034]
B1: -2.5281274133043228e-05 - -0.00011758116931069105 - 5.4165125864388086e-05 - -3.693530123510294e-05
B2: 7.106360319791654e-05 - -0.0001846532565322757 - 2.9147389317558095e-05 - 5.607553336729036e-05
