Number: 5072
Error: 9.537271421034628e-16
A1: [0.06621330554565368, -0.11395195861339914, -0.02398382651343944, 0.0717229918056392] - [0.03740266046230513, 0.18819341561578706, -0.1474088992629274, -0.07818696265739719] - [-0.06022924172616526, 0.3289509245992861, -0.1277529828659997, -0.14096819607358904] - [0.03904614528661799, -0.05332269921368394, -0.03741860379310667, 0.05169510712637817]
A2: [-0.009108644890698216, -0.34680325877747964, 0.24945502066301015, 0.10645660743788554] - [0.080039852870163, 0.03628228617121162, -0.05025008263737172, -0.06607192962106237] - [-0.04245279012201313, 0.23083192346493156, -0.0405312141073697, -0.14784780652841675] - [0.06813478438819015, -0.2934678460379761, 0.1417712467481945, 0.08356186674313529]
B1: -2.8177330326772272e-08 - 4.051999758303727e-09 - 1.2067005564524937e-10 - -1.961423566819833e-09
B2: 6.025283774179783e-08 - -1.1513733305443228e-08 - -4.3433237866829525e-08 - 3.380833424230693e-08
