Number: 9524
Error: 2.583312950906816e-13
A1: [0.05317198444566433, -0.1480018368982658, -0.02699961240348838, 0.12182725602139552] - [0.005313406840181342, 0.1308363809306001, -0.11360105673295366, -0.022550076812717607] - [-0.014445404294477531, 0.22309069275516716, -0.12704210659647835, -0.08160686106029387] - [0.027148638096807908, -0.10001786003693579, -0.04942232579829326, 0.12230030394021106]
A2: [0.08925591467805306, -0.0729119203080513, -0.12362600017853782, 0.10728785437023695] - [0.10884128093946889, 0.24981373317393826, -0.4048457285310949, 0.04618902469171706] - [0.03663567831115509, 0.46255486712664107, -0.377717697508267, -0.12147352375846752] - [0.1434263438729361, -0.04460671231422304, -0.20149962269537622, 0.10267977185191877]
B1: -1.3400567225109698e-07 - -2.778395315298678e-07 - -9.499214119829048e-08 - 3.629973866082869e-08
B2: 1.1213257404980602e-07 - -1.6107675512226512e-07 - -7.03457038824492e-07 - -1.2515195587920747e-06
