Number: 1510
Error: 8.947206267521346e-10
A1: [-0.0072560210666028765, -0.015062996702082956, 0.002925592439555937, 0.019384057121860327] - [0.06650889180572717, 0.18957858090670932, -0.14706368802114306, -0.11021596680679419] - [-0.1123778077150961, 0.4419886511497019, -0.07057313386144302, -0.2578750110335739] - [-0.023476639703159805, 0.015238480398885005, -0.030044097948298334, 0.03879855082018577]
A2: [0.13170650017971272, -0.2245099953227363, 0.022784614295289933, 0.07027838105033395] - [0.03255240973997831, 0.2036568421386753, -0.11498174709196503, -0.12154936272402266] - [-0.09465317626479451, 0.5555097353009806, -0.23523290207776032, -0.22566571009122832] - [-0.020783768112740214, -0.019232868061975904, 0.008160838027610931, 0.03222339878888623]
B1: -3.780943396177036e-07 - -0.00019106065942645745 - 1.0556150494826743e-05 - -3.115510647967135e-05
B2: -8.364976175706504e-05 - -8.112643112890209e-05 - 9.136357541165928e-06 - -0.00015329382315624524
