Number: 1905
Error: 4.685639574548151e-06
A1: [-0.011026180615239118, -0.018807920893778824, -0.0009711526424561841, 0.01552008348757582] - [0.0687971528602745, 0.19178554300685471, -0.14469244690539365, -0.10766901248190289] - [-0.12258858799901881, 0.4319476706880455, -0.08128756906471211, -0.26895195425429724] - [-0.033969850105143765, 0.004944969115351947, -0.040847748035383, 0.027716630670939862]
A2: [0.133303363783531, -0.22302813924773704, 0.024256958453301402, 0.07177873198907064] - [0.03202904207250482, 0.20315190123910518, -0.11549537647212714, -0.12204544459003133] - [-0.09434750027484294, 0.5557664721065644, -0.2349393469943321, -0.22530694800651763] - [-0.0213007089152846, -0.01981725039383116, 0.0075615033647650175, 0.03167109389332929]
B1: -0.00041728686805222407 - 0.0016696511341465182 - 0.00014391357779145364 - 0.0007700803922279743
B2: 0.0003031963272006027 - 0.002462183512474957 - -0.0032253171432918286 - -0.0024884668214838583
