Number: 5793
Error: 2.477321070140925e-05
A1: [0.07683502074949408, -0.18462573242370459, -0.023655493972061507, 0.11567326537950125] - [0.012603027447528486, 0.10785628172924686, -0.16074763447927953, -0.06195304034031262] - [0.0013124039264151017, 0.2315127361143156, -0.11967623029834397, -0.10056325381495489] - [0.06479155518300435, -0.08816160243940359, -0.01956242880649365, 0.1485394647491031]
A2: [0.022002231630434986, -0.04284096034309844, -0.08771170876594564, 0.05646525462669417] - [0.11852892087175806, 0.29845459625592313, -0.37767866638399605, 0.02322344790644736] - [-0.02268869905234636, 0.5280422931189983, -0.3704227416661591, -0.18137101565798422] - [0.08881451444951405, 0.008664380643700488, -0.17734214301495324, 0.04367767655340278]
B1: -0.006715632490565344 - -0.0033179329128279617 - -0.004089717310850442 - -0.0043026780997190445
B2: -0.0017530680719370956 - -0.004102171578673275 - -0.004924161742590765 - 0.004696331270311222
