Number: 9773
Error: 4.614272275782046e-16
A1: [0.05317257459640396, -0.14800124651069946, -0.026999022891570672, 0.12182784644996725] - [0.005313761145446705, 0.13083673564040638, -0.11360070245008169, -0.02254972198941757] - [-0.014444368458618476, 0.2230917289870612, -0.12704107156449737, -0.08160582484242918] - [0.027146415421418445, -0.10002008271241009, -0.04942455316804989, 0.12229807561595275]
A2: [0.08925443050348474, -0.0729134010354781, -0.12362745090390322, 0.10728635189332693] - [0.10884181387133622, 0.24981426619862196, -0.4048452061459349, 0.04618956659185808] - [0.03663588831660371, 0.462555076031642, -0.37771749261468013, -0.1214733115768638] - [0.14342640944235144, -0.04460664699137181, -0.20149955867601257, 0.10267983838364263]
B1: -4.596314708332356e-08 - 3.2763249752755285e-08 - 1.865540036984822e-08 - 2.105385221965148e-08
B2: 1.405960270507108e-08 - -1.821179342188138e-08 - 3.2482503633065984e-08 - -1.936295511722354e-08
