Number: 7943
Error: 9.703025695305697e-16
A1: [0.0804317026817822, -0.1804677927554009, -0.019588838997666343, 0.11962498973330714] - [0.037415629224933626, 0.1335964353688817, -0.13472613706516812, -0.03628577589348222] - [-0.0017028102479481949, 0.22819012527142146, -0.12282837389319204, -0.10365890146195557] - [0.038863251788209915, -0.11448100124205936, -0.046416424047753195, 0.12203424530123078]
A2: [0.035307482426375325, -0.029273436322997462, -0.07569731252329201, 0.06966344894414184] - [0.10289374861170288, 0.2828966991886755, -0.3926063982427939, 0.00681599384779535] - [-0.01118706857578019, 0.539014622289688, -0.3594509857577013, -0.16837643146194328] - [0.09786284727729616, 0.017463364582680566, -0.16885096494577645, 0.0535249286305236]
B1: -3.257078076569904e-09 - 2.26105776266863e-08 - 4.129890037505875e-09 - 1.4510464158146357e-09
B2: 9.910226661507322e-10 - 2.9075600536992326e-08 - 7.176837464894635e-09 - 5.270982148437492e-09
