Number: 4893
Error: 1.1456659392435998e-15
A1: [0.06621315483063556, -0.11395210596047348, -0.023983977110173672, 0.07172284134356455] - [0.03740257349289719, 0.18819333252238202, -0.14740898476054454, -0.07818704816257235] - [-0.06022945414036657, 0.32895072058700325, -0.1277531907220906, -0.14096840281176756] - [0.03904623059346753, -0.05332261824360173, -0.037418521261563496, 0.05169518898779961]
A2: [-0.009108567130374843, -0.3468031762861462, 0.24945509905248783, 0.10645668896514687] - [0.08003986382378843, 0.03628229797139689, -0.05025007066569636, -0.0660719175477252] - [-0.04245283518076837, 0.2308318737354274, -0.04053126239399898, -0.14784785636157194] - [0.06813472458591559, -0.29346791188272714, 0.1417711819169236, 0.08356179969392487]
B1: -8.571253917641002e-10 - 1.9455889405329234e-08 - -7.536306880168579e-09 - -1.7520506077333287e-08
B2: -1.8106594698089536e-08 - -1.3320833716734634e-08 - 3.668457148062399e-08 - 2.4689306232700802e-09
