Number: 3777
Error: 6.905349569995968e-16
A1: [0.06621324452511118, -0.11395201827039264, -0.02398388748609928, 0.07172293088750797] - [0.03740264332013391, 0.18819339923754924, -0.1474089161150393, -0.07818697951097195] - [-0.060229280653825434, 0.32895088721129856, -0.1277530209584039, -0.14096823396135327] - [0.03904616815684085, -0.05332267750626215, -0.037418581667071224, 0.05169512907281862]
A2: [-0.009108510734278704, -0.34680311645864453, 0.2494551559049986, 0.10645674809342873] - [0.08003983318034506, 0.036282264959616006, -0.05025010415730336, -0.06607195132367333] - [-0.04245277194360791, 0.2308319435278467, -0.04053119462674706, -0.14784778642367846] - [0.06813478412642492, -0.2934678463261346, 0.14177124646469455, 0.08356186644972005]
B1: 2.2813125005593025e-08 - 1.6237793579083213e-08 - 2.2870526238480672e-08 - 4.205151101268141e-09
B2: 8.215418260028532e-09 - 2.5613904692243668e-08 - 4.592547538351156e-09 - 5.826779867350329e-08
