Number: 8206
Error: 1.0116561472552274e-15
A1: [0.08043170421521081, -0.18046779122216783, -0.019588837466122996, 0.11962499126652366] - [0.03741558701488918, 0.1335963931908312, -0.1347261791910121, -0.03628581808007635] - [-0.0017028112414712278, 0.22819012427791388, -0.1228283748852743, -0.10365890245522297] - [0.038863244475480715, -0.11448100853427041, -0.04641643135584334, 0.12203423799303194]
A2: [0.03530726608289235, -0.029273653264788913, -0.0756975182202946, 0.0696632225176301] - [0.1028937480816728, 0.28289669865414596, -0.39260639875543046, 0.0068159932927735565] - [-0.011187015173043728, 0.5390146760109044, -0.3594509352107372, -0.1683763751897475] - [0.09786284414101419, 0.01746336143210911, -0.1688509679313023, 0.053524925338427745]
B1: -5.369354814291648e-08 - 4.634037359925992e-09 - 3.104677285160937e-08 - 2.35678511771781e-09
B2: -9.832528332485873e-10 - -9.431455732780875e-09 - -9.301147803004541e-10 - -4.353833112668495e-09
