Number: 1492
Error: 7.418156378650186e-09
A1: [-0.007935090510379121, -0.015748343639915098, 0.0022196390467144355, 0.01868659049531439] - [0.06665555056751828, 0.18971970140528963, -0.14691208028908914, -0.11005279829264503] - [-0.11250790995330465, 0.44186129149099496, -0.07070855250816954, -0.2580156224203931] - [-0.023609908883536503, 0.015107569424640784, -0.03018005877907519, 0.0386578560884046]
A2: [0.13183543836729303, -0.2243829723047762, 0.022911871606997262, 0.07040436774872363] - [0.032709642037301596, 0.20381162017836835, -0.11482514314137132, -0.12139546118770858] - [-0.0945347376812775, 0.5556263617205124, -0.23511620937586594, -0.22554937300295094] - [-0.020849968662168514, -0.01929820414370882, 0.008095398676868803, 0.03215963490836905]
B1: 1.6109057933268525e-05 - -6.241144853837938e-05 - -7.033570674719708e-05 - -3.346318997500818e-05
B2: -0.00023616677142909717 - -7.125429283330446e-05 - -0.00017427955278810634 - 0.0003297154282293918
