Number: 2822
Error: 6.257440359195833e-10
A1: [0.06346742427124359, -0.047839488455878106, -0.023411199318030994, 0.007887768410660733] - [0.043587926165657674, 0.1911994953814088, -0.14264041054834278, -0.09259300338510162] - [-0.12327445647669916, 0.4150303795764923, -0.10468849453377566, -0.18690334159685143] - [0.03709358811830654, 0.01925683789031041, -0.03304327659585546, -0.0229632644043466]
A2: [0.06268249866285781, -0.17444091354049787, 0.08556625695669483, 0.02320773845018645] - [0.02907301243271317, 0.20008503512399498, -0.1019262142185348, -0.1280852263923854] - [-0.09345431278947873, 0.513638317814573, -0.22565048846603136, -0.19514094613787641] - [-0.02622820256394211, 0.018221280254991784, -0.05058837144212227, 0.056684331530887914]
B1: -9.817105044619679e-05 - -6.539076277190935e-05 - 8.418107951974745e-05 - 0.00013700775702217457
B2: 2.0927747493400048e-05 - 1.3904402056560375e-05 - 3.959375996832559e-05 - 3.621033739928545e-05
