Number: 1938
Error: 8.073537346099195e-06
A1: [-0.025632280609910345, -0.033453334056569445, -0.016187088878853326, 0.0004586344115128536] - [0.07284494888513963, 0.19565729177104554, -0.1405113203317826, -0.10324636719573653] - [-0.12130948134060934, 0.4331386284758723, -0.08013211700348767, -0.26768116678282844] - [-0.0294653411839275, 0.009326103245780617, -0.036427209559312904, 0.0323816996619073]
A2: [0.13333319513600184, -0.2231293457256076, 0.024147885091484664, 0.07168525879231841] - [0.0334914517484168, 0.2046304093501474, -0.11403925581970013, -0.12062021245734662] - [-0.09307768065522148, 0.5569416561438938, -0.23370318469045526, -0.224050187782427] - [-0.020464544114261053, -0.019132911480747118, 0.008342080817022477, 0.0324221665393882]
B1: 0.0013410543331274826 - 0.001963645808870984 - 0.002440906781667631 - 0.0012044764228399648
B2: -0.003602660074762942 - -0.0007860744755017824 - 0.0005385398959805634 - 0.001621403005943047
