Number: 4078
Error: 1.0456966535103143e-15
A1: [0.06621315787505669, -0.11395210298409063, -0.023983974068141577, 0.07172284438288529] - [0.037402642835438, 0.1881933987744637, -0.14740891659151972, -0.07818697998750099] - [-0.060229367627060784, 0.3289508036783213, -0.1277531060652466, -0.14096831861043344] - [0.03904612649490501, -0.0533227170501916, -0.03741862197359787, 0.051695089093562754]
A2: [-0.009108514582993641, -0.3468031205415757, 0.2494551520251202, 0.10645674405823052] - [0.0800398309465737, 0.03628226255319936, -0.05025010659869169, -0.06607195378579707] - [-0.04245279530809248, 0.2308319177412889, -0.04053121966509762, -0.14784781226399868] - [0.06813478101992748, -0.2934678497465551, 0.14177124309690237, 0.08356186296672732]
B1: -1.4183146631868487e-08 - -2.6053805710471645e-09 - 6.447864264185878e-09 - 7.331685368663954e-10
B2: -1.217013108223413e-08 - 2.2588739760623607e-08 - -3.5816099581431005e-09 - -1.6741335350194716e-08
