Number: 9959
Error: 9.118934958168801e-16
A1: [0.05317256247223763, -0.14800125863924435, -0.026999035002274383, 0.12182783432004049] - [0.005313769798100373, 0.13083674430217865, -0.11360069379866833, -0.02254971332450197] - [-0.014444417328551652, 0.22309168009931166, -0.12704112039565313, -0.08160587372973079] - [0.027146515403137342, -0.10001998273107932, -0.049424452975669005, 0.12229817585157096]
A2: [0.08925443264051802, -0.07291339890335437, -0.12362744881502832, 0.1072863540564742] - [0.10884160733748693, 0.24981405962836048, -0.40484540858900375, 0.046189356583009475] - [0.03663575841348241, 0.46255494680443343, -0.37771761935466763, -0.12147344282729622] - [0.1434263196097099, -0.044606736489382404, -0.20149964638982146, 0.10267974721820747]
B1: 8.903140643994233e-09 - -2.408510020802999e-08 - -1.9887926289426948e-08 - -9.856542363635195e-09
B2: -8.643936511499024e-09 - 8.349578457722352e-09 - -5.2582437361431286e-08 - 4.656429279086616e-08
