Number: 9387
Error: 7.643358204167596e-12
A1: [0.053163941784225933, -0.148009881020159, -0.027007645455463348, 0.12181921098972985] - [0.005312246432024111, 0.13083521903221157, -0.11360221717418108, -0.022551239094519452] - [-0.014439454377424582, 0.2230966451823833, -0.1270361610639443, -0.08160090835393889] - [0.02714912543208104, -0.10001737109019353, -0.049421836279927134, 0.1223007946030673]
A2: [0.08928907295038792, -0.07287883984936279, -0.12359358911256908, 0.10732142175042478] - [0.10886122874580746, 0.24983368528135438, -0.4048261755536106, 0.04620930836215413] - [0.036651455258910996, 0.46257056178333117, -0.37770230471426053, -0.12145758336167442] - [0.1434289394440714, -0.04460412571062153, -0.2014970881863432, 0.10268240557719595]
B1: 1.3185095828074388e-05 - -1.5380792621560253e-05 - -1.5106286464493725e-06 - -1.5079508178455434e-05
B2: -3.7447915452541373e-06 - -2.395473916937715e-07 - -3.6376832103261507e-06 - -3.906497814387857e-06
