Number: 405
Error: 7.306378159990309e-11
A1: [-0.012184555432702908, -0.014549174273058588, 0.018052841786505545, 0.008549799011438037] - [0.06582753032391399, 0.18948784900462404, -0.1453305366327313, -0.11001713972237714] - [-0.09631664636781215, 0.42176330885381746, -0.05348291067876767, -0.27206319677104995] - [-0.0013558682780209523, -0.018252295754431762, -0.0038716926167241244, 0.02333702036689602]
A2: [0.16156397878018425, -0.16777708835538127, 0.008479050133254505, -0.0023552399276100745] - [0.03548280997450275, 0.20751385502683975, -0.11721332562074116, -0.12579487988542362] - [-0.08622508352070471, 0.5815268187433674, -0.23539995519673354, -0.2599468213811404] - [-0.00384878488872454, -0.004532877441035846, 0.001096581216959428, 0.0072301733049949584]
B1: 5.350846654821619e-06 - -8.957683199029706e-06 - 1.005621833095898e-05 - -1.0607822717003245e-06
B2: -1.363124570576951e-06 - -1.150035057791017e-05 - -5.231387502804387e-06 - -3.7982590080645313e-06
