Number: 8886
Error: 0.0001927100686714112
A1: [0.07730584322499376, -0.1808878996894252, -0.02038052189299952, 0.11936561045380799] - [0.03342850349160671, 0.13279965415881445, -0.13463969780537216, -0.03728847728416591] - [-0.03284943003426159, 0.19887560232953477, -0.15141543884887504, -0.13299545757043602] - [-0.017808173318661115, -0.16753175793909927, -0.10009790028008499, 0.0692279942065912]
A2: [0.0891386749365615, 0.024906373996631214, -0.026254188381963407, 0.1233971089220772] - [0.13160166157755948, 0.3119311643946839, -0.3644742586108647, 0.03569081119255743] - [0.050010105120458996, 0.5990317083667032, -0.30194312578083854, -0.10460921943772328] - [0.16821475711425804, 0.08834999874974603, -0.10155921718018267, 0.12639156414103458]
B1: -0.0042369736132981655 - -0.005492763417374124 - -0.01970381800059385 - -0.022359687465488585
B2: -0.02486599911878284 - -0.028677551219008477 - 0.005964681676460219 - 0.006825858066952099
