Number: 4200
Error: 7.9044592955992635e-16
A1: [0.06621317271241751, -0.11395208847829826, -0.023983959242426755, 0.07172285919534405] - [0.03740262057865657, 0.18819337750962226, -0.1474089384716391, -0.07818700186955821] - [-0.060229391672194627, 0.3289507805843066, -0.12775312959438825, -0.14096834201301967] - [0.039046083577967204, -0.053322757785323804, -0.03741866349429249, 0.05169504791000194]
A2: [-0.00910849185678765, -0.34680309643262874, 0.2494551749351996, 0.10645676788541662] - [0.08003984027963872, 0.03628227260758496, -0.05025009639818256, -0.06607194349867175] - [-0.042452830602786, 0.230831878787868, -0.04053125748827818, -0.1478478512985912] - [0.06813483489202876, -0.29346779043101834, 0.14177130149945272, 0.08356192336730653]
B1: 1.1904279249822258e-08 - 1.1369153847593426e-09 - -1.628933010390016e-08 - 1.0983696826284716e-08
B2: 4.85209026731177e-09 - 1.3129909586181235e-08 - -8.813413855293377e-09 - -2.27362870167349e-08
