Number: 5484
Error: 3.805951770397152e-14
A1: [0.06621271854657859, -0.11395253249680512, -0.02398441305363037, 0.07172240579014669] - [0.0374026541515199, 0.18819340958614686, -0.14740890546642965, -0.07818696886119524] - [-0.06022866284358037, 0.32895148058155604, -0.12775241640632928, -0.14096763265998066] - [0.039045128050497716, -0.05332366474428761, -0.03741958795024713, 0.05169413096015291]
A2: [-0.009107155427288387, -0.34680167869323353, 0.249456522177479, 0.10645816904875988] - [0.0800418993795316, 0.036284490844493804, -0.05024784592086846, -0.06606967391592321] - [-0.04245351328174743, 0.23083112534254807, -0.04053198907251792, -0.14784860630803282] - [0.06813411194978228, -0.29346858642082135, 0.14177051776148986, 0.08356111282396941]
B1: -3.5026994460230775e-07 - 7.56047773171521e-07 - 1.9613490461725377e-07 - 2.478960190797111e-07
B2: 4.276110977266146e-07 - 1.1794377350503668e-07 - 3.0773000013721554e-07 - -1.3665251035626015e-07
