Number: 1888
Error: 1.19053276606314e-06
A1: [-0.008043837215516058, -0.01580673344908837, 0.0021514687361675077, 0.018584155576156686] - [0.06938665004491036, 0.19235247676244752, -0.1440833039093968, -0.10701443173933659] - [-0.11097807861713774, 0.4433464754916575, -0.06917942447959734, -0.25637876123456693] - [-0.02335864350882805, 0.015378039009464845, -0.029996774610160357, 0.03892187486722408]
A2: [0.1317421817330289, -0.22454439504444013, 0.022746014857324776, 0.07026308326891201] - [0.033030720384333204, 0.20414051702256364, -0.11449797555569832, -0.12106713871177154] - [-0.0945748446275989, 0.5555718506958315, -0.23513823568853087, -0.2255192231155972] - [-0.020056733305034335, -0.018575855099788017, 0.008811568712307826, 0.03287420185817317]
B1: -0.00032998495989089563 - -0.00022551179749301202 - -0.00039173213380675127 - -0.00021412449962945174
B2: 0.00026986047867690976 - 0.0017209940281497614 - 0.00021616489771551296 - 0.0005590218462640302
