Number: 6302
Error: 1.0372360276216136e-15
A1: [0.08043164861951765, -0.1804678468115267, -0.019588892995280723, 0.1196249356772225] - [0.03741555548802783, 0.1335963616877871, -0.13472621065519913, -0.03628584958955533] - [-0.0017028369208274947, 0.22819009859911893, -0.12282840052702501, -0.10365892812772078] - [0.038863207245023686, -0.11448104566022645, -0.04641646856255476, 0.1220342007857345]
A2: [0.0353074806333918, -0.029273438120946366, -0.07569731422813225, 0.0696634470676973] - [0.10289379846180763, 0.282896749461856, -0.39260635002845723, 0.006816046048163468] - [-0.011187000433580854, 0.539014690838362, -0.3594509212597381, -0.1683763596580038] - [0.09786285807731766, 0.01746337543184144, -0.16885095466494104, 0.05352493996713116]
B1: -1.4114690636551425e-08 - 7.66381243319326e-09 - -3.622018032272028e-09 - 2.945252210098734e-10
B2: -7.379361196679032e-09 - -5.026037975337818e-09 - 1.0503568204819946e-08 - 2.722035688152988e-09
