Number: 2669
Error: 2.1477480327109548e-08
A1: [0.06355562043088397, -0.047752165762246376, -0.023324045807259122, 0.007975542435003194] - [0.044061372362702654, 0.19165632968628374, -0.14215299220797165, -0.09207275347731174] - [-0.12377344756871371, 0.4145362206041518, -0.10518369800497898, -0.18739559188711014] - [0.037842158165023974, 0.02000818343919997, -0.03229367125543405, -0.02221709877377691]
A2: [0.06269796176439814, -0.17442535754326507, 0.08558600449255206, 0.023226075119383183] - [0.029309640248421177, 0.200317976544675, -0.10169072215252596, -0.12785384900320362] - [-0.09328133255446332, 0.5138086023934152, -0.2254787587768157, -0.19497261397948118] - [-0.02577529410124918, 0.018672619045319177, -0.050139018528133, 0.057126100370981904]
B1: 0.00012811980704735147 - 0.00015334408047983758 - -0.00018827058965518642 - -0.00014534471227275832
B2: 6.115437411655032e-05 - 0.00015595109149063705 - 0.0002608747512137339 - -0.00022736387124374117
