Number: 2697
Error: 1.1811669598795301e-08
A1: [0.06387912192943522, -0.0474301063361328, -0.023003752371156327, 0.00829630981662318] - [0.04387063015908414, 0.19147229606265553, -0.14234940138225138, -0.09228251563714711] - [-0.12377651688512262, 0.41453222029528863, -0.1051879907196036, -0.18739990277624705] - [0.037391232223763615, 0.019556410146853394, -0.03274379406610505, -0.022665110575175926]
A2: [0.06369843708451045, -0.17342929504227647, 0.08658368060270677, 0.02421427340373261] - [0.029544304624608792, 0.20054911811530043, -0.10145681616982963, -0.12762413276888382] - [-0.0930989215725736, 0.5139878040903585, -0.2252953403019746, -0.19479626562328453] - [-0.025490779370894202, 0.018955674114046406, -0.04985345202619876, 0.05740272371619785]
B1: 0.0001103030060844176 - 0.00016098105884244048 - 8.116945992829049e-06 - -1.5405348777833958e-05
B2: 0.00010458060112787844 - -2.10313736775467e-05 - 0.00014740424324294056 - -0.00021065725199783636
