Number: 6006
Error: 2.6744562120563983e-12
A1: [0.08043038159894796, -0.1804691136837014, -0.01959015847717005, 0.11962366881681719] - [0.037418494353405024, 0.13359929830071945, -0.13472327769975745, -0.03628291238016167] - [-0.0016987923361548743, 0.22819414312371558, -0.12282436179586795, -0.10365488458769771] - [0.03886402367707723, -0.11448023149899605, -0.04641565260295867, 0.12203501673611995]
A2: [0.03531280289180584, -0.029268101159020638, -0.07569225386935079, 0.06966901741521547] - [0.10290070524682439, 0.2829037148437108, -0.39259966988131484, 0.006823278469070371] - [-0.01118992410406096, 0.5390117497845742, -0.3594536886029901, -0.16837944044299813] - [0.09786376105534657, 0.017464282543057832, -0.1688500950849196, 0.05352588781016719]
B1: 3.4988851783512606e-06 - -5.318871142662456e-06 - 1.2801224460393116e-06 - 1.4563138897059334e-06
B2: 3.847661940947273e-07 - 5.013707542179664e-06 - -6.17315576036675e-07 - 6.046007861326095e-07
