Number: 3602
Error: 2.3403618641946873e-12
A1: [0.06621090272899663, -0.11395430774874112, -0.023986227522412504, 0.07172059300379492] - [0.037405824843945515, 0.1881964389625089, -0.14740578843104524, -0.0781838515354755] - [-0.060223626750671534, 0.3289563174885156, -0.12774748826520715, -0.14096273120995728] - [0.039045526218949536, -0.053323286822734496, -0.03741920277581379, 0.05169451301484757]
A2: [-0.00910316389577844, -0.3467974442633481, 0.24946054601812828, 0.10646235393556994] - [0.08004737206596305, 0.036290386542429304, -0.05024186457781033, -0.06606364177811548] - [-0.04246638765631968, 0.23081691625159073, -0.04054578590835781, -0.14786284498423014] - [0.06814670605383111, -0.29345471973665666, 0.14178417107744393, 0.0835752332159763]
B1: -9.034415406955312e-07 - -1.5346835613203653e-06 - -2.302145797459247e-06 - 1.867035505115114e-06
B2: 3.4929913071807393e-07 - 1.0844716397141624e-06 - 1.1998773598637499e-06 - -4.594029698388774e-06
