Number: 1561
Error: 3.8008325714019836e-08
A1: [-0.0061604254741377, -0.013957405623517261, 0.004064485500234994, 0.02050929376153707] - [0.06689804708539772, 0.1899529455450997, -0.14666143984246727, -0.10978301270805779] - [-0.11277129091036746, 0.4416026727736207, -0.0709835915691317, -0.2583010997106967] - [-0.024902781382082146, 0.013837298810921387, -0.03150000968816885, 0.03729280396182678]
A2: [0.1313702054316423, -0.22484143095431552, 0.022454310411133223, 0.06994986747421424] - [0.0327345443184854, 0.20383600704990526, -0.11480025516759171, -0.1213711431600615] - [-0.09475571277026683, 0.5554084058968456, -0.23533320344746325, -0.22576591865676343] - [-0.02114992727341439, -0.01959416935186447, 0.007797616561929982, 0.031871727753926354]
B1: -0.0001024611036443203 - -0.000182373095255883 - -6.827807152728899e-05 - -9.36237748835527e-05
B2: 0.00011132860716828069 - 3.0128358098367616e-05 - 0.00013391785314917189 - -0.0003992111621717462
