Number: 8090
Error: 1.131757982903222e-15
A1: [0.08043172594796949, -0.18046776949184293, -0.019588815759300666, 0.11962501299683849] - [0.03741552455050767, 0.1335963307736814, -0.13472624153101134, -0.03628588050991643] - [-0.0017028079888229285, 0.2281901275304994, -0.1228283716373761, -0.10365889920343345] - [0.0388632344704684, -0.11448101851119394, -0.046416441354458986, 0.1220342279942558]
A2: [0.03530748808946873, -0.029273430644250437, -0.07569730713888095, 0.0696634548711615] - [0.10289373257520239, 0.28289668301607684, -0.3926064137530964, 0.006815977055252618] - [-0.011187102039295786, 0.5390145886265734, -0.3594510174316933, -0.16837646672356704] - [0.09786276930241457, 0.01746328625312169, -0.168851039172922, 0.05352484678240023]
B1: -2.8005992118125074e-10 - 8.483923021067387e-09 - -6.296323576278321e-09 - 1.2124253024354933e-08
B2: 3.450483125784326e-08 - -4.015178824641321e-08 - 1.1526324742424763e-08 - 9.13959208150465e-09
