Number: 3114
Error: 6.555935379066117e-06
A1: [0.0635601761961063, -0.047911291981393364, -0.023520189633383908, 0.007854751828207138] - [0.04300675970161717, 0.19055384236515865, -0.14331795583691645, -0.09331259100086654] - [-0.12355044561212358, 0.41458569787256744, -0.10515149020539778, -0.18730616893937163] - [0.03516914846111324, 0.017134510928410812, -0.035227510053705904, -0.024904892408360173]
A2: [0.04632717274549546, -0.19060191279934824, 0.06922830643364042, 0.00701110624433317] - [0.02895816779936313, 0.19997351739049996, -0.10200878149233965, -0.12818752494908053] - [-0.09440873581197858, 0.5127159427722514, -0.22662587037974077, -0.19603503808892866] - [-0.02660008189474715, 0.017828636808811697, -0.05100081153303267, 0.05620461214856182]
B1: -0.006251118896030292 - -0.0011434598592589855 - 0.00021234053552553135 - -0.0003737911292160637
B2: -0.00046516812531551693 - 0.0002981679516912568 - -0.000743405434821571 - -0.0011068347716739592
