Number: 2742
Error: 1.524483474107063e-08
A1: [0.06371449972530223, -0.04759359684618938, -0.023166486329465965, 0.00813332281913828] - [0.04389234040497171, 0.19149326438167655, -0.14232706432188336, -0.09225866785935541] - [-0.12371479748213947, 0.4145931992977183, -0.10512786848247649, -0.18734030250173067] - [0.03707988921656862, 0.019244201088419937, -0.03305540119031384, -0.022975269708390634]
A2: [0.06346951378446387, -0.17365731018952477, 0.08635461779135975, 0.02398716227824041] - [0.0293869005651157, 0.200394158860999, -0.10161346354477775, -0.1277781499512401] - [-0.09340979359141027, 0.5136824606308563, -0.22560615625439873, -0.1950978625776083] - [-0.02561459756609698, 0.018832237218397597, -0.04997636009450236, 0.05728165576412233]
B1: 9.78785302515168e-05 - -0.00012105468050495418 - 0.00013736667758867228 - 3.6075580468257556e-05
B2: -2.6239407917624772e-05 - -0.00014228153569228238 - 3.694031235787078e-05 - -0.00016280198123833705
