Number: 3940
Error: 6.448650129964393e-16
A1: [0.06621319423487151, -0.11395206743679773, -0.023983937736861933, 0.071722880681679] - [0.037402597293025204, 0.1881933552617783, -0.1474089613632069, -0.07818702476314496] - [-0.06022939561651295, 0.32895077679599954, -0.12775313345406938, -0.1409683458519666] - [0.03904620810866051, -0.053322639585501264, -0.03741854301502101, 0.05169516741101114]
A2: [-0.009108534764074909, -0.34680314195054257, 0.24945513168076816, 0.10645672289946456] - [0.08003982437734336, 0.036282255476257116, -0.05025011377847982, -0.06607196102656171] - [-0.04245284146190849, 0.23083186680305579, -0.040531269125351564, -0.14784786330839195] - [0.06813463238200981, -0.2934680134034845, 0.141771081958993, 0.08356169631602012]
B1: 7.95052295749088e-09 - -3.573598525768399e-08 - 2.343388303796665e-08 - 5.249302432958039e-09
B2: 5.863488976646165e-09 - -2.55992266115999e-09 - 1.626129118809119e-08 - 5.751555881357647e-09
