Number: 8115
Error: 9.234293619302225e-16
A1: [0.08043169038928102, -0.18046780504651633, -0.019588851275490902, 0.11962497744219987] - [0.03741557688257807, 0.13359638306616214, -0.1347261893031855, -0.03628582820681818] - [-0.0017028184461093732, 0.22819011707343265, -0.1228283820793569, -0.10365890965793212] - [0.03886323194267484, -0.11448102103189708, -0.04641644388064782, 0.12203422546802967]
A2: [0.03530753079297091, -0.02927338782261061, -0.07569726653685417, 0.06966349956494036] - [0.10289375012559016, 0.2828967007154098, -0.3926063967785778, 0.006815995433050966] - [-0.011187150978966184, 0.5390145393949961, -0.3594510637542417, -0.1683765182929181] - [0.09786277892236862, 0.017463295916815964, -0.16885103001534066, 0.05352485688020123]
B1: 1.6837375232524667e-08 - -2.009307212374284e-09 - -2.0279007917290017e-08 - -2.4943957250826336e-09
B2: 2.8969779519871838e-09 - -9.832238054889118e-09 - -4.136604653035791e-09 - 3.2763678945504734e-09
