Number: 930
Error: 1.6964716873768092e-09
A1: [-0.012078518926408417, -0.014440419270286942, 0.018169948900413686, 0.008662953787350663] - [0.06583493428832424, 0.18949496232541346, -0.14532287298305863, -0.11000889578949588] - [-0.09638673704533882, 0.4216954750460582, -0.053558999844529956, -0.2721449060538498] - [-0.0015411432007460086, -0.018430437367305277, -0.004068902963157623, 0.02312303103662737]
A2: [0.16158632157132033, -0.16775501173292964, 0.008501028897965578, -0.002333294054552334] - [0.03548336361453234, 0.20751440225177611, -0.11721276185829493, -0.1257943393336698] - [-0.08609957823065857, 0.5816498875937773, -0.23527773686711273, -0.25982429951908265] - [-0.003608071062959914, -0.004296094396198682, 0.0013349016435664225, 0.007460512779756116]
B1: 1.0944867527332762e-05 - 2.520484134227303e-05 - 5.717437464305477e-06 - 1.9240866848348614e-07
B2: 2.627256364030211e-07 - 0.00010093515919690437 - -5.4519590602545705e-06 - 6.957204280586945e-05
