Number: 5832
Error: 2.848363219861228e-07
A1: [0.0744613654583216, -0.18647976011270695, -0.025520533457345413, 0.1136684614158914] - [0.03303364948276144, 0.12918413790193956, -0.1390929144194869, -0.04066617793243715] - [-0.006041779178826886, 0.22383126334356832, -0.12713008909041573, -0.10798170917759707] - [0.033733552347684694, -0.11962731046946748, -0.051483856085895036, 0.11693881646615331]
A2: [0.03097927516285972, -0.03363244210523411, -0.07979694989104222, 0.06516633950491858] - [0.0889810592619919, 0.2687981774231591, -0.4060631387164448, -0.007701960364461238] - [-0.002472615354368052, 0.547817781743937, -0.3511927308468074, -0.15921229929257583] - [0.10008017940502137, 0.019702308253001663, -0.16673171950780835, 0.05585178398976137]
B1: 0.0010542681292563584 - -0.0012673296000227487 - -0.0014150913938111367 - -0.00036088338585397095
B2: -0.00014000982733197134 - 0.000492554264469109 - -0.001457907356838433 - -0.0001280865450385267
