Number: 311
Error: 1.2540337612163991e-09
A1: [-0.012162373614574033, -0.014526425953396123, 0.0180774074665691, 0.008573549270512123] - [0.06587764387592973, 0.1895360431718217, -0.14527873727625665, -0.109961356474753] - [-0.09675123967856789, 0.42134336718789117, -0.0539544468761999, -0.2725695231323246] - [-0.001679262606239028, -0.018563241633903854, -0.004215894117316259, 0.02296321335422904]
A2: [0.16150742150131023, -0.16783260018737425, 0.008423632598731585, -0.002410378728171896] - [0.035468345943427876, 0.2074996211837241, -0.11722774783963735, -0.12580903844554042] - [-0.08642188058583176, 0.5813340513836901, -0.23559144483308164, -0.2601387208623831] - [-0.003881968351972259, -0.004565466493224576, 0.001063807753026503, 0.00719849645171517]
B1: -0.00015746822369903203 - -0.0002632144295143846 - -0.00014682513403611102 - -8.423761999232674e-05
B2: 0.00026751561551297985 - -0.000776479508630376 - -9.206116494785241e-05 - -8.996319138976353e-05
