Number: 2364
Error: 1.6950364860002497e-05
A1: [0.06467620874827557, -0.04783354684478965, -0.023785136160925306, 0.008524148111646115] - [0.04067500338369635, 0.18830419361105064, -0.14603834418429743, -0.09577504719185069] - [-0.12285163477947945, 0.41601978869509426, -0.1037251480860615, -0.18640612300555706] - [0.03920619560937422, 0.021704216489932524, -0.03040981100133276, -0.020919200784550316]
A2: [0.0374831394286975, -0.1991135964275743, 0.060671187651865695, -0.0018817580648174078] - [0.025064201844576056, 0.19609226035449698, -0.10597215125053264, -0.13206101592469383] - [-0.09333759518515322, 0.514335003706839, -0.22499567529408054, -0.19444201671583647] - [-0.03400828418049274, 0.010828982784097869, -0.05779945186583698, 0.04936371455370149]
B1: -0.00020975283360818368 - 0.001233258612489354 - 0.00487135648900644 - 0.007694952348114145
B2: -0.0032593222827305827 - 0.0018806904862735054 - -0.0003136977183540498 - 0.0001386133945126349
