Number: 9943
Error: 8.614567937643539e-16
A1: [0.05317247101868267, -0.14800135012641383, -0.02699912635503031, 0.12182774282238146] - [0.005313710532572289, 0.13083668497450132, -0.11360075305521748, -0.022549772673601073] - [-0.014444648905525022, 0.22309144843752707, -0.12704135178931017, -0.08160610538935686] - [0.027146525648529964, -0.10001997248569659, -0.04942444270865747, 0.12229818612301155]
A2: [0.0892545529000418, -0.07291327892192258, -0.12362733126500991, 0.10728647579882115] - [0.10884176036500215, 0.2498142126828731, -0.4048452585924702, 0.04618951218525149] - [0.036635876748225916, 0.4625550645234514, -0.37771750390136527, -0.12147332326524857] - [0.14342638751379905, -0.04460666883821204, -0.20149958008733468, 0.10267981612969798]
B1: 2.1806867385419005e-08 - 1.870510838631565e-08 - 1.576613821926996e-08 - 3.430847875993769e-08
B2: 6.924587966079464e-09 - -7.262227689613806e-10 - 5.286036548974893e-08 - 1.6882649925680436e-08
