Number: 2040
Error: 9.169120290381202e-05
A1: [-0.06407104868315039, -0.07447526283511233, -0.058553765345110954, -0.039593775194993366] - [0.051641570724717686, 0.17595586417661638, -0.1629638717359794, -0.12701598482215584] - [-0.19016683432178008, 0.3611357422138569, -0.1545074894899071, -0.3423974164968997] - [-0.06562706162511074, -0.02185368722921471, -0.07195307375742704, -0.007673279956346771]
A2: [0.07830925301140562, -0.2751289416340532, -0.03277833436802918, 0.022965918364125294] - [0.012590973939855445, 0.18358541654538832, -0.13489679469636587, -0.1411419974017906] - [-0.11158194442034708, 0.535578404608139, -0.2506656306980546, -0.24295672569204244] - [-0.05619214102501288, -0.054733962138743236, -0.033221609457761384, 0.004998172989515272]
B1: -0.00648463658129298 - 0.029753865827501582 - -0.012554833660106157 - -0.021721742049523374
B2: 0.017070620567099286 - -0.025583669186086275 - -0.0015904658447425018 - 0.012704940586208462
