Number: 5987
Error: 1.3393583907562065e-11
A1: [0.08042642313507047, -0.1804730715887249, -0.01959411175737756, 0.11961971105924325] - [0.03740873059177564, 0.133589541753043, -0.13473302237242193, -0.036292670958285596] - [-0.0017064878906329702, 0.2281864477623443, -0.122832045917363, -0.103662578008686] - [0.03885601366392982, -0.11448821892537779, -0.04642365714415257, 0.12202701189061399]
A2: [0.03527416504125499, -0.029306846245370208, -0.07572899034409286, 0.06962857870501149] - [0.10285942799135836, 0.2828620869828962, -0.39263959285398664, 0.006780055070361936] - [-0.011179204543631567, 0.5390225334606952, -0.35944354227765196, -0.16836814484755966] - [0.09785040871320295, 0.01745086944023198, -0.16886280566059902, 0.053511872217717166]
B1: -6.973975158729275e-07 - 7.441773757247861e-06 - 1.6270141925474728e-06 - -1.1303209779176621e-06
B2: 2.252024178577013e-06 - -2.5900550910884703e-06 - -2.6775998536258995e-06 - 2.112003995870653e-06
