Number: 5736
Error: 0.0028225135554564777
A1: [0.020067583343040454, -0.23565956045441977, -0.08390334905145155, 0.05885234643793611] - [-0.024567446989008687, 0.06085004049762473, -0.20828653471319553, -0.10380415651507] - [-0.06797916702718665, 0.19565166160191588, -0.18238737730267612, -0.16277928494979216] - [0.0021774628348941866, -0.10785202584188129, -0.0681011689512925, 0.09692966037138565]
A2: [-0.11168465315668538, -0.17319269293938772, -0.18213913103102672, -0.09474185774130785] - [-0.09111322953108791, 0.0943723010357668, -0.5690072709804217, -0.22152456003762463] - [-0.1644474415768739, 0.3919586653856013, -0.48124325551626945, -0.351117498846135] - [-0.0725494865985415, -0.147588531047868, -0.30439509694429523, -0.14471998510000744]
B1: -0.09102409160808513 - -0.28301915741164385 - -0.12236247379331572 - -0.12734147185476602
B2: -0.12271548380240184 - -0.10644655472412212 - -0.19824471218716047 - -0.14498547282449115
