Number: 5838
Error: 1.0641247959242743e-06
A1: [0.07769053033667438, -0.18323672252898035, -0.022304261071217822, 0.11689409775348547] - [0.03740661726516567, 0.13356656243294418, -0.1347292814317319, -0.03629379115612237] - [-0.004301230989970293, 0.2255779669936615, -0.12540270031818268, -0.10624668534140173] - [0.03491389635020458, -0.11844229124608138, -0.050324511996172265, 0.11810757431388157]
A2: [0.031203071185695878, -0.03340283072342071, -0.0795910618249689, 0.0653872610185042] - [0.090749835137505, 0.27060120620956324, -0.4043548000498997, -0.005868698594910694] - [-0.0036213670740538324, 0.5466499095543905, -0.35227992582095513, -0.16041300601650027] - [0.09983293849250628, 0.01944947518966788, -0.16696857114261088, 0.05559389201222865]
B1: 0.0011599357348722555 - -0.00031071144938414836 - -0.001835808388353325 - -0.00041848270372664344
B2: 0.0004997411490537078 - 0.0001560469545663247 - -0.0005452807259212559 - 0.0005126339898388003
