Number: 8991
Error: 0.000710797650453247
A1: [-0.03127337557644891, -0.2693939177996009, -0.11238078023989041, 0.02767142323688318] - [0.0410015669905728, 0.1678864750623143, -0.08133441829420257, 0.012662791481035943] - [-0.10881556007648413, 0.13023225240350123, -0.20089842206120168, -0.17444745834473893] - [0.020636087667576, -0.10908763477395285, -0.05189990662606579, 0.11608888500087576]
A2: [0.16127742649085136, 0.058865718614960025, -0.017453918850798663, 0.2268387976338429] - [0.12462858897594821, 0.26665634212028705, -0.3970522102288481, 0.05678864445803006] - [0.09539551282174517, 0.5719723676363786, -0.3148841638276285, -0.030436809480128845] - [0.1895379086479489, 0.045087838227220546, -0.13669718203428932, 0.17977737818939318]
B1: -0.0022783441650212084 - 0.025118513530824005 - 0.0033218066769862484 - 0.012920507965827902
B2: -0.04480558510230638 - -0.017149483136720246 - 0.03240516868391263 - -0.02552804895271143
