Number: 9533
Error: 2.297522849335031e-13
A1: [0.05317224924769031, -0.14800157199154412, -0.026999347884870607, 0.12182752096012615] - [0.005314891436942652, 0.1308378670871314, -0.11359957235700559, -0.02254859011796871] - [-0.01444365974897814, 0.22309243794070324, -0.12704036343006028, -0.08160511589003341] - [0.02714643636122988, -0.10002006178646028, -0.049424532194951076, 0.1222980965929659]
A2: [0.08925193209109089, -0.07291589369347734, -0.12362989304391545, 0.10728382264863434] - [0.10884066964669406, 0.24981312177204734, -0.40484632771659673, 0.046188403103038816] - [0.03663430153343068, 0.4625534975115477, -0.37771904076109125, -0.121474914824034] - [0.1434240580684713, -0.04460898960551803, -0.20150185458410855, 0.10267745212930462]
B1: -7.60164126480834e-07 - -5.264774873053338e-09 - -1.7799281696140592e-08 - -1.7869679175468792e-07
B2: -7.038395079937894e-07 - 8.845669640451288e-08 - 2.429249894347286e-07 - 6.747954016019787e-07
