Number: 734
Error: 6.338354131698702e-14
A1: [-0.01215411177121493, -0.014517907491363828, 0.0180864898634228, 0.008582330148013451] - [0.06583522822262126, 0.18949525397327738, -0.14532257770261583, -0.11000856876890176] - [-0.09629326008928128, 0.421785910089901, -0.053457535147394306, -0.27203595098640865] - [-0.001322622582530122, -0.018220324235564373, -0.003836305417855152, 0.023375446358703554]
A2: [0.16158693541264413, -0.1677545627052975, 0.00850154416610042, -0.002332860282807825] - [0.0354858388568817, 0.2075168352511117, -0.11721030936821049, -0.125791916727516] - [-0.08621297304957236, 0.5815386816874912, -0.23538817041663568, -0.2599350107446294] - [-0.003834459279879354, -0.004518790234395425, 0.0011107596946572705, 0.007243878804112295]
B1: 2.9536478866189015e-08 - -1.101407009746383e-07 - 1.0833341934825559e-07 - -1.2213338228493784e-07
B2: 2.5018860709522484e-07 - -2.671652803382934e-07 - 5.012266156219685e-07 - 2.2729604464174136e-07
