Number: 2036
Error: 0.00010683027427876586
A1: [-0.015728848539948825, -0.025115292627754734, -0.009488720517252915, 0.009504670510009798] - [0.037783211467930025, 0.16232421815968823, -0.17702827800124807, -0.14226160770799567] - [-0.16855620239097927, 0.3836678561307265, -0.1313450988189688, -0.31797543142851276] - [0.0005979016935199588, 0.04272311647646435, -0.006951057872999273, 0.0615328854294668]
A2: [0.10776734927719073, -0.24735664276920924, -0.003073994523624628, 0.05088868224443348] - [0.022882342864243944, 0.19376321299210264, -0.12433741732196552, -0.1311515479211234] - [-0.04827657500713512, 0.5973828793408641, -0.18925387767731655, -0.17980599860599483] - [-0.017467254051630566, -0.017974203275852463, 0.0038614628041431266, 0.04152844158540993]
B1: -0.0015616126185509136 - 0.026164806554489696 - -0.012591895993924917 - -0.02991116676307478
B2: 0.0039442073306060485 - -0.0044331903129487885 - -0.016906708592315682 - 0.009302476562914289
