Number: 2029
Error: 0.00014498945183372274
A1: [0.01879792669040494, 0.010884904324692003, 0.026636573194436096, 0.044186208393855314] - [0.025121113606663442, 0.14963386069637813, -0.19010671323286255, -0.15599474170644886] - [-0.07926475036957799, 0.4737418921666821, -0.04046226928284377, -0.22347345180380446] - [-0.057800535537735585, -0.015970136604014164, -0.06626629025512071, 0.0020445074537918844]
A2: [0.15956238806474377, -0.19910183477020024, 0.050235597303618644, 0.09897956646824525] - [0.03662556313207564, 0.20701931802434728, -0.1109563681723481, -0.1176693655134209] - [-0.07943804682065321, 0.5667836976383206, -0.21878344522196053, -0.21053329686546787] - [0.06013103652608249, 0.054084846550104246, 0.08586448040594365, 0.11017055253209049]
B1: 0.00980964901312085 - -0.005598340574363797 - 7.617941152446653e-05 - 0.020618854915280566
B2: -0.01366252398611481 - 0.033615871995535375 - 0.01858040757611433 - -0.0009690892718891599
