Number: 3666
Error: 5.0524626774523676e-14
A1: [0.0662142298826214, -0.11395105492991726, -0.02398290290049794, 0.071723914591267] - [0.03740179538935246, 0.1881925890961224, -0.14740974969678244, -0.07818781316569003] - [-0.06023021043708811, 0.32894999420568855, -0.12775393078931235, -0.14096913889832982] - [0.0390463527358777, -0.05332250231343932, -0.037418403093914344, 0.051695306197139385]
A2: [-0.009107289320736036, -0.3468018207326003, 0.24945638719903898, 0.10645802867417381] - [0.08003919090016025, 0.03628157304052104, -0.050250806133099936, -0.06607265925814385] - [-0.042453095281183274, 0.23083158667195092, -0.04053154112837683, -0.147848144023016] - [0.06813566810166598, -0.2934668730328372, 0.14177220477829056, 0.08356285754582551]
B1: 2.8022418371128894e-08 - -1.316172718161234e-07 - 4.857264694835395e-07 - 1.8306331456129875e-07
B2: 5.427620049126801e-07 - -1.0808765238323976e-07 - -3.1692986748518345e-07 - 3.09480337128359e-07
