Number: 5450
Error: 2.1823110306772406e-15
A1: [0.06621315730097065, -0.11395210354536714, -0.023983974641850977, 0.07172284380968481] - [0.03740256487866322, 0.1881933242921475, -0.14740899322893944, -0.07818705663172407] - [-0.06022932265512603, 0.3289508468708885, -0.12775306205840203, -0.14096827483987373] - [0.03904617364658102, -0.05332267229534814, -0.03741857635564751, 0.05169513434104919]
A2: [-0.009108172717561832, -0.3468027578770513, 0.24945549665593317, 0.10645710248450292] - [0.08003932776967913, 0.03628172048841465, -0.05025065654097719, -0.06607250839804722] - [-0.042453049614744234, 0.2308316370738189, -0.04053149218963395, -0.14784809351635778] - [0.0681347326775339, -0.29346790297353725, 0.14177119068847735, 0.08356180876619174]
B1: 8.918019455432941e-08 - -9.510480739773911e-09 - -4.957242190644538e-09 - 7.352300086605198e-08
B2: 6.27962707792183e-08 - 9.386957297456871e-08 - -1.558063376855873e-08 - 1.8212217647717655e-08
