Number: 5944
Error: 2.789847686580758e-10
A1: [0.08046821663764683, -0.1804312852268975, -0.019552366967102067, 0.11966150044165534] - [0.037315719380073255, 0.13349659966693161, -0.13482584889546093, -0.03638563084403921] - [-0.0016827304355644958, 0.22821020464476585, -0.12280831868082387, -0.10363882447294447] - [0.03891912721610852, -0.11442527977253061, -0.04636057926967026, 0.12209008822197744]
A2: [0.0354349255314069, -0.029145650085623476, -0.07557614379445712, 0.06979683342701717] - [0.10303096950763536, 0.2830350759948877, -0.39247368540943584, 0.0069596790684783565] - [-0.011164044420790465, 0.539037780742933, -0.35942919640753324, -0.1683521725129688] - [0.09792358911219058, 0.017524377477640327, -0.16879314552575325, 0.053588687336437305]
B1: 1.8196241417544955e-05 - -1.1347512265260115e-05 - -3.923173368221075e-06 - 8.957457060134998e-06
B2: 7.99158965561998e-06 - 3.237243078351568e-05 - -3.7913761072879756e-06 - -2.6815174355612067e-05
