Number: 3451
Error: 2.0701658455825474e-09
A1: [0.06608878724777074, -0.11407381663198389, -0.02410843648601156, 0.07159859704832368] - [0.0370908905890848, 0.18789553789277139, -0.14771527449111035, -0.07849341840892154] - [-0.0602203694996874, 0.32895943249686704, -0.12774429847710303, -0.1409597715532094] - [0.03854784303157041, -0.05379541843258153, -0.03790035220238247, 0.051217037693987014]
A2: [-0.008961147151851968, -0.34664666225068586, 0.2496038131517797, 0.10661161740356181] - [0.0798777428090996, 0.03610764111139529, -0.050427338451060726, -0.06625059767645967] - [-0.04227169269511673, 0.2310315135964841, -0.04033724775452942, -0.14764767391531963] - [0.06825917778304869, -0.29333097229277133, 0.14190633815025713, 0.08370148002864458]
B1: 5.366426373988266e-05 - -8.753245106533747e-05 - -6.312424238470232e-05 - 4.958761727291865e-05
B2: -0.0001843637500334799 - 0.0001461581422715965 - -7.509648909614786e-05 - -6.10965178133402e-05
