Number: 1676
Error: 2.6298404133393415e-07
A1: [-0.008659289235081281, -0.016481623132571, 0.0014681426935922968, 0.017931419035374638] - [0.06779696306394194, 0.19081780438958218, -0.145733307714538, -0.10878300120865572] - [-0.11456021111548287, 0.43983657077388966, -0.07285253265047284, -0.2602491530006307] - [-0.02589284527433124, 0.012857790583173179, -0.03250926883715065, 0.036237441779178536]
A2: [0.13105938175816972, -0.22514739322148325, 0.022141542623790377, 0.06963792673939939] - [0.03259609528153941, 0.20369980721378336, -0.11493874583699125, -0.12150540734983888] - [-0.09503556549472197, 0.5551378759778061, -0.23560703805464064, -0.2260455450645416] - [-0.022085692821546387, -0.02052556863534797, 0.00686509444893427, 0.0309660989201816]
B1: 0.0004229328697859351 - 0.000653952397381106 - 0.0004654151262444267 - 0.00017455678344709233
B2: -8.394248888319547e-05 - 0.0007744880434904178 - -0.0003138758090957631 - -0.0001943810887151196
