Number: 5002
Error: 1.1612459268400654e-15
A1: [0.06621323220834333, -0.11395203031187665, -0.023983899793185805, 0.07172291859141712] - [0.03740264242996256, 0.1881933983870928, -0.14740891699011308, -0.07818698038614919] - [-0.060229334671913014, 0.32895083532995195, -0.12775307381725798, -0.1409682865356871] - [0.039046178907733396, -0.05332266730179436, -0.03741857126581621, 0.05169513938956645]
A2: [-0.009108657062825612, -0.3468032716902069, 0.2494550083924291, 0.10645659467604421] - [0.08003980762483212, 0.03628223742907168, -0.050250132087893085, -0.06607197949146942] - [-0.04245288991119364, 0.230831813331703, -0.04053132104517423, -0.14784791689117682] - [0.0681347103363376, -0.2934679275720714, 0.14177116646904805, 0.08356178371759268]
B1: 2.0491462611918928e-08 - 1.1674736680345478e-08 - 3.376584230593984e-08 - 2.5108030159016882e-08
B2: 1.538617587691866e-08 - 2.2997086656625534e-08 - 1.3311628053940346e-08 - -1.3123830889964499e-09
