Number: 6542
Error: 4.83141479340616e-16
A1: [0.08043168594191075, -0.18046780949336463, -0.01958885571751564, 0.11962497299535016] - [0.03741558458851086, 0.1335963907662408, -0.13472618161270053, -0.03628582050519568] - [-0.0017028099199517914, 0.22819012559941648, -0.12282837356568162, -0.10365890113405321] - [0.03886322386703265, -0.11448102908486821, -0.04641645195113623, 0.12203421739741009]
A2: [0.03530742872373208, -0.029273490174180135, -0.07569736358315236, 0.06966339273858226] - [0.10289373842669111, 0.28289668891721154, -0.392606408093624, 0.006815983182604649] - [-0.011187110314032151, 0.5390145803025136, -0.35945102526391964, -0.16837647544293208] - [0.09786279978530643, 0.017463316874678034, -0.16885101015513831, 0.053524878779467155]
B1: 8.889739269635141e-10 - -1.4894490026991625e-09 - -3.5593638378009206e-11 - -1.8455239735034815e-09
B2: -1.7925839735739707e-10 - -4.025348220062801e-09 - 1.0107945051616323e-08 - -5.921440008981996e-09
