Number: 1085
Error: 8.491769456046338e-06
A1: [-0.0037921987383684698, -0.011538090306272189, 0.006542073387571484, 0.022759517637878188] - [0.071056192152901, 0.19382646580106075, -0.14254440731011336, -0.1050859658711735] - [-0.10062706199050662, 0.4535623049253401, -0.059213857705778104, -0.24579309349362102] - [-0.015520235098620244, 0.023402189867748818, -0.02082995054368306, 0.04778606815459202]
A2: [0.14299626366776155, -0.2133632795284088, 0.03398987044167292, 0.0815394023563054] - [0.030951022804629646, 0.20220902762811138, -0.11639609496537327, -0.12331757985366484] - [-0.08293491102370157, 0.5672298699757284, -0.22268249472878537, -0.21500826087709912] - [-0.030952345955691973, -0.029589390169643053, -0.0014180040463392055, 0.022086633724099202]
B1: 0.010317316171882734 - -0.00719350696960579 - -0.000846589835322907 - 0.011582673979289788
B2: 0.0016637323863759068 - 0.015057623737083178 - -0.001223600717493503 - 0.006056677958533944
