Number: 7322
Error: 1.2822503782446074e-15
A1: [0.08043168411107997, -0.18046781132398873, -0.01958885754615542, 0.11962497116472866] - [0.03741558945804222, 0.13359639563208894, -0.13472617675286722, -0.03628581563836048] - [-0.0017028248887603298, 0.22819011063092587, -0.12282838851256876, -0.10365891609886313] - [0.03886323615516895, -0.11448101683121904, -0.04641643967083433, 0.12203422967790632]
A2: [0.035307528949157785, -0.029273389671546104, -0.07569726829006572, 0.06966349763531907] - [0.1028936651131361, 0.28289661498144725, -0.39260647900154955, 0.006815906412636265] - [-0.01118721576698869, 0.5390144742205687, -0.3594511250774844, -0.1683765865623493] - [0.09786283261591334, 0.017463349854617186, -0.1688509789025174, 0.05352491324090268]
B1: 4.153971269981066e-08 - -2.953629567885704e-08 - -3.4258008733411005e-08 - -9.660717858653845e-10
B2: -6.592380456950112e-09 - -3.591384017057908e-09 - -9.60026733693816e-09 - -3.884737197876542e-09
