Number: 2201
Error: 0.00019988411586370898
A1: [-0.007459121699708478, -0.09718797489835261, -0.06216201569863114, -0.021114072527157676] - [0.03982000880048003, 0.17343140339854993, -0.1690347295959483, -0.11967957898533227] - [-0.06770108883234444, 0.46976003462322813, -0.04932629491827787, -0.1466856610303549] - [-0.005696042329586311, 0.0019366462034572367, -0.03863229947328718, -0.03908082138544576]
A2: [0.1651866145038301, -0.12557844054052897, 0.1679620250504309, 0.11812077144440103] - [0.04363418225875443, 0.20984635866036358, -0.0921125391810402, -0.11832859311673977] - [-0.13859859263032698, 0.49185888943199274, -0.24943956948088844, -0.2384702945264457] - [-0.11774751358279459, -0.032058167389816095, -0.08977192549653011, -0.008480822077041442]
B1: 0.03472773600432254 - -0.02113711155482241 - -0.01715181982202591 - 0.0018070698562911679
B2: 0.009351584686820534 - 0.0017796339152285415 - -0.00785025813390418 - 0.0077312375419445155
