Number: 7627
Error: 1.202805897659964e-15
A1: [0.08043171488656525, -0.1804677805519959, -0.01958882680747813, 0.1196250019366936] - [0.03741562866271411, 0.13359643480708408, -0.1347261376263134, -0.03628577645540919] - [-0.0017027828977078153, 0.22819015262107917, -0.12282834658300477, -0.10365887411901951] - [0.03886326118503139, -0.1144809918716057, -0.046416414656927224, 0.12203425469220729]
A2: [0.03530747356250582, -0.02927344521137963, -0.07569732095099468, 0.06966343966719123] - [0.10289380640074362, 0.2828967574681714, -0.39260634234997793, 0.006816054361344605] - [-0.011186981525782421, 0.5390147098589078, -0.3594509033629304, -0.16837633973437774] - [0.09786290737189061, 0.017463424950632047, -0.16885090773959482, 0.05352499171026736]
B1: 5.91140083934156e-09 - -2.3453593781775317e-09 - -3.8728873606496724e-08 - -2.4603089371012978e-08
B2: -1.8359671532770666e-08 - -6.74516155046417e-09 - -1.085450053797795e-08 - -1.622219686079972e-08
