Number: 6051
Error: 5.397024658946858e-14
A1: [0.08043328548877465, -0.18046621012827266, -0.01958725808394976, 0.11962657235883761] - [0.03741748431821086, 0.13359828905632376, -0.13472428567088063, -0.03628392182980133] - [-0.001701815042597131, 0.22819112045767498, -0.12282738014282214, -0.10365790652061518] - [0.03886483795970873, -0.11447941952135594, -0.046414838886511676, 0.12203583048712448]
A2: [0.035306783349167224, -0.029274137334931855, -0.07569797719374859, 0.06966271728480986] - [0.10289228051660261, 0.2828952186332905, -0.39260781816406753, 0.006814456537081854] - [-0.011188549126839212, 0.5390131329086564, -0.3594523871290416, -0.1683779915709] - [0.09786210881290697, 0.017462622759673415, -0.16885166791454212, 0.053524153483445254]
B1: 2.1228137676154552e-07 - 3.533940294762195e-07 - -2.6376500986709565e-08 - -2.575804514954777e-07
B2: -5.553528915202591e-07 - -9.446476098994582e-07 - 2.3007658530762226e-06 - 1.2347340226305642e-07
