Number: 6762
Error: 5.915149952048586e-16
A1: [0.08043161554736043, -0.18046787987994167, -0.01958892602789571, 0.1196249026088394] - [0.037415540282371415, 0.13359634649363625, -0.13472622583055988, -0.03628586478679273] - [-0.001702868247681053, 0.2281900672729292, -0.12282843180800912, -0.10365895944621549] - [0.038863180349850535, -0.11448107247992245, -0.04641649544059001, 0.1220341739072738]
A2: [0.035307442126712135, -0.029273476734129122, -0.07569735083977303, 0.06966340676625808] - [0.10289374131350017, 0.2828966918285218, -0.3926064053015418, 0.006815986205518175] - [-0.011187104948315115, 0.5390145857002321, -0.3594510201851455, -0.16837646978889487] - [0.09786280788079155, 0.017463325006985997, -0.1688510024487595, 0.05352488727709026]
B1: -1.4678066731831191e-08 - -1.5143534889206705e-08 - -1.4178826263758681e-08 - -1.568762282380304e-08
B2: -2.613014157343766e-08 - -1.2850130531913167e-08 - -1.2590650898964202e-08 - -1.1765425431319766e-08
