Number: 6736
Error: 9.518937966742787e-16
A1: [0.0804316544743279, -0.1804678409573835, -0.019588887147472686, 0.11962494153136123] - [0.03741556601937185, 0.133596372211157, -0.1347262001448406, -0.03628583906404884] - [-0.0017028428584386652, 0.22819009266162973, -0.12282840645594018, -0.10365893406374876] - [0.038863207680592184, -0.11448104522588169, -0.046416468127263376, 0.12203420122102918]
A2: [0.035307414923632055, -0.029273504012449363, -0.07569737670411014, 0.06966337829527951] - [0.1028937534860049, 0.28289670410433604, -0.3926063935284552, 0.006815998951910863] - [-0.011187152929723809, 0.539014537432634, -0.3594510656005844, -0.16837652034859008] - [0.09786277130821268, 0.017463288268050638, -0.16885103726348202, 0.053524848887782125]
B1: -9.288616084092218e-09 - 3.978799327226944e-09 - -1.9268440026316045e-08 - -1.3464876422453107e-08
B2: -1.2245132072369627e-08 - -6.6625375604953475e-09 - -8.374692368652537e-09 - -6.8687273344751005e-09
