Number: 9262
Error: 7.821744826211382e-09
A1: [0.05346870961965866, -0.14770516257011104, -0.026703227846015608, 0.12212423301635628] - [0.005795268828822947, 0.13131872449360527, -0.11311951866907073, -0.02206750725502664] - [-0.014095573614363715, 0.22344058100390712, -0.12669248863420893, -0.08125677438971694] - [0.027570136648737805, -0.09959654053614472, -0.0489999551979495, 0.12272308609379087]
A2: [0.08912398601001874, -0.07304345044215577, -0.12375489707137433, 0.10715435981791899] - [0.10897680314352583, 0.24994911105237136, -0.4047129383831411, 0.04632693017093946] - [0.037128482527206054, 0.4630453235244616, -0.3772368629001425, -0.1209754664446227] - [0.14317972337253002, -0.04485230330705809, -0.20174030343879681, 0.10242942098819206]
B1: 0.00010075819472414339 - -3.4763406035030284e-05 - -4.440511964172583e-05 - 0.00016078816638502713
B2: -1.5267016890109176e-05 - -2.9977059287926305e-05 - 1.3491877998591478e-05 - -1.876752962769226e-05
