Number: 8347
Error: 1.1277614347725556e-15
A1: [0.08043173924767202, -0.1804677561936672, -0.019588802475551094, 0.11962502629498167] - [0.0374155670076691, 0.13359637319875356, -0.13472619915835216, -0.03628583807619064] - [-0.0017027903674278783, 0.2281901451515163, -0.12282835404178621, -0.10365888158673933] - [0.03886329095005315, -0.11448096219011662, -0.04641638491088882, 0.12203428443871414]
A2: [0.03530719648252609, -0.029273723057643027, -0.07569758439563028, 0.0696631496734988] - [0.10289372752879232, 0.2828966779268585, -0.39260641863391516, 0.006815971770934775] - [-0.01118714659402205, 0.5390145438060748, -0.35945105960381657, -0.16837651367233425] - [0.09786285827149123, 0.017463375626841696, -0.16885095447996637, 0.053524940170777115]
B1: -6.70561100202767e-09 - 2.402982817551411e-08 - 1.5719333755115642e-08 - 1.8805100967103544e-08
B2: 3.370037152708245e-08 - -2.0072141378286348e-08 - 1.4964843350797734e-08 - 3.3220124544634193e-08
