Number: 3797
Error: 6.6531029421392e-16
A1: [0.06621321565549426, -0.1139520464948625, -0.02398391633305699, 0.07172290206634506] - [0.03740263999457467, 0.18819339606020397, -0.14740891938431705, -0.078186982780541] - [-0.06022937547055314, 0.328950796145102, -0.12775311374043258, -0.1409683262443461] - [0.039046201094132135, -0.05332264624343915, -0.037418549801343716, 0.051695160679792046]
A2: [-0.009108634856784066, -0.34680324813331775, 0.24945503077819234, 0.10645661795767884] - [0.0800398148834666, 0.036282245248629996, -0.05025012415475847, -0.06607197149093212] - [-0.04245281934162652, 0.23083189121640485, -0.040531245420369545, -0.1478478388441495] - [0.06813476675460961, -0.2934678654532797, 0.14177122763195332, 0.0835618469726824]
B1: -9.65109558172548e-09 - 2.6420634973250784e-08 - -1.6574884616131164e-08 - 1.1995527965776399e-08
B2: 7.136523756213208e-09 - 1.8806688123608584e-08 - 1.1073513036223446e-09 - 5.114930455360691e-09
