Number: 245
Error: 4.097706427892687e-07
A1: [-0.010553186084864023, -0.012878279942014523, 0.01984971354383554, 0.010289108551696048] - [0.06771012332767674, 0.19129797767263704, -0.14338394539363644, -0.10791998292657379] - [-0.0953290866604078, 0.4227182831954886, -0.052404363208599584, -0.27090954786464794] - [0.0007142147019714839, -0.016263980990257564, -0.001664657468817056, 0.025730187150672094]
A2: [0.16281411183361497, -0.166547102875051, 0.009708860281781126, -0.0011364314673197042] - [0.037073445716879844, 0.20908000884977132, -0.11562836660097937, -0.12423854549714566] - [-0.08557683592239797, 0.5821578203238355, -0.23478090401103918, -0.25932381999347337] - [-0.003718386431203094, -0.004405853576821706, 0.0012206377593825283, 0.00735072466059663]
B1: 0.0006441641383047598 - 0.001024232585350623 - 0.001053795433073505 - 0.0006762713276111336
B2: 0.0009041668149113507 - 0.002472886384232705 - -0.0011508046631079302 - -0.0002897978165646989
