Number: 5711
Error: 0.012824381217323839
A1: [-0.16842674233896962, -0.3792186583977259, -0.2737851883847421, -0.1278816201621983] - [-0.15491426808658515, -0.031068191483249852, -0.3414047538895645, -0.23368366451923217] - [-0.04728053831005973, 0.26536246683776116, -0.1609770939745578, -0.13844015818522953] - [-0.6751371903720452, -0.7381376516058455, -0.7460642370548088, -0.5783486338028465]
A2: [-0.23342710780034376, -0.33012572546675156, 0.0003568460780053462, -0.6609304382827371] - [0.08436727404231073, 0.24425991008526113, -0.01080377911980368, -0.5927229628500333] - [-0.3286209892386722, 0.1865545877199097, -0.3275497104538221, -0.9810739928246097] - [-0.14138464861756983, -0.2522965056958756, -0.048407529813453004, -0.6865844203737385]
B1: -0.35295220992229853 - -0.543066370790524 - -0.38369571662531554 - -0.39261792481407043
B2: -0.6192686104771542 - -0.518482056632092 - -0.7899330644137194 - -0.6017815890102599
