Number: 4667
Error: 8.360679289694029e-16
A1: [0.06621313962941473, -0.11395212082202255, -0.023983992299491434, 0.07172282616782888] - [0.03740255068644419, 0.1881933107323501, -0.14740900718104857, -0.07818707058505829] - [-0.060229464984288654, 0.3289507101719778, -0.12775320133335433, -0.1409684133659543] - [0.039046175913553964, -0.053322670143814234, -0.037418574162666446, 0.0516951365162602]
A2: [-0.00910859455679757, -0.3468032053812775, 0.2494550714040598, 0.10645666020996] - [0.08003971579762645, 0.036282138504876035, -0.05025023244981751, -0.06607208070557152] - [-0.04245281958133142, 0.23083189095185921, -0.040531245677122754, -0.14784783910920765] - [0.06813486432784777, -0.29346775802107933, 0.1417713334103287, 0.0835619563701107]
B1: -1.0183917192765601e-08 - -3.7666094639718164e-08 - -2.897911263521984e-10 - 3.343955575474547e-08
B2: 2.656758736623438e-08 - 2.1854487968913512e-08 - -5.4902490327275844e-08 - 2.8808997658987665e-08
