Number: 1870
Error: 4.2286874876433906e-07
A1: [-0.005059663868015917, -0.012816007423660077, 0.005249360952810106, 0.02163278701882216] - [0.06790209657388141, 0.19092334775291592, -0.14561999227258912, -0.10866660452601083] - [-0.11100181510649565, 0.4433511219837582, -0.06919652736295057, -0.2563837780453782] - [-0.020954398010819605, 0.017747297760171216, -0.02754255351038019, 0.04146305778064621]
A2: [0.13014245366047286, -0.22609831364958327, 0.021213560037759673, 0.06872105088927169] - [0.03195377684932446, 0.20308128098621087, -0.1155747243563059, -0.12212482361945579] - [-0.09597992591681495, 0.5542019721573822, -0.23649301280784105, -0.22688279296053226] - [-0.020195276749195273, -0.01869714881707447, 0.008699282002138936, 0.03275108538291394]
B1: 0.00018194440276672667 - 0.0016647240598652961 - 6.701877635973991e-05 - 0.0008532485671903208
B2: -0.00022371797517397067 - -0.00034834407165906524 - 0.0006584227323150998 - 0.00038609341082390094
