Number: 3311
Error: 5.244561683513439e-06
A1: [0.06387270462327357, -0.11639747274582544, -0.026566516279634234, 0.06921339409429353] - [0.02983865664552435, 0.18083433823097075, -0.15486143376348022, -0.08560627659961706] - [-0.05148681968049413, 0.33754521444645924, -0.11889246302274681, -0.13225342411955085] - [0.02953496087481127, -0.062255773249639434, -0.046818266105804494, 0.042429761148063905]
A2: [-0.017150958515025155, -0.35538976832251556, 0.2416528807924615, 0.09813541569385555] - [0.09333408299857397, 0.05068256184654702, -0.03579031350651646, -0.05146955047592205] - [-0.06423443681384534, 0.2062632448726129, -0.06418791013194523, -0.17219703432422884] - [0.05162728682830538, -0.31205778836822134, 0.12367841347347251, 0.06487155539584347]
B1: 0.0015233366468904884 - 0.00557762655807101 - 0.0010001594817844912 - 0.0014273647424320756
B2: 0.0001793561055916874 - 0.005746220051015995 - -0.0014948225583468 - 0.00273995132698589
