Number: 2196
Error: 0.0003705928733891971
A1: [0.023054013810239235, -0.06547426843840568, -0.030067941507894706, 0.011072458842178104] - [0.060580077798484275, 0.19284651318140117, -0.14865816785958175, -0.09727973709441629] - [-0.1907308487554454, 0.3474081292533352, -0.1712415876629216, -0.2766930473981585] - [-0.019245453621477338, -0.008564332959965497, -0.04820658183555696, -0.050738799468138605]
A2: [0.12175066840920563, -0.17020467530391076, 0.1372035258460781, 0.08109729713327121] - [0.0445525278188335, 0.21087427939240408, -0.09167274364970407, -0.11754667605822909] - [-0.06940134329086103, 0.5607452556217462, -0.1866401910309273, -0.17379042948527507] - [-0.17017065447981128, -0.08397252800568203, -0.14131315622970675, -0.05951398651741138]
B1: 0.002761951635275872 - -0.013753654904674189 - -0.023809274219916802 - 0.02738896836732831
B2: -0.008256578603540315 - -0.011673546186487842 - -0.017303188139853716 - -0.011217635453215784
