Number: 4242
Error: 9.719682455325283e-16
A1: [0.06621322073742661, -0.11395204152649033, -0.023983911255104903, 0.0717229071397535] - [0.03740261067481382, 0.18819336804717107, -0.14740894820787742, -0.07818701160665557] - [-0.06022947118637062, 0.32895070421532185, -0.12775320740227242, -0.14096841940240623] - [0.039046263955175284, -0.05332258657806956, -0.0374184889853589, 0.051695221001954]
A2: [-0.009108482539938834, -0.3468030865489109, 0.24945518432743308, 0.10645677765362282] - [0.08003983957391621, 0.03628227184731987, -0.050250097169496605, -0.0660719442765376] - [-0.042452801959678675, 0.2308319104001704, -0.040531226793199135, -0.14784781962039475] - [0.06813480599303692, -0.2934678222500607, 0.14177127017016755, 0.08356189096619267]
B1: -2.8481982199044002e-08 - 1.624074265424872e-08 - -6.869176627647306e-09 - -2.237816586902859e-09
B2: -4.5791739203571766e-08 - -6.229885572806313e-08 - 2.7056631498620857e-08 - 4.7093708115314084e-08
