Number: 9555
Error: 1.2536956487145656e-13
A1: [0.05317293126092827, -0.14800088972510672, -0.026998666625537515, 0.12182820329368081] - [0.005314716396350465, 0.13083769187564434, -0.113599747357004, -0.022548765389304396] - [-0.014443949913999669, 0.22309214767670263, -0.12704065335730053, -0.08160540614905669] - [0.02714741758357574, -0.10001908056480796, -0.04942354890034899, 0.12229908031728023]
A2: [0.08925345103424587, -0.07291437825123588, -0.12362840831595989, 0.10728536032500928] - [0.10884220431518397, 0.24981465671030098, -0.40484482344509654, 0.0461899635910853] - [0.03663556340240409, 0.4625547528067445, -0.37771780962542406, -0.12147363987674685] - [0.14342453603987168, -0.04460851342775624, -0.20150138789946612, 0.102677937173418]
B1: -6.029857788362387e-07 - -9.87345085001156e-08 - -6.222488274399892e-08 - -1.3192249217290618e-07
B2: -5.222712923378405e-07 - -3.152505344426874e-07 - -4.417447252374678e-07 - -3.715701484805369e-07
