Number: 7806
Error: 1.0416873395710875e-15
A1: [0.08043168210146108, -0.18046781333338605, -0.01958885955336834, 0.11962496915534195] - [0.03741556653267931, 0.1335963727240698, -0.13472619963253807, -0.036285838551020584] - [-0.001702840581073389, 0.22819009493894457, -0.12282840418190538, -0.10365893178698582] - [0.03886323312383289, -0.11448101985405464, -0.0464164427002327, 0.1220342266484564]
A2: [0.03530741871770675, -0.02927350020786008, -0.07569737309677736, 0.06966338226621376] - [0.10289378794615923, 0.2828967388569742, -0.39260636019900413, 0.006816035036695311] - [-0.011187021877050556, 0.5390146692669613, -0.35945094155628204, -0.16837638225391705] - [0.09786284225441873, 0.017463359536969397, -0.16885096972724534, 0.053524923358160184]
B1: 1.8177580269264138e-08 - -1.7308767872081645e-08 - 1.2603915904859398e-08 - 1.2739887220380748e-08
B2: 2.400192889262031e-08 - -3.628629134740697e-08 - 2.2189940833955347e-08 - 1.982227888426314e-08
