Number: 8769
Error: 6.600042334094652e-09
A1: [0.08037116912460536, -0.18052831615614573, -0.019649297408128673, 0.11956446400956523] - [0.03733544507170086, 0.13351632467057348, -0.13480615791273232, -0.03636591202637765] - [-0.0017660852165226222, 0.22812685189370382, -0.1228915540657487, -0.10372215952721471] - [0.03885014177275291, -0.11449407177582795, -0.046429521578967146, 0.12202114442475663]
A2: [0.035474374977785, -0.02910609355914724, -0.0755386313193113, 0.0698381284010146] - [0.10291725652655838, 0.2829203951356512, -0.39258365864884376, 0.006840615506630429] - [-0.011029540302281662, 0.5391730806890025, -0.35930188051628825, -0.1682104307739326] - [0.09797845448327891, 0.01757948629509793, -0.16874091222158616, 0.05364628607033365]
B1: 1.7665570478428732e-05 - 1.6008600123343536e-05 - -1.8405007061043886e-05 - 1.0433734809945828e-05
B2: -8.597136690035159e-05 - -3.351714311471764e-06 - -0.00013238743969669548 - -6.0231106213087967e-05
