Number: 7743
Error: 8.408450768066319e-16
A1: [0.08043166029341545, -0.18046783513896342, -0.01958888133533634, 0.11962494734978796] - [0.037415550587686384, 0.13359635679114462, -0.13472621554576247, -0.03628585448718171] - [-0.0017028615116679992, 0.22819007400879515, -0.1228284250818527, -0.10365895271199352] - [0.03886321085778596, -0.11448104205761651, -0.0464164649520899, 0.12203420439624885]
A2: [0.03530742369286459, -0.029273495218950403, -0.0756973683664589, 0.06966338747325135] - [0.10289369736825346, 0.28289664751032545, -0.39260644780482296, 0.006815940188467174] - [-0.011187126353241775, 0.5390145641676299, -0.3594510404453897, -0.168376492343995] - [0.09786278274723961, 0.017463299759115633, -0.16885102637429142, 0.05352486089506409]
B1: -2.277260591418695e-09 - -9.902264650271829e-09 - 3.942041596954306e-09 - 2.604223526284787e-09
B2: 1.1802891724539997e-08 - -2.849738651516767e-08 - 5.868171688442879e-09 - 9.71355361795062e-09
