Number: 5704
Error: 0.047298135441654475
A1: [-0.0766526082542898, -0.26536933590487083, -0.1717213173509107, -0.040214061110355484] - [-0.06542040234467686, 0.08057113339942396, -0.2471615023249421, -0.1480709396998837] - [0.14843895209567487, 0.47769291497785066, 0.05486271420970594, 0.05550139122193229] - [-0.6317906408276749, -0.6830096643989393, -0.6908978399550119, -0.5430025821875509]
A2: [-0.8667945017271761, -1.0769349217504045, -0.8034369709757316, -0.7733054837648916] - [-0.6477139518576017, -0.6026301928254433, -0.9332954592405115, -0.8489135854693934] - [-0.9631968504180584, -0.5640228902965233, -1.133993006652116, -1.1026929595908788] - [-0.7870764401752064, -1.0138842488850235, -0.8693474362938606, -0.8133312376618508]
B1: -0.4136028143736094 - -0.5391694844965964 - -0.446318016556 - -0.44868735499445295
B2: 0.14938051660842397 - 0.2543398752995014 - -0.027881568071965387 - 0.12429682918879373
