Number: 5922
Error: 1.86205763032438e-09
A1: [0.08067956455755787, -0.18021997265972864, -0.019341259345190143, 0.11987283066251829] - [0.03768555367472237, 0.13386613281232712, -0.13445673328771643, -0.036015988509770384] - [-0.0015290108988971387, 0.2283639189194032, -0.12265480398541656, -0.10348513608503042] - [0.0391022792728307, -0.11424261428447227, -0.0461775055096055, 0.12227314356503993]
A2: [0.035408595426882905, -0.029172055183145654, -0.07560119508748388, 0.06976927906556342] - [0.10291817357670255, 0.28292132774605444, -0.3925828018449914, 0.006841521885349305] - [-0.01125753282104856, 0.5389437522772541, -0.35951769690691104, -0.16845071506726592] - [0.09787314155778434, 0.017473708560517928, -0.16884118240701407, 0.05353571970376555]
B1: 8.957273685193013e-05 - 5.507686864391293e-05 - 2.8960772972647014e-06 - 3.909335142441458e-05
B2: -8.168608723286533e-06 - 3.0561369842498926e-05 - 5.727198593162126e-05 - -1.658304472294335e-05
