Number: 4335
Error: 8.666328099965697e-16
A1: [0.06621323783309094, -0.11395202481286675, -0.02398389417285546, 0.07172292420673011] - [0.03740260985222161, 0.18819336726124264, -0.14740894901654378, -0.07818701241539695] - [-0.060229329910034844, 0.3289508399034155, -0.1277530691576177, -0.14096828190129812] - [0.03904629238709251, -0.05332255959153884, -0.03741846147843177, 0.05169524828554034]
A2: [-0.009108688288423443, -0.3468033048158463, 0.24945497691419607, 0.10645656193752301] - [0.08003983152217724, 0.03628226317330252, -0.050250105969581925, -0.06607195315131748] - [-0.04245287379886203, 0.23083183111405073, -0.04053130377885427, -0.14784789907170576] - [0.0681350260931996, -0.2934675799103012, 0.14177150877990646, 0.08356213773899993]
B1: 8.591035548737923e-08 - -1.001895683379119e-08 - -5.208267128007509e-08 - 6.535139448938174e-08
B2: 9.427517128142062e-08 - 2.5268128436272836e-08 - 9.237940925914492e-09 - -3.035653085532736e-08
