Number: 9667
Error: 2.740583255071843e-14
A1: [0.05317246607147869, -0.1480013550760646, -0.026999131297472306, 0.12182773787275834] - [0.0053137256754397615, 0.1308367001316963, -0.11360073791704832, -0.022549757509001563] - [-0.014444238108099207, 0.22309185938420112, -0.12704094131863794, -0.08160569444528062] - [0.02714638900254151, -0.10002010913224066, -0.04942457964379719, 0.12229804912971548]
A2: [0.08925399803450694, -0.07291383250534486, -0.1236278736296697, 0.10728591409115885] - [0.10884074964178429, 0.2498132017813813, -0.40484624929564283, 0.046188484456649186] - [0.03663483767643371, 0.4625540308589225, -0.3777185176703197, -0.12147437311325401] - [0.14342694328098352, -0.044606115142519075, -0.20149903742985492, 0.10268038014148832]
B1: -4.009041742592667e-08 - 2.4535968298558295e-07 - 1.4662306613812225e-07 - -3.4774234961957783e-07
B2: 2.5286916478739078e-08 - -1.580303878457251e-08 - -1.3668298049692423e-07 - 8.666430165576681e-09
