Number: 9086
Error: 9.031538274747762e-05
A1: [0.03145488011274808, -0.17189203487877672, -0.04940945501496178, 0.09833978540158157] - [-0.019421277228242124, 0.10460814533603875, -0.13987624526925488, -0.0489663630433353] - [-0.0295301519955653, 0.20975543383622297, -0.13792258113855313, -0.09325957120776598] - [0.005890242878923821, -0.12242062278956624, -0.07060338905597562, 0.10009874675065497]
A2: [0.07161816634355767, -0.09054216526705641, -0.1351881684893797, 0.0901115267031301] - [0.05864525190687938, 0.1984682722482076, -0.45274096152631466, -0.00541405528928739] - [0.013322931781406906, 0.44028804943191185, -0.40278113069254773, -0.14537640731248033] - [0.1104380987313154, -0.07761358343429504, -0.2358015596593612, 0.0687906881105938]
B1: 0.006473019809314603 - 0.010691454040812298 - -0.0032339640096222325 - 0.002335499358221427
B2: 0.0016781554431575625 - -0.0005753675110543831 - -0.014402383257383761 - 0.00019421609609039572
