Number: 704
Error: 1.4038581661939754e-14
A1: [-0.01215327735470288, -0.014517050460327334, 0.018087412145659724, 0.008583221818311719] - [0.0658352367742237, 0.18949526219951676, -0.1453225688610857, -0.11000855924763137] - [-0.096294206239959, 0.42178499565052435, -0.053458561833771956, -0.2720370532987312] - [-0.0013221461808616227, -0.0182198660722541, -0.0038357983036423644, 0.023375996997910816]
A2: [0.16158689599684553, -0.16775460137842202, 0.008501505544915088, -0.002332898707953848] - [0.03548558376807567, 0.20751658426147582, -0.11721056338837113, -0.1257921662704796] - [-0.08621362629821464, 0.5815380418331304, -0.23538880605069668, -0.25993564776099554] - [-0.003835080614895733, -0.0045194012386334005, 0.0011101447239063875, 0.007243284353617053]
B1: -5.597935105427524e-08 - -2.0861680548858732e-07 - 7.514284497338553e-08 - 1.9245947883684154e-08
B2: 1.38902161306439e-07 - 9.240182674447089e-08 - -1.264767629702747e-07 - 8.8267265965335e-08
