Number: 67
Error: 0.0006023127883093262
A1: [0.009802529214858116, 0.008949801560962522, 0.04361710142304166, 0.032750108053046866] - [0.1105584628502352, 0.2374986309252785, -0.10312073325155874, -0.07506031851299758] - [-0.09345429644482926, 0.42816135658534077, -0.0500227124913289, -0.2682988512424737] - [0.009190459957274206, -0.003007934772611328, 0.0076193501781526805, 0.032913632606731844]
A2: [0.2796775730281141, -0.05275086724479267, 0.123097431779422, 0.11175709518865458] - [0.08503288329256063, 0.2533819780658022, -0.07314851033095125, -0.08175866686671182] - [0.06259560098881754, 0.7289079436642388, -0.09089152484365816, -0.11524573512413425] - [0.3349256409435876, 0.33271320469602256, 0.33741234754593064, 0.3317730040476219]
B1: 0.03488034601855059 - 0.412300930785423 - -0.009257676291580471 - -0.039844387624883126
B2: -0.00024380938067133928 - 0.3872855879832848 - -0.003917605770276374 - 0.003266468099142392
