Number: 3823
Error: 8.995908829481916e-16
A1: [0.06621318843616444, -0.11395207310592435, -0.023983943531023615, 0.07172287489269884] - [0.037402632431539434, 0.18819338883423706, -0.14740892681936066, -0.07818699021624295] - [-0.060229204186723, 0.3289509606537097, -0.12775294613222, -0.1409681595376289] - [0.03904606184786755, -0.05332277841069707, -0.03741868451742193, 0.05169502705758274]
A2: [-0.009108588608520006, -0.3468031990711068, 0.24945507740065784, 0.10645666644648082] - [0.08003979112714478, 0.036282219656258066, -0.050250150119076874, -0.06607199767571797] - [-0.04245284497866285, 0.2308318629217546, -0.040531272894047635, -0.1478478671977728] - [0.06813474786035674, -0.29346788625669484, 0.14177120714874347, 0.08356182578871142]
B1: 1.2394280353390816e-09 - 2.8659540723928847e-08 - 4.2323594325860985e-09 - 8.38747880949883e-09
B2: 2.991438617122962e-10 - 4.644765472820168e-09 - -1.634922156823598e-08 - 3.9198239574108143e-08
