Number: 7959
Error: 1.2458112497579994e-15
A1: [0.08043168726638672, -0.1804678081690502, -0.01958885439462911, 0.11962497431967264] - [0.03741561312223529, 0.13359641927837498, -0.13472615313577488, -0.0362857919872568] - [-0.0017028058321913136, 0.2281901296870848, -0.12282836948389965, -0.10365889704737667] - [0.038863235534544883, -0.11448101745011005, -0.046416440291059756, 0.12203422905766842]
A2: [0.03530747364495409, -0.02927344512870553, -0.07569732087256581, 0.06966343975344336] - [0.10289376769779046, 0.28289671843674524, -0.39260637978296764, 0.006816013833699211] - [-0.011187089598167612, 0.539014601141912, -0.3594510056558801, -0.16837645361393289] - [0.09786283034817639, 0.01746334757655682, -0.16885098106122473, 0.05352491086048324]
B1: 3.2207956217737038e-09 - -2.0003823407352277e-09 - -7.42437107528409e-09 - -4.238515669987474e-09
B2: 3.190168176850371e-09 - -1.686955064793453e-08 - -4.130237995511704e-09 - 2.519529287779099e-09
