Number: 913
Error: 1.3160248733529193e-09
A1: [-0.01213156340626858, -0.014494905119903773, 0.018111360332915518, 0.00860632348680004] - [0.0658411292351486, 0.1895009228007809, -0.145316472332708, -0.11000200036003999] - [-0.09629581902847692, 0.42178335313828946, -0.053460345750079546, -0.272039001820265] - [-0.001530893555268093, -0.018420527046917642, -0.004057987218071452, 0.023134861915594013]
A2: [0.16151999273755843, -0.16782006786544626, 0.008436073384172633, -0.002397882745000494] - [0.035549780327257016, 0.20757974986665076, -0.11714663047437882, -0.12572936884669408] - [-0.08628374181381057, 0.5814695141865555, -0.2354569240031008, -0.26000384667308085] - [-0.003914816068198983, -0.004597753796963481, 0.001031268293819857, 0.007167023682396044]
B1: -7.189280497765818e-05 - 1.4094243353162214e-06 - -5.080511570560015e-05 - -2.233214593618725e-05
B2: -0.00011813581802409541 - -6.01020111963558e-05 - -1.214914985094936e-05 - 6.762036933920913e-05
