Number: 2898
Error: 2.4077226312289818e-08
A1: [0.06361105000515802, -0.04769626437753741, -0.023268326347626718, 0.008030005336313012] - [0.04380565454790357, 0.19140958050947895, -0.1424162331148068, -0.09235389160144238] - [-0.123509750758992, 0.4147952837856405, -0.10492526290614894, -0.18713978295058512] - [0.0368423034885349, 0.019004262789543164, -0.033295260219681155, -0.023214431479489872]
A2: [0.0630830739732389, -0.17404284898127192, 0.08596389090051339, 0.02360074831758264] - [0.0295819016162744, 0.20058640848533033, -0.10141930422361728, -0.12758749420352106] - [-0.09354891335933906, 0.5135457378150909, -0.2257452418543758, -0.19523268951373088] - [-0.025504900927963613, 0.018940516510347855, -0.04986478391841741, 0.057388578545723413]
B1: 1.8297619221954614e-05 - -0.00011825724655305943 - 1.7469430833664515e-05 - -0.00013182032092125864
B2: 0.00017573996937577036 - -9.296169810031821e-05 - 0.00014039205970683302 - 0.00013701432881858933
