Number: 2874
Error: 1.675931026377007e-08
A1: [0.06328679886108667, -0.04801933069319278, -0.02358993782006994, 0.0077085448178900295] - [0.04362945739500511, 0.1912394421430839, -0.1425977610203116, -0.09254745315208897] - [-0.12324681557108007, 0.4150574624138754, -0.10466120382536734, -0.1868763561883613] - [0.03720449987759174, 0.019367250562186675, -0.032933103177271765, -0.022853876463970035]
A2: [0.06403395910498813, -0.17309640057876668, 0.08691240046949428, 0.024540330894977435] - [0.02938595804051624, 0.2003933921936949, -0.10161455446998852, -0.1277792178105706] - [-0.09386597114410793, 0.5132344144279481, -0.2260634782733784, -0.19554050333286285] - [-0.025685398480784376, 0.01876110347300093, -0.05004521312234873, 0.05721292785563165]
B1: 0.0002773044718282568 - 9.860684035338236e-05 - -0.00020929355765346712 - 6.191087829042113e-05
B2: -3.088164273177852e-05 - 9.53883870039161e-06 - -1.6666763700427753e-05 - 4.631137300936183e-05
