Number: 663
Error: 4.088623728594206e-14
A1: [-0.012152135668908676, -0.01451587783212315, 0.01808867405352405, 0.008584441842332171] - [0.06583513804992043, 0.18949516723104112, -0.14532267093344015, -0.1100086691672996] - [-0.09629494869920212, 0.42178427807836166, -0.05345936748982506, -0.27203791830001833] - [-0.0013226463687904914, -0.018220347110756846, -0.0038363307367325736, 0.0233754188641614]
A2: [0.16158629085728518, -0.1677551951203847, 0.008500912608356363, -0.002333488634945798] - [0.03548573499063106, 0.2075167330538157, -0.117210412799547, -0.12579201833571305] - [-0.08621386220207133, 0.5815378107668103, -0.23538903559224744, -0.2599358778027656] - [-0.003835129090324578, -0.004519448907050608, 0.0011100967468337646, 0.007243237976283825]
B1: 9.512096257505397e-08 - 4.109882451919598e-07 - 7.501677246951016e-08 - 1.0867613245982392e-07
B2: -1.5637475966803606e-07 - 2.9450431579927536e-07 - -4.564523740179934e-07 - 3.693410922121059e-07
