Number: 9420
Error: 3.466884883919529e-12
A1: [0.05317430271892929, -0.1479995177377092, -0.02699729669369833, 0.1218295754307048] - [0.00530958944710338, 0.130832559738907, -0.11360487337336428, -0.022553899273113673] - [-0.014436709960574078, 0.22309939004001142, -0.12703341926374911, -0.0815981638212141] - [0.02713974305580052, -0.10002675458116712, -0.04943123923024399, 0.12229138693881184]
A2: [0.08925460281934668, -0.07291322911035349, -0.12362728246065827, 0.10728652654378151] - [0.10884757275422703, 0.24982002609664092, -0.40483956127772364, 0.04619542229535677] - [0.03664129433373417, 0.4625604537315862, -0.3777122181090974, -0.12146784971028061] - [0.1434363246551567, -0.04459676903269052, -0.20148987710901334, 0.10268990020848234]
B1: 6.6490371813831235e-06 - -5.346330153611166e-07 - 4.6950507321244645e-06 - 2.7783882793536006e-06
B2: 2.365206160617666e-06 - 2.3619087592740727e-06 - 2.058033801503746e-06 - 4.309685822433025e-06
