Number: 8578
Error: 6.300474111252239e-16
A1: [0.08043168227145343, -0.18046781316338195, -0.019588859383597817, 0.11962496932532578] - [0.037415535813699365, 0.13359634202840712, -0.1347262302901015, -0.036285869252868926] - [-0.0017028237190471539, 0.22819011180060045, -0.12282838734457964, -0.10365891492945904] - [0.03886322602595412, -0.1144810269319318, -0.04641644979357542, 0.12203421955504203]
A2: [0.035307465359806604, -0.029273453436753957, -0.07569732874996105, 0.06966343108206687] - [0.10289363290437288, 0.2828965824993953, -0.39260651015352854, 0.006815872685507302] - [-0.011187085839805003, 0.5390146049226894, -0.3594510020985141, -0.16837644965360746] - [0.09786273614612323, 0.017463252946006924, -0.16885107073567787, 0.05352481197918804]
B1: 3.4801139624728075e-08 - 1.873581869382643e-08 - -3.3411411144952676e-09 - 2.4698165827137398e-08
B2: 1.120383476091328e-08 - 3.867233830137435e-10 - 4.195714025213825e-08 - 1.5591089594449753e-08
