Number: 6238
Error: 1.1417633881039074e-15
A1: [0.08043165635287908, -0.1804678390790411, -0.01958888527116645, 0.11962494340970065] - [0.03741556304276286, 0.13359636923680387, -0.1347262031155181, -0.03628584203900553] - [-0.0017028295838900144, 0.22819010593590036, -0.12282839320082942, -0.10365892079274107] - [0.03886321655231312, -0.1144810363790566, -0.046416459261195885, 0.12203421008723947]
A2: [0.03530743843765286, -0.029273480433394165, -0.07569735434727838, 0.06966340290525508] - [0.10289371663068657, 0.2828966669362205, -0.3926064291744292, 0.006815960358989047] - [-0.011187131278888082, 0.5390145592126111, -0.3594510451075951, -0.16837649753435843] - [0.09786278717443532, 0.01746330420644309, -0.16885102215986164, 0.05352486554214546]
B1: 5.697938988499567e-10 - -1.0364407363546397e-08 - -9.668341331061081e-09 - -6.837386457397479e-09
B2: -1.1851428416573936e-08 - -1.3970084128202042e-08 - 3.609427763008485e-09 - -3.8624735503496274e-09
