Number: 8838
Error: 0.0001553707551480462
A1: [0.08203329604619777, -0.17883259222749803, -0.018372483058792993, 0.12125926054227351] - [0.03852047975152636, 0.13470139945577386, -0.1339369141323069, -0.03516894540351723] - [-0.0016561913479679574, 0.22823393751140525, -0.12304472754482748, -0.10359279537037265] - [0.03894290747495551, -0.11433781920321308, -0.04680564792176953, 0.12215947990413642]
A2: [0.036407688038683085, -0.028302284823087425, -0.07453618129246205, 0.0708292595635264] - [0.1079156801469748, 0.28792584486701106, -0.3875935772120733, 0.01207281057581284] - [-0.006852832753014397, 0.5431002723700331, -0.35549120621943836, -0.16373670502019094] - [0.09767895843554283, 0.01719847053649333, -0.168862446713904, 0.053340045993724744]
B1: -0.00326162053755066 - -0.0017179052652246986 - -0.003758390436215911 - -0.002655893187658612
B2: 0.00850971742547579 - 0.009606982344789234 - 0.013471544855694843 - 0.007928291827675765
