Number: 4267
Error: 8.080030625464297e-16
A1: [0.06621321341134989, -0.11395204868884987, -0.023983918575427594, 0.07172289982597459] - [0.037402622864769836, 0.18819337969384636, -0.14740893622421491, -0.07818699962193279] - [-0.06022932228469111, 0.32895084722717616, -0.12775306169587888, -0.14096827447969645] - [0.03904613642141369, -0.053322707628307084, -0.03741861237001653, 0.051695098619151156]
A2: [-0.009108610516921236, -0.34680322231246874, 0.24945505531499162, 0.10645664347673606] - [0.08003987066305845, 0.036282305339230755, -0.050250063190839044, -0.0660719100093541] - [-0.04245285880082503, 0.23083184766676856, -0.04053128770640243, -0.14784788248454558] - [0.06813469832008295, -0.29346794080265803, 0.14177115344232066, 0.08356177024493126]
B1: -1.6673280715552327e-08 - 2.9962511117379154e-08 - -5.069669559858965e-09 - -1.7530274916094495e-08
B2: 3.9437379515972275e-09 - -1.3964138158159105e-08 - -1.2465106648525663e-10 - -8.88579528690518e-09
