Number: 2006
Error: 0.00019033990370442697
A1: [0.001911034377237031, -0.0066599670062495245, 0.009670106000209401, 0.027966168848550473] - [0.06104983440475669, 0.1843508017052271, -0.1529298775243722, -0.11644894935846412] - [-0.08204772119861099, 0.4722227076343266, -0.040128667743690616, -0.22550631130974702] - [-0.030276362891803528, 0.008950894335892518, -0.037284267965791235, 0.03277350571375791]
A2: [0.12074983403701485, -0.23660700741012786, 0.01276793427924616, 0.06029744833392915] - [0.02268469172351861, 0.19287903311825302, -0.12521396450187608, -0.1317863520678409] - [-0.09748197747757559, 0.5505981439355151, -0.23794724341344942, -0.2291809392390373] - [0.002602398819186269, 0.0016629482992062483, 0.03098506902534258, 0.05431359203560412]
B1: 0.0008109870502817102 - -0.0010433010462383933 - -0.011955824629865334 - 0.0017493099681158706
B2: 0.0014513525334109937 - 0.019017174426760257 - 0.0184717791492549 - 0.0026324614424844822
