Number: 628
Error: 3.878661112275895e-14
A1: [-0.012153098338494239, -0.014516866593963847, 0.0180876100136724, 0.008583413117675387] - [0.06583530329986999, 0.189495326194538, -0.14532250007942066, -0.11000848517813754] - [-0.0962931927758182, 0.4217859751500908, -0.053457462102184924, -0.27203587256324163] - [-0.0013210657132400139, -0.018218826968041377, -0.0038346481794680897, 0.023377245837318487]
A2: [0.1615870225190529, -0.16775447723627235, 0.008501629520476391, -0.0023327753654890145] - [0.035485616150561686, 0.20751661612349878, -0.11721053114178903, -0.12579213459206814] - [-0.08621321299546972, 0.581538446664603, -0.23538840388909008, -0.2599352447273608] - [-0.0038348141412135584, -0.004519139193081317, 0.00111040847200688, 0.0072435392981669965]
B1: 4.07530785195668e-07 - 3.5310322814614046e-07 - 4.0301866615268197e-07 - 1.2974997823778706e-07
B2: 1.7408894231664698e-07 - -1.1357745438201632e-07 - 3.9268627359722645e-07 - 1.2026067248115261e-07
