Number: 6692
Error: 1.021601330868266e-15
A1: [0.0804316737797724, -0.1804678216541256, -0.01958886786511157, 0.11962496083460097] - [0.03741556936458458, 0.13359637555383796, -0.1347261968062934, -0.03628583572068921] - [-0.0017028342597819018, 0.22819010126010306, -0.12282839786987315, -0.10365892546738677] - [0.03886321144777015, -0.11448104146927576, -0.046416464362485865, 0.1220342049858658]
A2: [0.03530742788500964, -0.029273491015222232, -0.07569736438059992, 0.06966339186076942] - [0.10289377391524743, 0.28289672470696425, -0.3926063737695606, 0.006816020344315887] - [-0.011187164198460707, 0.5390145260966842, -0.35945107626668554, -0.16837653222285517] - [0.09786277389182071, 0.017463290863410735, -0.1688510348040544, 0.05352485159972962]
B1: -4.341225708771792e-09 - 1.2756497494307583e-08 - -2.457287626969445e-08 - -1.1082700157365676e-08
B2: -8.694033744008977e-09 - -8.669792500439768e-09 - -1.3824406646832531e-09 - -1.4529444689646667e-08
