Number: 1847
Error: 1.6674654448799304e-07
A1: [-0.007521457904728306, -0.015308646388178526, 0.002690816001231058, 0.019098761614972166] - [0.0675731294909344, 0.19060839865565996, -0.14596368202632673, -0.10903094894160568] - [-0.11432087914751556, 0.44011658254511554, -0.07264734868680724, -0.2599627229084002] - [-0.024952288573728026, 0.01382657711126618, -0.03162007692374286, 0.03725018746147747]
A2: [0.13201874000983677, -0.22423928745373434, 0.02309553719439424, 0.07057582927140682] - [0.03349001821526295, 0.20459368553298088, -0.11404650611263659, -0.12062360763411913] - [-0.09384143628824425, 0.5563246511884459, -0.23434994851289695, -0.22475474694952177] - [-0.01927504505228264, -0.01778174241243232, 0.009645788428440357, 0.033653651464796326]
B1: -0.0002564224370545629 - 0.00023689896632911236 - -0.0005091885835392981 - 0.00021933443777119441
B2: 0.0002666786044781751 - 0.0005793689549177009 - 0.0002590219031274813 - 0.00018049439980136938
