Number: 3444
Error: 7.356798106321646e-09
A1: [0.06599965742029329, -0.11416115459960295, -0.024197744330096988, 0.07150945897651977] - [0.03773586686807152, 0.18851179421457562, -0.14708118109270807, -0.07785920651623796] - [-0.060360555780475014, 0.3288246976875151, -0.12788161144900892, -0.14109647662703853] - [0.03892814445935455, -0.0534341795208495, -0.037532244323398696, 0.05158202182721562]
A2: [-0.008878422832751184, -0.3465587332869677, 0.24968729495008585, 0.10669878099064616] - [0.07995969381074872, 0.03619591276504441, -0.05033784874189506, -0.06616036021233308] - [-0.042462394144771154, 0.23082079472844455, -0.0405416833852079, -0.14785868584783554] - [0.06802097430414698, -0.29359335760624294, 0.1416482889542571, 0.08343465116888554]
B1: 0.00012440374084149425 - 4.5736196798285334e-05 - -0.00018872672644339888 - -1.671783897820801e-05
B2: 6.402280721184877e-05 - -0.00020800463898090153 - -2.1156505531085308e-06 - -0.00010721356313814632
