Number: 7692
Error: 9.986361696933933e-16
A1: [0.08043166329066533, -0.1804678321420525, -0.019588878341670606, 0.11962495034669506] - [0.037415551571713807, 0.13359635777442788, -0.13472621456369613, -0.03628585350369902] - [-0.0017028490349724628, 0.2281900864852249, -0.12282841262342592, -0.10365894023862875] - [0.038863209398122905, -0.11448104351318213, -0.046416466410822345, 0.12203420293749323]
A2: [0.035307456230733794, -0.029273462591088237, -0.07569733742984192, 0.06966342152763304] - [0.10289369679834534, 0.28289664693557914, -0.3926064483560331, 0.006815939591692829] - [-0.011187163387883036, 0.5390145269120985, -0.3594510754995195, -0.16837653136864886] - [0.09786276530215443, 0.017463282234681285, -0.16885104298089912, 0.05352484258342197]
B1: -1.4622740120815702e-08 - -2.2379632858784918e-08 - -1.9452412489572447e-09 - -2.8204960479787526e-09
B2: -7.834757707430568e-09 - -1.4784555719676354e-08 - -1.2120804480229024e-08 - -6.033613339620053e-09
