Number: 8185
Error: 5.729058419138052e-16
A1: [0.08043172054099296, -0.1804677748982318, -0.01958882115985502, 0.11962500759044939] - [0.037415562244241925, 0.13359636843892925, -0.13472620391230924, -0.03628584283700923] - [-0.0017028112427807424, 0.2281901242766049, -0.12282837488658048, -0.10365890245653017] - [0.03886325931051711, -0.11448099374086364, -0.04641641653025445, 0.12203425281885494]
A2: [0.03530767603386288, -0.02927324218000901, -0.07569712844339166, 0.06966365157499896] - [0.10289381388926538, 0.28289676502023586, -0.39260633510713133, 0.006816062202851061] - [-0.011187170727268103, 0.5390145195289066, -0.3594510824464802, -0.16837653910234304] - [0.09786266745754968, 0.017463183945012162, -0.16885113612281502, 0.05352473987864429]
B1: 6.220185276113521e-08 - -1.642333052387849e-09 - -1.2113079143803728e-08 - 6.01954103673483e-08
B2: 4.040592578101351e-08 - 7.850532791279786e-09 - 2.393133983794421e-08 - 3.260518354753388e-08
