Number: 2730
Error: 2.1664775445216915e-08
A1: [0.06341682709211051, -0.047890295967036284, -0.02346145212249559, 0.00783795174161987] - [0.043554173682847856, 0.19116671562405876, -0.14267532625280172, -0.09263060425968946] - [-0.12264647340683794, 0.41565802337312024, -0.10405449375867419, -0.18627067823710403] - [0.03731835486792599, 0.01948297797932775, -0.03281697005340534, -0.022737865991107525]
A2: [0.06340501333802663, -0.17372133292447403, 0.08629056261213332, 0.023923655477718703] - [0.02943733149635772, 0.2004438049815869, -0.10156307664648924, -0.12772881286077023] - [-0.09346498183477879, 0.5136284450042484, -0.22566169946183454, -0.19515130293668975] - [-0.026036583217701786, 0.01841273420829721, -0.050399098340595104, 0.0568707035702252]
B1: 8.932941828390797e-05 - 0.00020264826357419818 - 0.00016188718667192923 - 0.0001564887600572752
B2: -7.326664169128655e-05 - 0.00013355159693343176 - -6.792715873116234e-05 - 8.811068141040165e-05
