Number: 7383
Error: 9.445116640700302e-16
A1: [0.08043169556601422, -0.18046779987035436, -0.019588846104922904, 0.11962498261835373] - [0.03741553653803857, 0.13359634275213847, -0.1347262295674252, -0.03628586852904895] - [-0.001702810769537218, 0.22819012474984443, -0.12282837441402505, -0.10365890198340937] - [0.03886318591518073, -0.11448106693021655, -0.046416489878809815, 0.12203417946914269]
A2: [0.03530744358586886, -0.029273475270922996, -0.07569734945243622, 0.06966340829343132] - [0.10289378850566144, 0.2828967394212114, -0.3926063596578828, 0.006816035622598838] - [-0.011187022594683793, 0.5390146685450485, -0.35945094223559976, -0.1683763830100544] - [0.0978628380661316, 0.017463355329627554, -0.16885097371425825, 0.0535249189618537]
B1: -2.271395340623759e-08 - -3.065581085909083e-09 - 3.1104836467211757e-09 - -1.4330755564728657e-09
B2: 1.743824883115816e-08 - -2.7784927490601616e-08 - 2.066469563578508e-08 - -2.125887395199377e-08
