Number: 5493
Error: 2.945638076437799e-13
A1: [0.06621230630077768, -0.11395293552740189, -0.023984824972532234, 0.07172199423997082] - [0.03740224710429226, 0.18819302068059435, -0.14740930562382176, -0.07818736905385872] - [-0.060230953667338306, 0.3289492803690094, -0.1277546580705247, -0.14096986226771308] - [0.03904609237875219, -0.05332274943838213, -0.03741865499613918, 0.05169505633948861]
A2: [-0.00910998914565066, -0.3468046848166256, 0.24945366553104897, 0.10645519805712558] - [0.08004012575950467, 0.0362825801513403, -0.05024978438490763, -0.06607162883558063] - [-0.04245225015898589, 0.23083251939696825, -0.04053063546354884, -0.14784720934586543] - [0.0681355375739724, -0.2934670167533559, 0.1417720632706567, 0.0835627112057816]
B1: 2.6972444987881437e-07 - -1.528163714425279e-06 - -4.313437818793213e-07 - -4.817826918738688e-07
B2: -7.168916454880441e-08 - -2.793667178778081e-07 - -7.968381150684333e-08 - 1.3363390762547395e-07
