Number: 1101
Error: 3.0969801974119433e-06
A1: [-0.009094965051794801, -0.01684992478323429, 0.0011100477582614478, 0.017374225761273173] - [0.06432177092680173, 0.18741804782402682, -0.149380766633061, -0.11259426646271077] - [-0.11806346928197342, 0.43652842260484853, -0.07648647037573933, -0.26431768018677393] - [-0.022724102055716535, 0.016060439522747376, -0.02898372760813306, 0.03962207855494198]
A2: [0.1305926162909062, -0.22560346106949017, 0.021800168780885344, 0.06915233302194702] - [0.016573671448088013, 0.1879995331489241, -0.1308332791066984, -0.13726791636060137] - [-0.09361055203779348, 0.5566466028738247, -0.23408015146614847, -0.22480596151735605] - [-0.01506982041547813, -0.013759891327801487, 0.014150113458212064, 0.037469604929974976]
B1: -0.003329353250970716 - -0.0014111664450597364 - -0.0007436711259171939 - -0.003367660255477119
B2: -0.0008255859175880049 - -0.002527132480031118 - 0.0032569437225132203 - -0.0025798046209564453
