Number: 4711
Error: 1.1349216979992287e-15
A1: [0.06621314176209563, -0.1139521187370063, -0.02398399016848731, 0.07172282829692213] - [0.0374025738860026, 0.18819333289795834, -0.14740898437410302, -0.07818704777609799] - [-0.06022955559665812, 0.32895062314374646, -0.12775329000129787, -0.14096850155696228] - [0.03904607368348455, -0.05332276717682463, -0.037418673066890916, 0.05169503841509312]
A2: [-0.009108326883036328, -0.34680292142158164, 0.24945534124357924, 0.10645694085100182] - [0.08003991995518449, 0.03628235844094902, -0.05025000931734784, -0.0660718556784362] - [-0.04245273852483723, 0.2308319804107048, -0.04053115881386219, -0.14784774946393267] - [0.06813500858188724, -0.2934675991913445, 0.14177148979542578, 0.08356211810520764]
B1: -7.334807284040534e-08 - 7.235077275287177e-08 - -4.54111924523513e-09 - 4.547770821357807e-08
B2: 2.188231306646387e-08 - 1.9781962186417412e-08 - -2.2079155697863433e-08 - 6.524762279619162e-08
