Number: 3994
Error: 8.405019119501673e-16
A1: [0.06621317887746608, -0.11395208245101919, -0.02398395308221398, 0.07172286535004475] - [0.037402629983345925, 0.18819338649516237, -0.1474089292261173, -0.07818699262320866] - [-0.06022945330726935, 0.32895072138722037, -0.127753189906824, -0.14096840200107766] - [0.039046201438487214, -0.05332264591659007, -0.037418549468188074, 0.051695161010227704]
A2: [-0.009108653479413212, -0.34680326788901567, 0.24945501200488673, 0.10645659843288179] - [0.08003975053548519, 0.03628217592740582, -0.05025019448345193, -0.06607204241681508] - [-0.04245282735916989, 0.23083188236772517, -0.040531254012290366, -0.14784784771127443] - [0.06813470551590646, -0.29346793287982004, 0.1417711612432261, 0.08356177831270654]
B1: 4.3516884498581756e-09 - -2.936155445891487e-08 - 2.2184887131857748e-08 - -6.265676832867881e-09
B2: -7.54590847676165e-09 - -2.19692285223093e-08 - 2.6520251439103275e-08 - 5.884720311471164e-09
