Number: 5070
Error: 9.823524132029234e-16
A1: [0.0662133428975788, -0.11395192209615461, -0.023983789190827113, 0.07172302909487871] - [0.037402656038069186, 0.18819341138872783, -0.14740890361229153, -0.07818696700714595] - [-0.06022929414166392, 0.32895087425703085, -0.12775303415674635, -0.14096824708847502] - [0.039046158151750165, -0.05332268700257184, -0.03741859134651214, 0.05169511947191148]
A2: [-0.009108658247605175, -0.34680327294703794, 0.2494550071980355, 0.10645659343392343] - [0.08003985172893766, 0.036282284941786126, -0.050250083884664766, -0.0660719308789462] - [-0.04245279244103009, 0.23083192090552845, -0.040531216592514185, -0.14784780909315395] - [0.06813478055161548, -0.29346785026219896, 0.14177124258898866, 0.08356186244164197]
B1: -2.112654950063447e-08 - 1.1604085476107022e-08 - 8.595141551232406e-09 - 6.481724191513108e-09
B2: 7.242641062388866e-08 - -1.783584248108969e-08 - -5.805863752487386e-08 - 2.512990712745794e-08
