Number: 3142
Error: 1.4929365109255657e-05
A1: [0.05980233781314103, -0.05157574476749684, -0.027096790688978866, 0.004320649384209105] - [0.04769425934990917, 0.19508309251514958, -0.13842973420044113, -0.08815589675703973] - [-0.12361008544866069, 0.4145374955899733, -0.1051121245361323, -0.18721215872508465] - [0.04552809358265103, 0.027347583136638303, -0.02496856438074416, -0.014476141845773909]
A2: [0.07358704877836578, -0.1634451133982452, 0.09627754313065137, 0.033649492879819345] - [0.03593434775736476, 0.2068217543259304, -0.0950582608877029, -0.12139979421169335] - [-0.10175332602571692, 0.5054953843457664, -0.23400289706462107, -0.20318109979995172] - [-0.0402943066773865, 0.004291154737749913, -0.06465411666631972, 0.04285366752760968]
B1: 0.002996465844922481 - -0.0032385134294124164 - -9.66941986835718e-05 - -0.0017216430820862004
B2: 0.0005130397250139991 - 0.005796387940769809 - 0.0010060925129360793 - 0.003945224507699583
