Number: 364
Error: 4.0763866233353815e-11
A1: [-0.012068574196840617, -0.01443004792685998, 0.018181037920057354, 0.008673744560924753] - [0.0658809687051334, 0.1895392546232413, -0.14527528724832267, -0.10995764127508234] - [-0.09627779318125451, 0.42180086078991436, -0.05344074751499613, -0.2720179322870681] - [-0.0013250544354179267, -0.018222662562296012, -0.0038388881533796167, 0.023372633879199377]
A2: [0.16159911522787657, -0.16774261937014953, 0.008513474974248189, -0.0023209915075023176] - [0.035483694577637094, 0.20751472376637353, -0.11721244625997536, -0.12579401541582155] - [-0.08617612096821035, 0.5815747733223016, -0.23535231852030802, -0.25989908384253463] - [-0.003841312855792657, -0.004525530161104862, 0.0011039799929718106, 0.007237323831477003]
B1: -1.0614233551207381e-05 - 3.148911630743116e-05 - 1.2064908708160483e-05 - 1.0363256786809687e-06
B2: -2.098255049175791e-05 - 2.0404168264005075e-05 - 2.6159790754017792e-05 - 5.638706094976744e-07
