Number: 4719
Error: 1.258820556347779e-15
A1: [0.0662131592563422, -0.11395210163369489, -0.023983972687968796, 0.07172284576180998] - [0.0374025883204963, 0.188193346689141, -0.14740897018388713, -0.07818703358462745] - [-0.060229424411362406, 0.32895074914007544, -0.1277531616310577, -0.1409683738771672] - [0.0390461536343704, -0.05332269129040648, -0.03741859571704379, 0.05169511513688681]
A2: [-0.009108646569292694, -0.34680326055831134, 0.249455018970782, 0.10645660567774787] - [0.08003990301818067, 0.03628234019495286, -0.05025002782851111, -0.06607187434678877] - [-0.04245281820823884, 0.23083189246729952, -0.040531244205641075, -0.14784783759062203] - [0.06813475575939308, -0.2934678775594849, 0.1417712157118415, 0.08356183464502497]
B1: -6.115414797575413e-09 - 4.6630324143230325e-08 - -1.7829807503529035e-08 - -2.2351079870604483e-08
B2: 1.6584648280285478e-08 - 1.74965760496917e-08 - -1.1071068339392633e-09 - 2.7179074411581857e-08
