Number: 7334
Error: 1.3232609218431628e-15
A1: [0.08043168622083086, -0.18046780921447683, -0.01958885543892718, 0.11962497327423854] - [0.03741559280671863, 0.13359639897823117, -0.1347261734108627, -0.03628581229153889] - [-0.001702825433025074, 0.2281901100866724, -0.12282838905603695, -0.10365891664298277] - [0.03886323687496084, -0.11448101611344752, -0.046416438951501465, 0.12203423039725071]
A2: [0.035307437082478514, -0.02927348179231343, -0.07569735563577558, 0.06966340148691895] - [0.10289368412044221, 0.28289663415006894, -0.3926064606179271, 0.006815926316056914] - [-0.01118716527180452, 0.5390145250169321, -0.3594510772826704, -0.1683765333538362] - [0.09786282952061291, 0.017463346745237397, -0.1688509818490444, 0.053524909991846316]
B1: 1.636670359505156e-08 - -2.2527042469476475e-08 - -1.2855044198912543e-08 - -1.2995027170828794e-08
B2: -6.72517719324655e-09 - -4.020507454460174e-09 - -1.0166845841034934e-08 - -4.066343610410561e-09
