Number: 7633
Error: 4.1261733948749726e-16
A1: [0.08043167936900014, -0.1804678160655383, -0.019588862282573682, 0.11962496642318594] - [0.037415604418708816, 0.133596410581428, -0.13472616182201141, -0.03628580068598416] - [-0.0017027969423655859, 0.22819013857672105, -0.12282836060709841, -0.10365888815992863] - [0.038863227316540884, -0.11448102564504885, -0.04641644850383519, 0.12203422084476735]
A2: [0.03530752542949118, -0.029273393200939836, -0.07569727163648088, 0.06966349395156987] - [0.10289383640216292, 0.28289678772421245, -0.39260631333298485, 0.006816085777195588] - [-0.011187216600639647, 0.5390144733819542, -0.3594511258666037, -0.1683765874407334] - [0.09786278072430162, 0.017463297726976433, -0.16885102830000306, 0.05352485877164195]
B1: 3.264333210483053e-08 - 5.3577015585065296e-08 - 1.1707607160019928e-08 - 2.9360435186818807e-08
B2: 2.0886479171184223e-08 - 4.317980967310148e-08 - 3.6422852049113816e-08 - 2.1194936494422543e-08
