Number: 6905
Error: 9.393226277810717e-16
A1: [0.08043166712002663, -0.18046782831311653, -0.01958887451689476, 0.1196249541756155] - [0.03741557945642831, 0.1335963856380431, -0.13472618673455763, -0.036285825634435866] - [-0.0017028310095892165, 0.22819010451022592, -0.12282839462443983, -0.10365892221806196] - [0.038863223356536525, -0.1144810295939302, -0.04641645246130802, 0.12203421688723051]
A2: [0.03530747877597119, -0.029273439983503784, -0.07569731599412628, 0.06966344512368391] - [0.10289379304890486, 0.2828967440030107, -0.39260635526373516, 0.0068160403800481065] - [-0.011187226011755312, 0.5390144639146968, -0.3594511347743241, -0.16837659735767518] - [0.097862810668699, 0.017463327807573904, -0.16885099979485324, 0.05352489020348542]
B1: 2.0318079079346466e-08 - 2.0339584525525173e-08 - -4.2846733482197153e-08 - 1.5411095971442844e-09
B2: -5.315149101313019e-09 - 1.5935513332856897e-10 - 7.646446139246674e-09 - -2.9488685200626695e-10
