Number: 2630
Error: 4.6076792363109514e-08
A1: [0.06274816881764476, -0.04855379608334027, -0.024121990085395832, 0.007177541093909754] - [0.043542234598135006, 0.19115445941419337, -0.14268765469372513, -0.0926433971748798] - [-0.12417461491029358, 0.4141405500030525, -0.10558305194007261, -0.1877919632833045] - [0.0361016665687576, 0.01826818675760234, -0.03402956349889365, -0.023943074669555624]
A2: [0.06322815542727785, -0.17390133279027703, 0.08611663739440292, 0.02374942773724297] - [0.029684063950047794, 0.20068699834040069, -0.10131770251545949, -0.12748755179938925] - [-0.09318678844948161, 0.513901298754126, -0.22538442148389293, -0.19488182249532904] - [-0.025045481382517238, 0.01940091336120447, -0.04941002145805427, 0.057834965577583046]
B1: 0.0005855650911302127 - 0.0002056157310844073 - 0.00030276426250045417 - 1.5294877005927725e-06
B2: -4.04103290914659e-05 - 0.0003602948487598512 - -6.158762134723464e-05 - -1.894471320546768e-05
