Number: 8427
Error: 8.443685875004871e-16
A1: [0.08043171419794051, -0.18046778124053225, -0.019588827495307853, 0.1196250012481447] - [0.03741553931211464, 0.1335963455241123, -0.1347262267987595, -0.03628586575645439] - [-0.0017028162344908714, 0.22819011928500785, -0.1228283798709733, -0.10365890744689425] - [0.03886327409375886, -0.11448097899906932, -0.046416401756413296, 0.12203426759293795]
A2: [0.03530730149698786, -0.02927361775275358, -0.07569748454901697, 0.0696632595823086] - [0.10289376476021263, 0.2828967154742608, -0.3926063826241314, 0.006816010757612988] - [-0.011187093626104238, 0.5390145970899136, -0.3594510094684136, -0.16837645785831834] - [0.09786279297232245, 0.017463310030679274, -0.16885101664067267, 0.053524871628053465]
B1: -2.6233160619092555e-09 - -4.06238523962349e-09 - 1.4964736260444469e-09 - 2.8857094688235735e-08
B2: 2.5662134639779835e-08 - -2.6510754979343093e-08 - 8.975459301845665e-09 - 3.4074955463230554e-08
