Number: 4648
Error: 9.488638799980782e-16
A1: [0.0662132152608276, -0.1139520468807191, -0.02398391672743573, 0.0717229016723128] - [0.03740260809786252, 0.18819336558507005, -0.14740895074122076, -0.07818701414023672] - [-0.060229484696293537, 0.3289506912396907, -0.12775322062235994, -0.14096843255122307] - [0.03904594400051338, -0.05332289026703068, -0.03741879853085001, 0.051694913969872816]
A2: [-0.009108740863974766, -0.34680336059015077, 0.2494549239131467, 0.10645650681503409] - [0.08003977016105408, 0.036282197069836125, -0.05025017303371906, -0.06607202078495666] - [-0.04245293214574949, 0.23083176671896047, -0.04053136630547133, -0.14784796360101912] - [0.06813461902475064, -0.2934680281100975, 0.14177106747843796, 0.08356168134048861]
B1: 1.748688387437187e-08 - 6.78701579443662e-09 - -8.932643871953871e-09 - -1.5286059067008625e-08
B2: 2.1325784835669427e-08 - -3.6769335145915528e-09 - 8.228911573247712e-08 - -5.21939488675347e-08
