Number: 8911
Error: 0.0005754228971493094
A1: [0.0621543553484129, -0.1852213356815409, -0.015047252153824641, 0.12418273757807836] - [0.01934506369823239, 0.13144786041679804, -0.12308838028163818, -0.026270364125305447] - [-0.018005492803759328, 0.21990414431046232, -0.12675791157753735, -0.10916050158262475] - [0.01782134446681416, -0.11788527021764597, -0.04434020823279055, 0.1240034835362833]
A2: [0.04137764401589397, -0.019431251207655036, -0.07909515045623142, 0.0826300540569972] - [0.1762857795513524, 0.35725845247876814, -0.32182031300359354, 0.08738376631326727] - [0.08882312369920681, 0.6336233896274714, -0.2599453195224125, -0.054364704208947054] - [0.19321141057183377, 0.10897535889765812, -0.07210236342405174, 0.16297688498853793]
B1: -0.00028383946117163054 - 0.03274312158345653 - 0.03156252633634373 - 0.02721026190677063
B2: 0.03719912097779984 - 0.03507881813452289 - 0.029411147245003127 - 0.0401448753118676
