Number: 5228
Error: 1.0901793271458344e-15
A1: [0.06621319979037354, -0.11395206200543001, -0.023983932185741477, 0.07172288622782054] - [0.0374025500092064, 0.18819331008533388, -0.14740900784678354, -0.07818707125086324] - [-0.06022923394577407, 0.328950932071802, -0.12775297525259474, -0.1409681885010613] - [0.039046114085495534, -0.05332272882859686, -0.03741863397917501, 0.05169507718538192]
A2: [-0.009108573894897816, -0.3468031834621462, 0.24945509223304427, 0.10645668187305138] - [0.08003981100588285, 0.036282241071430424, -0.050250128392573735, -0.06607197576479472] - [-0.042452850397987914, 0.230831856940807, -0.04053127870141968, -0.14784787319112683] - [0.06813470584601959, -0.293467932516053, 0.1417711616010015, 0.08356177868325934]
B1: 7.930181083575877e-08 - -5.1246731360862544e-08 - -1.3987132231022261e-08 - 7.2882070796689464e-09
B2: -2.8933751145356084e-08 - -1.5379191559529146e-08 - -2.134032367266855e-08 - 4.4732780032314575e-08
