Number: 647
Error: 1.8859481270993853e-14
A1: [-0.012152849700060777, -0.0145166112156013, 0.018087884833640665, 0.008583678817229946] - [0.06583545810902786, 0.18949547511441675, -0.1453223400202806, -0.11000831281361369] - [-0.0962938503749358, 0.421785339590662, -0.053458175676559194, -0.2720366386984829] - [-0.0013218011348700705, -0.01821953423498395, -0.0038354310125553654, 0.02337639581311727]
A2: [0.16158699124067166, -0.1677545079264826, 0.008501598871378734, -0.002332805858283298] - [0.03548568051450143, 0.20751667945306396, -0.11721046704753274, -0.12579207162755524] - [-0.08621358248018174, 0.581538084754171, -0.23538876341241893, -0.25993560503152824] - [-0.003834388968158781, -0.004518721089795901, 0.0011108292891963605, 0.0072439460738081855]
B1: 6.093068673150263e-08 - 1.6655405273368782e-07 - 1.3375727104596282e-07 - -9.43619547179735e-09
B2: 1.7704728964917317e-07 - 1.919204337461407e-07 - -3.1983910649391123e-07 - 1.3964899999841873e-07
