Number: 6462
Error: 1.2096659366880416e-15
A1: [0.08043169423774521, -0.1804678011984696, -0.01958884743160054, 0.11962498129023727] - [0.037415596658244704, 0.1335964028268396, -0.13472616956701597, -0.03628580844214768] - [-0.0017028136541367468, 0.22819012186531112, -0.12282837729439908, -0.10365890486724161] - [0.03886323312248493, -0.11448101985539026, -0.04641644270158167, 0.12203422664710999]
A2: [0.03530745621141197, -0.029273462610472697, -0.07569733744822729, 0.06966342150743132] - [0.10289375515009835, 0.2828967057825527, -0.39260639191896624, 0.006816000694460896] - [-0.011187091440963543, 0.5390145992881527, -0.3594510074001566, -0.16837645555571285] - [0.0978628163437441, 0.01746333350843483, -0.1688509943925835, 0.05352489616044303]
B1: 2.7906760768005295e-09 - 5.384892519288263e-09 - 7.767207170026072e-11 - 2.645209508054481e-09
B2: 4.093441824407484e-09 - 1.0650181366808155e-09 - 5.861278809347794e-09 - -1.6802146749778123e-09
