Number: 4550
Error: 9.038344233021768e-16
A1: [0.0662131076002708, -0.11395215213543326, -0.0239840243034946, 0.07172279419244022] - [0.03740254256332645, 0.18819330297125325, -0.14740901516669053, -0.078187078571419] - [-0.060229215609248335, 0.328950949683111, -0.12775295730955308, -0.140968170654663] - [0.0390460528678169, -0.053322786934227324, -0.03741869320534279, 0.05169501844019142]
A2: [-0.009108608804922449, -0.3468032204962854, 0.24945505704073673, 0.10645664527165666] - [0.08003983140218437, 0.03628226304404923, -0.05025010610070136, -0.06607195328357321] - [-0.04245293822765892, 0.2308317600065554, -0.04053137282312571, -0.14784797032740352] - [0.06813475272571558, -0.29346788089970516, 0.14177121242307714, 0.0835618312437152]
B1: -2.229179292644208e-08 - -1.0353410657063811e-08 - -2.6367349182293755e-08 - 1.6852054135170383e-08
B2: -1.3052490131691154e-08 - -2.8383267781745857e-08 - -4.5182688426122604e-08 - 2.201401711803965e-08
