Number: 5788
Error: 8.815521290753114e-06
A1: [0.0887288924352185, -0.17311758320437967, -0.012135343839263634, 0.12730279585942883] - [0.037706405072720564, 0.13207888412782046, -0.13650309845242023, -0.03745319984022625] - [0.0075854418206923666, 0.23802617086905561, -0.11336871301106152, -0.09426526892780786] - [0.05342269013010047, -0.0989084882876627, -0.030399223914796738, 0.1375485451192521]
A2: [0.01139110367752531, -0.05365228523999799, -0.09739597461822311, 0.04584015050265655] - [0.11273763282351165, 0.29272722753142394, -0.38354180436933516, 0.016841694147658823] - [-0.01835919140467478, 0.5325582090979355, -0.36631295622477306, -0.17711836160447358] - [0.08917638313856534, 0.009096348886787044, -0.17688819619465063, 0.04395814366862099]
B1: -0.002300841241023719 - -0.004392525795945373 - 0.0010396880589759998 - -0.00015566353650915422
B2: 0.002648804057197174 - 0.00722829092876864 - -0.002014514282019093 - -0.0049808139304298215
