Number: 6764
Error: 5.166224391733661e-16
A1: [0.0804316162415361, -0.1804678791858446, -0.019588925334550093, 0.11962490330293576] - [0.03741554046540941, 0.13359634667653572, -0.13472622564788658, -0.036285864603856126] - [-0.001702868146092834, 0.22819006737451528, -0.12282843170656965, -0.1036589593446544] - [0.0388631805650131, -0.11448107226536369, -0.04641649522556455, 0.12203417412230264]
A2: [0.03530744015970501, -0.02927347870657677, -0.07569735270997804, 0.06966340470757142] - [0.10289373837889765, 0.2828966888690129, -0.3926064081398508, 0.0068159831325601775] - [-0.011187105098412609, 0.5390145855492393, -0.3594510203272161, -0.16837646994705788] - [0.09786280649868442, 0.017463323618592104, -0.16885100376443585, 0.05352488582632748]
B1: -1.526390659738814e-08 - -1.6652955327306434e-08 - -1.4436717269070835e-08 - -1.613114920423829e-08
B2: -2.27382931061318e-08 - -9.905131019917325e-09 - -9.690220818693e-09 - -8.889295859158824e-09
