Number: 8504
Error: 1.5692815163867812e-15
A1: [0.08043167284300538, -0.1804678225907776, -0.019588868800800206, 0.11962495989793732] - [0.03741539084776275, 0.13359619717215634, -0.13472637496723788, -0.03628601413853407] - [-0.0017028088525235646, 0.22819012666680075, -0.12282837249984122, -0.10365890006691068] - [0.03886316640088721, -0.11448108638968316, -0.046416509380638175, 0.12203415996702675]
A2: [0.035307504117225955, -0.029273414572112764, -0.07569729189980125, 0.06966347164586234] - [0.10289370377014277, 0.2828966539666025, -0.3926064416129923, 0.006815946892200544] - [-0.011186961176094157, 0.5390147303299277, -0.3594508841012825, -0.16837631829146021] - [0.0978627961199813, 0.017463313192674537, -0.16885101364429927, 0.05352487493206643]
B1: 1.5544495926945932e-08 - 2.6915974887357293e-08 - -5.110393441085331e-08 - 2.6998128711825785e-09
B2: -1.007043988693948e-08 - 3.960169737902818e-08 - -4.384609397984639e-08 - 4.42337343177391e-08
