Number: 163
Error: 2.0446750455564204e-05
A1: [0.012781532221762548, 0.011198373910110604, 0.046201253448321475, 0.03545620585295353] - [0.06782729245832395, 0.19137935293511238, -0.14339230559438404, -0.10787182334763022] - [-0.07446219644461888, 0.44314845948452564, -0.029382425373602535, -0.24625972431957852] - [0.024361340402189492, 0.006610892884271006, 0.024277288058853437, 0.053517825816948486]
A2: [0.18246159028826514, -0.14748624888427336, 0.029059970506911347, 0.017670402788407456] - [0.04682618624698864, 0.2186346066307779, -0.10601172621819607, -0.11483453193418888] - [-0.0898397310065932, 0.5779964528573771, -0.2389641115474523, -0.263840756865729] - [0.0008691742979876371, 0.0001899793059019204, 0.005731285937152246, 0.011553243344019536]
B1: -0.0009429061527460904 - 0.009977332221573511 - 0.008665877811360826 - 0.0060238657745329115
B2: 0.008016836007773344 - 0.0021777663177844405 - 0.003867396414920731 - 0.0051189803187515715
