Number: 6223
Error: 8.228378977628232e-16
A1: [0.0804316595314242, -0.18046783590085597, -0.019588882096421914, 0.11962494658788277] - [0.037415572400114006, 0.13359637858707288, -0.13472619377681175, -0.03628583268683776] - [-0.0017028298134007971, 0.22819010570639442, -0.12282839343000425, -0.10365892102219064] - [0.03886321994725843, -0.11448103299363879, -0.0464164558684139, 0.12203421348007476]
A2: [0.03530736806226455, -0.02927355100343371, -0.07569742125925807, 0.06966332924973348] - [0.10289371006132587, 0.2828966603111045, -0.39260643552822727, 0.006815953479905582] - [-0.011187079718730487, 0.5390146110803067, -0.3594509963048153, -0.16837644320358455] - [0.0978627744614159, 0.017463291435595867, -0.16885103426182638, 0.05352485219760575]
B1: -2.7425812314992495e-08 - -1.0477047974070651e-08 - -1.1096460415545912e-09 - -9.669174916374315e-09
B2: -1.6534573172443366e-08 - -2.2454656802446567e-08 - -3.5238985702132842e-09 - -1.0687677068128361e-08
