Number: 8716
Error: 4.6891615872850966e-14
A1: [0.0804323777720506, -0.1804671177403667, -0.019588164713826368, 0.1196256647469215] - [0.037415540394163324, 0.13359634660543407, -0.1347262257186974, -0.03628586467486136] - [-0.0017021083843696866, 0.22819082712061342, -0.12282767305688494, -0.10365819978548174] - [0.03886405023799453, -0.11448020503247838, -0.0464156261062321, 0.12203504325513878]
A2: [0.035307400520304504, -0.029273518454949948, -0.07569739039845307, 0.06966336322066083] - [0.10289327450781384, 0.28289622105787443, -0.3926068567916909, 0.006815497393752353] - [-0.011187233502938139, 0.5390144563780322, -0.359451141865446, -0.16837660525048512] - [0.09786267568256951, 0.017463192207212767, -0.1688511282933417, 0.053524748512536066]
B1: 2.3916850300544876e-07 - 5.042293567671383e-07 - 1.690703160317763e-07 - 2.0379107764104876e-07
B2: 2.6848395215366837e-07 - 2.760084228698851e-07 - -1.9680540342065252e-07 - 8.261806870070363e-08
