Number: 3467
Error: 5.798262989500391e-09
A1: [0.06607621687251505, -0.11408600829011864, -0.024120839550125384, 0.07158611988220515] - [0.037143192733647315, 0.18794551352957062, -0.14766392417642227, -0.0784420584818918] - [-0.060130993567524244, 0.32904527175081155, -0.12765679133030322, -0.1408726196536633] - [0.03901751079484252, -0.053349840571283356, -0.037446193038517366, 0.051667657477309295]
A2: [-0.009003157784555852, -0.34669132981259904, 0.2495613899813348, 0.10656730389408763] - [0.08016133372528784, 0.03641314623544943, -0.0501173005780043, -0.06593799756891262] - [-0.04237889999286766, 0.23091338036617962, -0.04045208405168731, -0.14776615766728657] - [0.06816667570555886, -0.29343273523181485, 0.14180588377932418, 0.08359766437869155]
B1: -9.44425755989138e-05 - -3.94496110765741e-05 - -2.5954337565857332e-05 - -0.00010455194380286679
B2: -0.00014672075908736358 - 0.00016790026118398358 - 4.237806001015125e-05 - -7.345826098430154e-05
