Number: 2323
Error: 8.876267312661956e-05
A1: [0.03150639031550327, -0.08393448988404978, -0.06287284432328649, -0.028062042774178765] - [0.033585080276443004, 0.18216350543242185, -0.15216247959177553, -0.10163821623745758] - [-0.14478484027973687, 0.3943959521007102, -0.126673012947368, -0.20797539919081406] - [0.023469540008754577, 0.006991095441947468, -0.044977067374819824, -0.0356163248237411]
A2: [0.10595184176252645, -0.1283960617978381, 0.13151416008995812, 0.06765507782117501] - [0.020489853352670513, 0.19121750886833566, -0.11064459602463353, -0.1366941022155358] - [-0.08915634144356806, 0.5147941091543312, -0.22259326573845062, -0.1928428386478507] - [-0.05963807007361072, -0.01655118865083341, -0.08392979177709117, 0.02415334086806916]
B1: 0.018783751793791128 - -0.002786129879190067 - -0.013494220897906212 - -0.010429256132742683
B2: -0.019218487257184273 - 0.025382697449012257 - -0.011315902186867014 - -0.0076066670277505945
