Number: 6920
Error: 9.716878635823322e-16
A1: [0.08043167819023078, -0.18046781724416613, -0.01958886345992652, 0.11962496524455551] - [0.03741559253498077, 0.1335963987066967, -0.1347261736820637, -0.03628581256312811] - [-0.0017028165327748147, 0.2281901189867311, -0.12282838016882128, -0.10365890774511122] - [0.03886323098712623, -0.11448102198475496, -0.04641644483558032, 0.12203422451307769]
A2: [0.03530732837415721, -0.02927359080130857, -0.07569745899425172, 0.06966328771187055] - [0.10289374461127823, 0.28289669515428933, -0.3926064021119748, 0.006815989658775024] - [-0.011187099424496215, 0.5390145912569939, -0.3594510149567316, -0.16837646396825784] - [0.09786278039860404, 0.017463297399790655, -0.16885102861002432, 0.05352485842973955]
B1: 1.302478132506855e-08 - -2.1544296436429967e-08 - 2.1741839791198155e-08 - -2.9674827579886446e-09
B2: -2.04377673659857e-09 - 1.260652259119924e-09 - 3.369442212788789e-09 - 2.766243379316617e-09
