Number: 9504
Error: 3.0175205289517826e-13
A1: [0.053172108114926696, -0.14800171318758135, -0.02699948887468908, 0.12182737974459112] - [0.005314262929072631, 0.1308372379275096, -0.11360020076548252, -0.02254921950804367] - [-0.01444428133677138, 0.22309181612735457, -0.1270409845262149, -0.08160573770103105] - [0.02714832957035957, -0.10001816852528032, -0.04942263494108086, 0.12229999466893962]
A2: [0.089261956983035, -0.07290589195586994, -0.12362009398892741, 0.10729397122517965] - [0.10884183125437927, 0.24981428358776386, -0.4048451891133341, 0.04618958426815654] - [0.0366379222193284, 0.4625570993638606, -0.37771550823460043, -0.12147125656952285] - [0.1434272849401944, -0.04460577474923947, -0.20149870382150528, 0.10268072688317312]
B1: -7.0242532801413e-07 - 5.237972670142416e-07 - 1.4662069973357748e-07 - 6.280181139972028e-07
B2: 6.485284779598037e-07 - 4.3478536313607865e-07 - 8.885198600004405e-07 - -1.7430256974216505e-07
