Number: 5094
Error: 1.347402380212294e-15
A1: [0.06621325043690905, -0.11395201249068214, -0.023983881578958408, 0.07172293678936066] - [0.037402584839565656, 0.18819334336337082, -0.14740897360588046, -0.07818703700692649] - [-0.06022943147829414, 0.32895074235262, -0.12775316854633853, -0.14096838075527104] - [0.039046201227352514, -0.05332264611679662, -0.03741854967229017, 0.051695160807757136]
A2: [-0.009108730329759354, -0.3468033494147203, 0.2494549345326846, 0.10645651785988924] - [0.08003977643158829, 0.036282203825048556, -0.05025016618028872, -0.0660720138733471] - [-0.04245281197053721, 0.2308318993516024, -0.04053123752108429, -0.14784783069198795] - [0.06813477132240656, -0.2934678604239394, 0.1417712325836411, 0.08356185209403039]
B1: -5.561203962062049e-08 - 1.1179190061642753e-08 - 8.333292548783633e-09 - 3.0370202286700825e-09
B2: 2.43176601938354e-08 - 1.5022560957786648e-08 - 5.3832591664031686e-09 - -1.9980032113559157e-08
