Number: 9532
Error: 1.2091312551483822e-13
A1: [0.053172394784743233, -0.1480014264016205, -0.02699920250883108, 0.12182766656683934] - [0.0053144294409349585, 0.13083740460611118, -0.11360003428366398, -0.022549052766177222] - [-0.014444082689963781, 0.22309201484452126, -0.12704078603664148, -0.08160553898245312] - [0.027145545698191713, -0.10002095244724156, -0.04942542473621578, 0.1222972036667513]
A2: [0.08925331078383868, -0.07291451818806804, -0.12362854541352572, 0.1072852183431266] - [0.10884012810018702, 0.24981258012995322, -0.40484685853667357, 0.04618785244564716] - [0.03663352652213229, 0.4625527265327548, -0.37771979690065244, -0.12147569787238027] - [0.14342323390907613, -0.044609810695413595, -0.20150265930428993, 0.10267661574361286]
B1: -5.063047310364415e-07 - 1.6301373332538428e-07 - 3.454109910600364e-07 - 4.03935353997819e-07
B2: -4.239777420100058e-07 - 1.27066710325827e-07 - 2.885705656500974e-07 - 8.807889141299011e-07
