Number: 7027
Error: 9.057449586169033e-16
A1: [0.0804317070825331, -0.1804677883551357, -0.01958883460216835, 0.11962499413355887] - [0.037415590770283336, 0.13359639694333553, -0.1347261754432433, -0.03628581432684741] - [-0.001702795880642535, 0.2281901396384231, -0.12282835954692817, -0.10365888709849082] - [0.038863199743290826, -0.11448105314090809, -0.046416476059506585, 0.12203419328866101]
A2: [0.03530745174984244, -0.029273467084381097, -0.07569734169021762, 0.0696634168379046] - [0.10289372041344674, 0.28289667075109176, -0.3926064255158004, 0.006815964320114915] - [-0.011187123043770042, 0.5390145674968363, -0.3594510373128931, -0.16837648885671427] - [0.09786280031850526, 0.017463317410301486, -0.16885100964756666, 0.053524879339151704]
B1: 5.056239460525917e-09 - -1.0877348204029144e-08 - -4.952885523791724e-09 - 1.187087342702268e-09
B2: 6.796311321599328e-09 - -6.158697066022133e-09 - 1.7258882954115158e-08 - -2.9530229008275962e-08
