Number: 3111
Error: 2.8815038545544085e-06
A1: [0.06324176910118914, -0.04821361937705938, -0.023818955160518067, 0.007557148724939824] - [0.04168262410155878, 0.1892922674154248, -0.14466714998137642, -0.09474241278140229] - [-0.12354074115044385, 0.414615301603388, -0.1051177409511551, -0.187271447763219] - [0.03729541978890314, 0.019288114120148952, -0.033061981606580186, -0.022768638782262467]
A2: [0.05474865585895887, -0.18223050392317514, 0.07763552169134325, 0.01535389286580275] - [0.03077657468379388, 0.20176261128607384, -0.10019768679370915, -0.12640792611868484] - [-0.10055669011803073, 0.5066858308508122, -0.23278727442951852, -0.20199744136216138] - [-0.020360078695309793, 0.02403054046297364, -0.044760566587977425, 0.062279277589151305]
B1: 0.0041533758589252165 - -0.001146396725874187 - 0.0006865296563410596 - -0.003164927098636011
B2: -6.930388201461493e-05 - 0.0014260815481524495 - 1.4755565160720716e-06 - 0.0004628813652827196
