Number: 3471
Error: 9.115857886804882e-10
A1: [0.06615121480545123, -0.11401268174584485, -0.024045891717693644, 0.0716609984365974] - [0.037269884806418116, 0.1880665553365822, -0.147539389677503, -0.07831750379159526] - [-0.059995313302741285, 0.3291755801852273, -0.12752402708415542, -0.14074055213934802] - [0.039209366010519484, -0.05316776221142666, -0.03726061055205643, 0.05185175713151582]
A2: [-0.009190846089879781, -0.3468904449304276, 0.24937214583709738, 0.10637047263331627] - [0.08014735967400129, 0.03639809358184591, -0.050132572103009074, -0.06595340500216754] - [-0.04250882443614134, 0.23077001203956238, -0.04059132607316584, -0.14790984525998138] - [0.06799710518144172, -0.29361943238949645, 0.14162201095394336, 0.08340751581783051]
B1: -1.7657373008785694e-05 - 2.3365431459179064e-05 - 4.451769368614686e-05 - -6.326722356870787e-05
B2: -0.0001032911610056291 - 0.0001283954992806393 - 4.9863546591231484e-05 - -5.240691293508351e-05
