Number: 6088
Error: 2.9362959825605224e-14
A1: [0.08043219441599361, -0.18046730107697848, -0.01958834785146479, 0.11962548141128503] - [0.03741612543633347, 0.13359693120456856, -0.13472564184262995, -0.03628527995707171] - [-0.0017018949806091362, 0.2281910405191898, -0.12282745996593772, -0.10365798643899889] - [0.03886343061792872, -0.1144808229142311, -0.04641624533198975, 0.12203442401977094]
A2: [0.035307193741809705, -0.029273725806103813, -0.07569758700054466, 0.06966314680451041] - [0.10289398724331449, 0.2828969398455637, -0.3926061674413563, 0.006816243730065141] - [-0.011187239562640474, 0.5390144502829661, -0.3594511476002201, -0.16837661163669995] - [0.097863135797245, 0.0174636544150252, -0.1688506902935144, 0.053525231482829325]
B1: 8.71813646921034e-08 - 1.3216556079036942e-07 - 1.2149167001286985e-07 - 8.828641862727658e-08
B2: 3.7893518204891723e-07 - 6.074575936787216e-07 - -8.949299302748162e-07 - -1.1173817177740074e-07
