Number: 4524
Error: 7.149761003598737e-16
A1: [0.066213105703938, -0.1139521539893903, -0.02398402619833826, 0.07172279229929297] - [0.03740253037704769, 0.18819329132808943, -0.1474090271467362, -0.07818709055252265] - [-0.060229468315057016, 0.3289507069730377, -0.12775320459258394, -0.1409684166077093] - [0.039045982439763545, -0.053322853781904815, -0.03741876134213427, 0.051694950856645064]
A2: [-0.00910858010132432, -0.3468031900462789, 0.2494550859765828, 0.10645667536579692] - [0.0800398311299596, 0.03628226275078481, -0.05025010639822809, -0.06607195358362308] - [-0.04245267104534014, 0.23083205488523614, -0.04053108650020243, -0.14784767483415737] - [0.06813475381656152, -0.29346787969863924, 0.14177121360568878, 0.0835618324667541]
B1: -3.479244197901209e-09 - -8.140136183127406e-09 - 1.9930593074049097e-08 - -4.968630599074403e-08
B2: 2.1229035444019084e-08 - 2.613671556125224e-08 - -1.2956061824750345e-07 - 3.018104647938561e-08
