Number: 1633
Error: 7.77038767311083e-08
A1: [-0.007829487723567856, -0.015643188881060796, 0.0023303300011078792, 0.018786131951412457] - [0.06614242150676401, 0.18922603986968684, -0.14744351931887104, -0.11062267907784408] - [-0.11212007341135814, 0.4422377549796654, -0.07030277233196848, -0.2576018884397282] - [-0.02463213128329141, 0.014099032465090096, -0.031223722619973235, 0.03757346662390736]
A2: [0.13252785244205903, -0.22370389303625918, 0.023588222558424226, 0.07107680456784235] - [0.03252088054339191, 0.20362628610552508, -0.11501268434768099, -0.12157978898957325] - [-0.09355327972380162, 0.5565958440383356, -0.23415299954381916, -0.2245859119551526] - [-0.020299303278569155, -0.018765797721319838, 0.008634847504109382, 0.03268195048639575]
B1: -2.4800561056274525e-05 - 0.00011564054901795683 - -0.00017157039002870856 - -2.6710244097798364e-05
B2: -0.0001948261175349002 - -0.0004120277731492882 - -0.00043007158307408107 - -5.199531402661224e-05
