Number: 5214
Error: 1.9361555573576515e-15
A1: [0.06621305488300293, -0.1139522036746701, -0.023984076979400113, 0.07172274156363499] - [0.0374025372261429, 0.1881932978719718, -0.14740902041352116, -0.07818708381871092] - [-0.06022955034775039, 0.32895062818472615, -0.12775328486512294, -0.14096849644839196] - [0.039046114851948616, -0.05332272810112084, -0.03741863323766627, 0.0516950779208732]
A2: [-0.00910852410069656, -0.34680313063842827, 0.24945514243013187, 0.1064567340794348] - [0.08003972496987578, 0.036282148386112635, -0.05025022242491357, -0.06607207059556057] - [-0.042452848562813054, 0.23083185896621297, -0.04053127673478014, -0.14784787116150194] - [0.06813477336176443, -0.2934678581785469, 0.14177123479437104, 0.08356185438055103]
B1: -6.227839146603467e-08 - 5.18579836713348e-09 - -2.0326367740967542e-08 - -3.369712936422855e-08
B2: 1.1052973176020197e-08 - -1.3748342018213427e-08 - 7.058797113807944e-08 - -3.4205522765258125e-08
