Number: 2505
Error: 1.4866613852821524e-07
A1: [0.06423662414434088, -0.04707464270163637, -0.022649546642240823, 0.008646848714150135] - [0.0420914721865263, 0.18975316051636068, -0.1441881073822104, -0.09424432522621125] - [-0.12361904787051248, 0.41468562190515, -0.1050319665747638, -0.18724852281789378] - [0.03642032994362329, 0.01858474915704621, -0.03371505990279426, -0.023634988408486768]
A2: [0.0620125631003441, -0.17510674068723778, 0.08489986296980843, 0.02254926262845915] - [0.028147839889117145, 0.19917699455090881, -0.10284713230436751, -0.12898958452388407] - [-0.09539217499778317, 0.5117532210737901, -0.22759240128395902, -0.197011958838514] - [-0.02681830804447693, 0.017651429628545847, -0.05118286670826797, 0.056114396070750486]
B1: 9.78078040161392e-05 - -0.0004616200626427789 - -0.0005299630059440489 - -0.0004551013289281175
B2: 3.125425543752409e-05 - -0.0003145575581544405 - -8.619828714313879e-05 - -0.0002338484307937995
