Number: 8890
Error: 0.0002350497870356407
A1: [0.07688209283662803, -0.18091203311717768, -0.01980598135589351, 0.11987507483428693] - [0.024082676772118745, 0.12384910471977967, -0.14278672752011248, -0.04551199329052237] - [0.0036868436948359895, 0.23606143713409355, -0.11440183434160525, -0.09612017759390074] - [0.02430966727117282, -0.12441942717760422, -0.05692285755453336, 0.11217046372858455]
A2: [0.09873456991367002, 0.03468494802123953, -0.017615422941331064, 0.13326820702095638] - [0.1260612994364405, 0.30637948598651255, -0.36993663771569096, 0.029906828043939362] - [-0.026420025264558396, 0.522103408518537, -0.3737069064514198, -0.18289131728356514] - [0.0829898442069189, 0.002707639515128299, -0.1819261005043331, 0.03937207705673865]
B1: 0.020381136227721863 - 0.006723991447604317 - -0.007410208293931766 - -0.008712915471705059
B2: -0.014986101388783053 - -0.019139739911252035 - 0.007384228938150012 - -0.009680693309957342
