Number: 410
Error: 2.626147737785573e-11
A1: [-0.01214549390236264, -0.014509054602684066, 0.01809601638955018, 0.008591540587548812] - [0.0658309903542155, 0.1894911773971194, -0.14532695924108663, -0.11001328733427557] - [-0.09630012256460813, 0.42177927867012716, -0.0534649806855243, -0.2720439456760226] - [-0.0013316332794369465, -0.018228988745597027, -0.003845895661885112, 0.023365032059597626]
A2: [0.16157848937136238, -0.16776285053808182, 0.008493268511996494, -0.0023410937981250693] - [0.035479560984032744, 0.20751065824913648, -0.11721656094605246, -0.1257980581568542] - [-0.08621082357979826, 0.5815407869306485, -0.23538607910921433, -0.2599329151114267] - [-0.0038558603219449963, -0.004539835112921934, 0.0010895784000522037, 0.0072234042262309065]
B1: -4.340379044770881e-06 - -7.4600097549636755e-06 - 5.01326737748061e-06 - -7.674421925325067e-07
B2: 5.741237158617041e-06 - -4.969806329776489e-06 - 5.194641558299571e-06 - 4.853360122200286e-06
