Number: 2032
Error: 6.607509071912319e-05
A1: [-0.006265629039091338, -0.015210218740830022, 0.0004057972677801924, 0.019094883113393007] - [0.027911225765144237, 0.15260825782896237, -0.18712810441837202, -0.15312408615077266] - [-0.04741366059394173, 0.5042840447924182, -0.007800109412073212, -0.18947698376320596] - [-0.05277620697525663, -0.01072820733135766, -0.061178424772783166, 0.006782847985310154]
A2: [0.14656405609111978, -0.21078986596651741, 0.0364682563321312, 0.0873829233900895] - [0.03420780186924603, 0.20468901443786428, -0.11318623020032877, -0.12005101136048814] - [-0.04776713206518781, 0.5975847946156838, -0.18784316957800573, -0.17956852897890363] - [0.008481212175689676, 0.005548453525810761, 0.03236003305920243, 0.06310020034277458]
B1: 0.006280953053596665 - 0.01333090231575965 - 0.0021705068535764465 - -0.006040654675926751
B2: -0.017015193448565575 - 0.015091406199593742 - 0.01289240058939003 - -0.01657522664525945
