Number: 5871
Error: 9.446953153199457e-08
A1: [0.08141538183201236, -0.17948642142065488, -0.018605544284760148, 0.120608947529585] - [0.03841954549743777, 0.13459848804337574, -0.13372420018715095, -0.03528233100093282] - [-0.001476291184061542, 0.22841576814300932, -0.12260142101644719, -0.10343206257289321] - [0.03923160525999237, -0.114115110470565, -0.04604694412515918, 0.12240304934229979]
A2: [0.03696990579115264, -0.027607888678033807, -0.07411621556346008, 0.07140487857477366] - [0.10670078947380773, 0.28673132205427576, -0.38892633182145736, 0.010803987293466925] - [-0.009764118284598434, 0.5404451172774333, -0.3581019441943785, -0.16687435373812265] - [0.09942841971974785, 0.01903486778716691, -0.16735958418666297, 0.055170010688492845]
B1: 0.00017241838259472774 - -0.0011234087801748997 - 0.0011683572750820982 - 0.0004686480325915677
B2: 0.00013978687630241988 - 0.00010144847436304645 - 9.088829624687985e-05 - -0.0001110670160232899
