Number: 3721
Error: 1.2678256708959386e-15
A1: [0.06621295932214827, -0.11395229709997365, -0.023984172465252408, 0.07172264616318619] - [0.037402615237674346, 0.18819337240663914, -0.14740894372227095, -0.07818700712062292] - [-0.060229446148422516, 0.32895072826296995, -0.12775318290160673, -0.1409683950335363] - [0.039045938643875705, -0.05332289535127881, -0.0374188037131187, 0.05169490882975757]
A2: [-0.009108307142861042, -0.3468029004798302, 0.249455361143741, 0.1064569615480108] - [0.08003991121669274, 0.03628234902717652, -0.050250018867983456, -0.06607186531009844] - [-0.04245270176854673, 0.23083202097751251, -0.0405311194242763, -0.1478477088126835] - [0.06813497079813502, -0.2934676407922462, 0.14177144883505946, 0.0835620757434273]
B1: 4.491046700693272e-08 - 3.749937944483405e-08 - -1.2672711620174932e-07 - 1.2067966657762828e-08
B2: 3.20701955932497e-08 - 5.494184210323854e-08 - 1.8592261217531685e-08 - -5.688740817794137e-08
