Number: 7808
Error: 1.025649530956932e-15
A1: [0.08043167402583558, -0.1804678214080966, -0.019588867619337532, 0.11962496108063896] - [0.03741558187567222, 0.13359638805544988, -0.13472618432011685, -0.03628582321652711] - [-0.0017028472073452347, 0.22819008831281426, -0.12282841079847519, -0.10365893841148914] - [0.03886322628102585, -0.11448102667765804, -0.046416449538679176, 0.1220342198099024]
A2: [0.03530741894077819, -0.029273499984171586, -0.07569737288468363, 0.06966338249968194] - [0.10289379856599165, 0.2828967495669366, -0.3926063499276353, 0.00681604615720289] - [-0.01118704330178702, 0.5390146477144386, -0.35945096183528563, -0.16837640482988256] - [0.09786283302919045, 0.01746335026977983, -0.16885097850907502, 0.05352491367468452]
B1: 2.3140812404676828e-08 - -1.4065600755109026e-08 - 6.475051255872925e-09 - 1.2108601638919127e-08
B2: 2.3039176085628548e-08 - -3.543545444175662e-08 - 2.4739119088572325e-08 - 1.786288987511623e-08
