Number: 6471
Error: 9.445785107900767e-16
A1: [0.08043169151781249, -0.18046780391809428, -0.01958885014828101, 0.11962497857061517] - [0.03741559524930094, 0.13359640141896217, -0.13472617097315237, -0.036285809850310984] - [-0.0017028156623095036, 0.2281901198571812, -0.12282837929963156, -0.10365890687487844] - [0.03886323477605513, -0.11448101820646063, -0.046416441049065164, 0.12203422829965248]
A2: [0.03530745099820975, -0.029273467838094043, -0.0756973424048713, 0.06966341605124747] - [0.10289374554844755, 0.28289669609941126, -0.3926064012055556, 0.006815990640126656] - [-0.011187092987683025, 0.5390145977322075, -0.3594510088641597, -0.16837645718554595] - [0.09786281084849353, 0.017463327988188088, -0.16885099962370426, 0.05352489039221654]
B1: -3.903136153395363e-10 - 1.864911700619123e-09 - -1.5862221126868632e-09 - 9.397308965874226e-10
B2: 7.32654817546897e-10 - -1.3854573238975668e-09 - 2.8579298443420125e-09 - -1.9736047255528533e-09
