Number: 5210
Error: 2.020257067260582e-15
A1: [0.06621303289294538, -0.11395222517333398, -0.023984098952202007, 0.07172271961048125] - [0.03740251967502018, 0.18819328110305414, -0.1474090376676253, -0.07818710107434033] - [-0.0602295107511251, 0.3289506662151703, -0.12775324611816125, -0.1409684579098288] - [0.03904600454516958, -0.05332283280031664, -0.037418739955893794, 0.05169497206915424]
A2: [-0.009108505470834498, -0.3468031108751106, 0.24945516121073336, 0.10645675361177914] - [0.08003972508284729, 0.03628214850781513, -0.05025022230143963, -0.06607207047104155] - [-0.04245284670649263, 0.23083186101495617, -0.040531274745473814, -0.14784786910849104] - [0.06813477954456723, -0.29346785137103587, 0.14177124149711284, 0.08356186131258217]
B1: -3.3263179627139137e-08 - 1.8404988354273543e-08 - 4.980682616443257e-09 - -6.910154769646002e-09
B2: -4.431362201578377e-08 - -5.4178574172494536e-08 - 8.512861604275614e-08 - -1.1870649350014546e-07
