Number: 2546
Error: 3.0239420210681504e-08
A1: [0.06368375623227916, -0.04761804101676814, -0.02319369095116001, 0.008104511432121292] - [0.04415689397583967, 0.19174775829318497, -0.14205659876190452, -0.09197044670046918] - [-0.12311114547622118, 0.4152023526244692, -0.1045138822124152, -0.18672844026120078] - [0.03694813789352631, 0.019120874367041966, -0.033181782285684136, -0.023100753739708445]
A2: [0.06204674428905622, -0.17508323680097154, 0.08493766442437589, 0.02258189251509188] - [0.029098794215480273, 0.20011002350554863, -0.10190048167633092, -0.12806038546770046] - [-0.09381205201680713, 0.5132861758831391, -0.22601281006766455, -0.19548783590790655] - [-0.02572103446313363, 0.018728619870450523, -0.05008984805111611, 0.057175427346425056]
B1: 0.0002533885573026632 - 0.00016430451246316846 - -0.0001227487885795147 - -0.00018131176865826795
B2: -0.00010378375572360008 - -0.0002253314858987475 - 2.9412924888141587e-06 - 4.048966594140255e-05
