Number: 295
Error: 5.488876937024646e-09
A1: [-0.012401373806916062, -0.014771912678081098, 0.017813205519577907, 0.008318202501664403] - [0.06527013076259551, 0.1889516301848399, -0.14590686137254172, -0.11063775421702268] - [-0.09627344760305366, 0.4218052993050834, -0.05343580254635358, -0.2720128221265366] - [-0.0014379178953843079, -0.0183309900040993, -0.003958868893410697, 0.02324220049173972]
A2: [0.1616583101384297, -0.1676845586916284, 0.008571647555169372, -0.002263136483070703] - [0.03557147282037298, 0.20760107618283208, -0.11712508088874499, -0.12570818082151106] - [-0.08610621895831846, 0.5816431913648501, -0.2352842772065973, -0.25983085593321525] - [-0.003788489540702828, -0.0044735370914005404, 0.0011564842722837098, 0.007288073360619346]
B1: -8.460431084080205e-05 - 9.794182374682898e-05 - -2.907548773413712e-05 - -6.620751155265012e-05
B2: -0.00016554971237153475 - -1.1668033392938179e-05 - 0.00020058915910437734 - 0.00013314975792818245
