Number: 175
Error: 4.463928454853719e-06
A1: [0.0032902637915663757, 0.0012133043851138099, 0.034971110881176944, 0.024937500425202496] - [0.06973096653957853, 0.19324735889868572, -0.1413022870689337, -0.10566451182588449] - [-0.08834788951001951, 0.42955704335415157, -0.04485567894240592, -0.26280127688149324] - [-0.006676649890433047, -0.02348941453580468, -0.009346377760866815, 0.01715199778729839]
A2: [0.17893377149882359, -0.15085230354422124, 0.02560867420281981, 0.014240735524459027] - [0.049495789185194185, 0.22128251952654926, -0.10327518623477212, -0.1121433410450095] - [-0.0732862654592619, 0.5940491024867061, -0.2228333651819566, -0.24766167965949104] - [0.006040011247932721, 0.0051684593709482906, 0.010909179778562721, 0.01656252900188637]
B1: -0.0010615662876259438 - -0.005305876321546496 - 0.0020732597842553794 - 0.0013363351031563339
B2: -0.00557085956130168 - -0.003932760729142793 - 0.008047745158590702 - 0.00013575108739310017
