Number: 7389
Error: 1.130552953272937e-15
A1: [0.08043170601089804, -0.18046778942665395, -0.019588835672528983, 0.11962499306204417] - [0.037415520598907896, 0.13359632682507178, -0.13472624547479622, -0.03628588445935005] - [-0.0017027996809204397, 0.22819013583822423, -0.12282836334164467, -0.10365889089775232] - [0.038863173059798514, -0.1144810797495218, -0.04641650272600026, 0.12203416662175022]
A2: [0.03530742149432066, -0.02927349742357246, -0.0756973704568102, 0.06966338517224195] - [0.10289378420464691, 0.28289673508369434, -0.3926063638177691, 0.00681603111881008] - [-0.01118702027177051, 0.5390146708818172, -0.3594509400369107, -0.16837638056232038] - [0.09786283655885944, 0.017463353815499592, -0.16885097514908454, 0.05352491737970956]
B1: -2.9187532987483348e-08 - -9.382714020231994e-09 - 2.840550362494588e-09 - -8.856133355754468e-09
B2: 1.68523832184016e-08 - -4.6450301326144884e-08 - 2.123438776146422e-08 - -3.69674590494039e-08
