Number: 7210
Error: 8.958138797222552e-16
A1: [0.08043171734750414, -0.18046777809132938, -0.019588824349474974, 0.11962500439735545] - [0.03741562342706641, 0.13359642957540221, -0.13472614285153092, -0.03628578168815512] - [-0.0017028468998723054, 0.2281900886202907, -0.12282841049144358, -0.10365893810409654] - [0.03886327496701582, -0.11448097812829432, -0.04641640088372344, 0.1220342684656288]
A2: [0.035307376564306686, -0.02927354247786892, -0.07569741317569592, 0.06966333814810804] - [0.10289376450530975, 0.28289671521716636, -0.39260638287071814, 0.006816010490732932] - [-0.011187013392092484, 0.5390146778025348, -0.35945093352515967, -0.16837637331294952] - [0.09786281303052342, 0.017463330180141193, -0.16885099754654712, 0.05352489268262737]
B1: -3.124524604125736e-08 - 2.27664536468197e-08 - 1.8276795627388463e-08 - -8.49863640022869e-09
B2: 1.2894634789012026e-08 - 1.1320680576217365e-08 - -3.2913420678930855e-08 - 1.878943518762383e-08
