Number: 4575
Error: 1.069214055313937e-15
A1: [0.06621309225313748, -0.1139521671396096, -0.02398403963858795, 0.07172277887106016] - [0.03740248980792041, 0.18819325256703825, -0.14740906702930717, -0.07818713043861925] - [-0.060229521157688044, 0.3289506562205825, -0.12775325630130505, -0.140968468038241] - [0.03904614890525514, -0.05332269577908237, -0.03741860029229941, 0.05169511059878691]
A2: [-0.009108669034152353, -0.34680328439002284, 0.2494549963242255, 0.10645658212462034] - [0.08003980553308643, 0.03628223517563047, -0.050250134374131394, -0.06607198179709725] - [-0.04245281595915429, 0.23083189494951978, -0.0405312417954464, -0.14784783510320448] - [0.06813475953566786, -0.293467873401664, 0.14177121980568688, 0.08356183887892019]
B1: 2.4975352467715027e-08 - -2.0742665119946898e-08 - -3.914928649145026e-09 - -4.858322893632206e-09
B2: -1.3197023001033658e-08 - -3.604474656878427e-08 - 3.012164583746597e-08 - -1.4796616682260832e-08
