Number: 7375
Error: 1.4538082718102865e-15
A1: [0.08043168701169517, -0.1804678084237034, -0.019588854649011413, 0.11962497406501277] - [0.03741554579030799, 0.13359635199740483, -0.13472622033359194, -0.03628585928190509] - [-0.0017028215408653516, 0.22819011397874706, -0.12282838516958028, -0.1036589127518619] - [0.03886319750380202, -0.11448105537411707, -0.04641647829757289, 0.12203419105056165]
A2: [0.03530765889446858, -0.029273259366822874, -0.07569714473965135, 0.06966363363711008] - [0.10289378641599711, 0.28289673731381154, -0.39260636167897933, 0.006816033434415282] - [-0.01118715229461805, 0.5390145380715221, -0.35945106499947754, -0.1683765196793249] - [0.09786284550812652, 0.017463362805472272, -0.16885096662995708, 0.05352492677352083]
B1: 5.183071847152453e-08 - 2.385733585657289e-09 - -3.953202773200386e-08 - 1.1505538350783153e-08
B2: 2.130375590829781e-08 - -9.565625828482491e-09 - 2.176219424455618e-08 - -5.590236650446551e-09
