Number: 652
Error: 2.4384718861926933e-14
A1: [-0.012153243119359954, -0.0145170152975465, 0.01808744998610836, 0.008583258403004257] - [0.0658352324778078, 0.18949525806669945, -0.14532257330324994, -0.1100085640313307] - [-0.09629267997990759, 0.4217864707580171, -0.05345690565729943, -0.27203527513062403] - [-0.0013228917158438144, -0.01822058306536324, -0.0038365919008286333, 0.023375135283905318]
A2: [0.16158699791371647, -0.1677545013792837, 0.008501605409768803, -0.002332799353071816] - [0.035485744663217765, 0.20751674257094962, -0.1172104031675293, -0.12579200887351777] - [-0.08621354116082647, 0.5815381252260569, -0.2353887232075834, -0.2599355647391297] - [-0.0038344655862763773, -0.004518796434230638, 0.0011107534556539771, 0.007243872770852662]
B1: 1.3294343245616994e-07 - 2.2452018373347341e-07 - 6.523987687958624e-08 - 4.743198914632797e-08
B2: -2.891622672872424e-07 - 3.796432214862493e-08 - 6.186105645223424e-07 - 4.2360762345280314e-07
