Number: 184
Error: 5.46281744709993e-06
A1: [0.010133980419196033, 0.008254265815159426, 0.0425648985883193, 0.032307614947015846] - [0.06644003255964444, 0.19008416678955975, -0.144687475023652, -0.10932268439363665] - [-0.078732735978884, 0.43884258636654677, -0.03441794050477506, -0.2515432138903604] - [-0.006878140316268343, -0.02373601439890616, -0.009679874869028587, 0.016837142466905836]
A2: [0.1676685482685859, -0.16185066121232833, 0.01456421584692826, 0.0033318045323317584] - [0.048699765535687944, 0.22050385546554357, -0.10405109443101974, -0.1128950669653698] - [-0.0673118913264151, 0.5998877160468278, -0.2169902781737403, -0.2417886292334781] - [0.009315546847736922, 0.008376986426382621, 0.014178647215922217, 0.019729822539109484]
B1: 0.00412913663339854 - -0.005197132506104168 - -0.0007770763715225441 - -0.00020691648344148468
B2: -0.010564733232934838 - 0.00237196466530638 - 0.009066752476782044 - -0.0031047947279843873
