Number: 7538
Error: 9.312070225843024e-16
A1: [0.0804317286897924, -0.18046776675033213, -0.019588813020755495, 0.11962501573834419] - [0.03741561362589915, 0.13359641978164957, -0.13472615263316887, -0.03628579148389552] - [-0.0017027575714565876, 0.2281901779467903, -0.12282832129383356, -0.1036588487995265] - [0.038863260887351876, -0.11448099216845008, -0.046416414954417944, 0.12203425439471226]
A2: [0.03530742665148686, -0.029273492252145174, -0.07569736555343522, 0.06966339056976482] - [0.10289373858381329, 0.2828966890756794, -0.3926064079416553, 0.00681598334715255] - [-0.011187127083336969, 0.5390145634331807, -0.35945104113644805, -0.16837649311331562] - [0.0978627891459355, 0.017463306186917032, -0.16885102028314528, 0.05352486761160746]
B1: 9.011658209259144e-09 - 3.1729192998720604e-09 - 6.180287408994069e-09 - 4.768301679042076e-09
B2: 7.857708141721656e-09 - -3.9881944310066045e-09 - 2.236390467130982e-08 - -3.451047914505006e-09
