Number: 3995
Error: 1.0974627137886504e-15
A1: [0.06621317906201836, -0.1139520822705911, -0.02398395289780657, 0.07172286553428728] - [0.03740262187071958, 0.1881933787440994, -0.14740893720145037, -0.07818700059924727] - [-0.060229442531253605, 0.3289507317369866, -0.12775317936205274, -0.1409683915130219] - [0.039046214076131576, -0.05332263392141725, -0.03741853724169145, 0.05169517313744783]
A2: [-0.009108656608010721, -0.34680327120796983, 0.2494550088509752, 0.10645659515271719] - [0.08003975480101809, 0.036282180522607545, -0.05025018982146642, -0.0660720377152431] - [-0.04245283696504341, 0.23083187176608208, -0.040531264306327155, -0.1478478583350133] - [0.06813470796151885, -0.2934679301870928, 0.14177116389450686, 0.08356178105469181]
B1: 1.0667046397021189e-08 - -2.3370563040148085e-08 - 2.476930226507211e-08 - -6.60521075103678e-10
B2: -7.719391925734994e-09 - -2.5121093701827578e-08 - 2.1743769069709857e-08 - 1.0802034139051467e-08
