Number: 8543
Error: 1.466509447520077e-15
A1: [0.08043168252906585, -0.18046781290579797, -0.019588859126296116, 0.1196249695829091] - [0.03741559277520821, 0.13359639894681036, -0.13472617344208365, -0.03628581232291068] - [-0.0017027577463904178, 0.22819017777184897, -0.12282832146851462, -0.1036588489744094] - [0.038863247149774426, -0.11448100586739016, -0.046416428683214696, 0.12203424066573548]
A2: [0.035307518833235206, -0.029273399815429098, -0.0756972779079715, 0.06966348704767876] - [0.1028938199043424, 0.28289677108638905, -0.3926063292893682, 0.006816068501452851] - [-0.011187171756011161, 0.5390145184940595, -0.359451083420302, -0.16837654018626116] - [0.09786289934676588, 0.01746341688895649, -0.16885091537884342, 0.05352498328630526]
B1: 6.66221059208875e-09 - -3.5084757284746654e-08 - 3.939290472627478e-08 - -1.9619728508547328e-08
B2: 4.7875862267009885e-08 - -2.097225662862048e-08 - 6.886816732565965e-09 - 3.752245051936193e-08
