Number: 8257
Error: 9.47845348754897e-16
A1: [0.08043169273609325, -0.18046780269997845, -0.019588848931514045, 0.11962497978872176] - [0.03741559576120362, 0.1335964019305241, -0.13472617046211713, -0.036285809338605] - [-0.0017028338765884535, 0.22819010164327758, -0.1228283974872485, -0.10365892508430101] - [0.03886324133894919, -0.1144810116619936, -0.046416434490376496, 0.12203423485845391]
A2: [0.03530739564732137, -0.02927352334201398, -0.07569739503185156, 0.06966335812060785] - [0.10289375272849728, 0.28289670334041045, -0.3926063942610747, 0.006815998158669944] - [-0.011187185681719633, 0.539014504485249, -0.35945109660123764, -0.16837655486032874] - [0.09786266960742936, 0.017463186104661303, -0.16885113407628036, 0.05352474213532588]
B1: -5.904275794975027e-09 - 2.0651871518836725e-08 - -2.253673706981081e-08 - -3.8188862291812056e-08
B2: -1.7487651541387304e-08 - -2.3170696904717802e-08 - -2.314833634704205e-08 - -2.108229369675037e-08
