Number: 2132
Error: 0.00047968422527189865
A1: [0.0955458129917239, 0.03585280713012446, 0.028424401237538477, 0.12462798577460457] - [0.12563616744423695, 0.2526624678802456, -0.085412320821512, -0.031145234806197207] - [-0.13820019906552478, 0.3715133126055129, -0.14111766415313987, -0.22531138643687035] - [0.172943646857242, 0.20729709567909504, 0.1953575440084665, 0.15671628885759248]
A2: [0.10845674501148778, -0.23457481370290392, 0.047548297571378725, 0.014036061040321356] - [-0.021477468606108434, 0.14093435076941097, -0.15085436205898198, -0.1919467528723488] - [-0.0925007354642191, 0.4792189444341276, -0.2644742879646101, -0.3033472022145799] - [-0.1377151934317426, -0.08517604839002156, -0.11589363585354855, -0.08060639150580556]
B1: -0.022978255141737274 - -0.018632928407755524 - -0.03180254222003417 - 0.02516458382415543
B2: -0.020519147285218857 - 0.010493301474006275 - 0.02429343445363197 - -0.03932063740420522
