Number: 6744
Error: 7.236953723368269e-16
A1: [0.08043162494714025, -0.1804678704812267, -0.019588916639354935, 0.11962491200754577] - [0.0374155475555289, 0.13359635376128876, -0.13472621857189415, -0.036285857517664034] - [-0.0017028595202993554, 0.2281900760001246, -0.12282842309340548, -0.10365895072116284] - [0.03886318830932343, -0.1144810645427871, -0.04641648748618879, 0.12203418186179983]
A2: [0.03530742690217033, -0.029273492000779944, -0.07569736531507075, 0.06966339083212131] - [0.10289374981971816, 0.2828967004069331, -0.39260639707443956, 0.006815995112772461] - [-0.011187136406675688, 0.5390145540542354, -0.35945104996116284, -0.16837650293767384] - [0.09786278594249319, 0.01746330296889771, -0.16885102333259638, 0.05352486424901529]
B1: -1.5723255954460587e-08 - -6.180145246104403e-09 - -2.196158851816766e-08 - -1.8791674567085206e-08
B2: -2.7111551888601388e-08 - -1.4275734077993771e-08 - -1.406754959617627e-08 - -1.3757422735638191e-08
