Number: 8073
Error: 9.863898485378773e-16
A1: [0.0804317075750009, -0.18046778786273027, -0.019588834110299044, 0.11962499462596858] - [0.03741558677808989, 0.13359639295416356, -0.13472617942742088, -0.03628581831680693] - [-0.0017028094973832997, 0.2281901260219714, -0.12282837314372695, -0.10365890071159106] - [0.03886325278781332, -0.11448100024525495, -0.04641642304878567, 0.1220342463002153]
A2: [0.035307429287094745, -0.02927348960925695, -0.07569736304752542, 0.06966339332820194] - [0.10289380253292464, 0.2828967535675218, -0.39260634609084927, 0.006816050311128107] - [-0.011187126811060695, 0.5390145637070607, -0.359451040878746, -0.16837649282639808] - [0.09786285873506745, 0.017463376092558897, -0.16885095403869477, 0.05352494065742266]
B1: 2.306203605462995e-08 - -1.890080347961744e-08 - 3.664180020258525e-09 - -1.239459855514581e-08
B2: 2.26259391694775e-09 - -1.1345293192334502e-08 - 5.074122688245362e-10 - -6.1923504089755906e-09
