Number: 8404
Error: 1.0640375961495027e-15
A1: [0.08043165187708347, -0.18046784355433718, -0.019588889741653587, 0.11962493893439807] - [0.03741563322000382, 0.13359643936093996, -0.13472613307797127, -0.03628577190057048] - [-0.0017028301254183099, 0.22819010539437698, -0.12282839374156243, -0.10365892133411472] - [0.038863188717792325, -0.11448106413545074, -0.04641648707798489, 0.12203418227002305]
A2: [0.03530748810149757, -0.02927343063214474, -0.07569730712740023, 0.06966345488372246] - [0.10289376684067077, 0.2828967175723766, -0.39260638061193764, 0.006816012936153691] - [-0.01118709631913922, 0.539014594380816, -0.35945101201743623, -0.1683764606960563] - [0.09786277298194748, 0.017463289949371914, -0.1688510356702582, 0.05352485064471401]
B1: 2.493068762155244e-08 - -1.3822857780179684e-08 - -3.684291159106535e-10 - -4.104931282232779e-09
B2: -1.588893238010078e-08 - 4.2066235095498676e-08 - 8.669748156554798e-09 - -2.1084202088549212e-08
