Number: 3394
Error: 8.84907363810181e-08
A1: [0.06635091535668823, -0.1138170879669149, -0.023846805108448988, 0.07186116350141585] - [0.03702481256909058, 0.1878324490646604, -0.1477803216779148, -0.07855810758768111] - [-0.0641578952065743, 0.32517551878744744, -0.1316011331106811, -0.14480126146733635] - [0.03802427224800712, -0.054291805542326044, -0.03840740248214372, 0.050710847426528996]
A2: [-0.011328365664909629, -0.3491565518580301, 0.2472298617002548, 0.10413330329505817] - [0.07974671607400506, 0.03596649667511554, -0.05057067605604385, -0.0663984185354332] - [-0.04302206299404381, 0.23020349188989925, -0.04114040771831274, -0.14848032175661283] - [0.06709215726967753, -0.2946138599068292, 0.1406545225147566, 0.08239873659565723]
B1: -0.00041801774346388336 - -0.00010539367699778052 - 7.452395860945527e-05 - 1.903124870397091e-05
B2: -0.00014976504649036044 - -2.0434412248967766e-05 - 0.0004194956768167258 - -0.0007162811182770707
