Number: 2887
Error: 4.0297468208609085e-09
A1: [0.06339320505201901, -0.04791332588278605, -0.02348428059728862, 0.007813831246433277] - [0.043887353935375586, 0.1914884924601409, -0.14233207718537, -0.09226393309118912] - [-0.12340050893460458, 0.414904219232941, -0.10481551874280408, -0.18703042051347069] - [0.03693016579331647, 0.019092318425345672, -0.03320740042591595, -0.02312701427170576]
A2: [0.0645219302263979, -0.17261083797760152, 0.08739886760021859, 0.02502193143950209] - [0.02951054229783276, 0.20051612739458233, -0.10149042752069388, -0.12765733855091335] - [-0.09311288050490163, 0.5139738301829987, -0.22530836194270837, -0.19481043529509987] - [-0.02617152109921341, 0.018277376695193536, -0.05053190715365666, 0.056739481068701955]
B1: 0.00010004196210631192 - -9.522387869637924e-05 - -0.0003586576363983383 - 0.00019561822398940845
B2: -0.0001681251672548816 - -3.8070677408525195e-05 - -2.802788376092846e-05 - -3.0038398764631825e-05
