Number: 4714
Error: 1.3316240911965172e-15
A1: [0.06621313767237952, -0.11395212273533166, -0.023983994254994118, 0.0717228242140698] - [0.03740257392484253, 0.18819333293506735, -0.14740898433592026, -0.0781870477379119] - [-0.06022948080765141, 0.32895069497451296, -0.12775321681715968, -0.14096842876644763] - [0.03904603903684808, -0.053322800062127626, -0.03741870658636926, 0.05169500516778553]
A2: [-0.009108347794155053, -0.34680294360498276, 0.24945532016327363, 0.1064569189268558] - [0.08003986974032087, 0.036282304345182405, -0.05025006419929853, -0.0660719110264019] - [-0.04245277948479197, 0.23083193520482942, -0.040531202708115645, -0.14784779476402216] - [0.06813488155217812, -0.2934677390563682, 0.14177135208316086, 0.0835619756817065]
B1: -5.3451367851778987e-08 - 8.880189639304482e-08 - 1.7612753235611655e-08 - 3.4092272851215324e-08
B2: 6.401574035772296e-10 - -3.94838334371585e-09 - -1.5363839051612936e-08 - 4.4390303561726075e-08
