Number: 1488
Error: 1.0820308777632516e-08
A1: [-0.007884107007310124, -0.015696929024688805, 0.002272576404693951, 0.018738903720386727] - [0.06669999887553947, 0.18976247105172706, -0.14686613455024117, -0.11000335270882114] - [-0.1129887206370973, 0.44138988969104276, -0.07120963305612578, -0.2585362670036641] - [-0.0229591408715935, 0.015747075878349042, -0.029515721685985357, 0.03934496026952804]
A2: [0.13186569515312213, -0.22435315588547472, 0.022941731606863476, 0.07043396906123892] - [0.032689837634155935, 0.20379213523816175, -0.1148448683130947, -0.12141482395516334] - [-0.09466060542396804, 0.5555024185424471, -0.23523999665576784, -0.22567314427645102] - [-0.020794688647061133, -0.019243698528005376, 0.008150195480385914, 0.03221276315543319]
B1: 1.4907758252851312e-05 - -5.439963256518203e-05 - -1.9141462906273668e-05 - -4.1335709608450664e-05
B2: -0.00016709056088760353 - -7.30304855798579e-05 - -1.8499110907360024e-05 - 0.0001538792003472227
