Number: 1909
Error: 2.714865077888115e-06
A1: [-0.01304213160547381, -0.020842257251510395, -0.0030709849639192, 0.013447042127959335] - [0.06794097045427674, 0.190960856469126, -0.14557768686101435, -0.10862311799858713] - [-0.11408429821703814, 0.4403052659662637, -0.07242461754941966, -0.2597215385911114] - [-0.026397077888786497, 0.012403460156164328, -0.033119745142162746, 0.03572892198302246]
A2: [0.12840079678858526, -0.22787404444970558, 0.01945393132517598, 0.06700806143185335] - [0.03257068166171441, 0.2036857540225522, -0.11495668048307335, -0.12151586979768858] - [-0.09724931112829562, 0.5528943397732994, -0.2377802305043141, -0.2281433782967835] - [-0.020612203025738296, -0.01914114065846047, 0.008244335390890376, 0.032335480631703384]
B1: -0.0015738572049235993 - 0.00045852623202911934 - -0.0009866468091144435 - -0.0007028774264387883
B2: 0.0007689958979879883 - 0.004159955552162127 - -0.0011125602652823988 - -0.0007538605215423834
