Number: 8079
Error: 9.851566947031546e-16
A1: [0.08043170393116192, -0.1804677915061564, -0.01958883774978134, 0.11962499098254586] - [0.037415583441058387, 0.13359638961965797, -0.13472618275780301, -0.03628582165198963] - [-0.0017028124023773707, 0.2281901231170393, -0.12282837604446786, -0.10365890361580986] - [0.03886324603842564, -0.11448100697570124, -0.04641642979387277, 0.12203423955502261]
A2: [0.035307335920551054, -0.02927358323402945, -0.07569745181939379, 0.06966329561014309] - [0.10289383049575603, 0.2828967817676706, -0.3926063190455432, 0.006816079592266281] - [-0.011187084328742844, 0.5390146064427582, -0.3594510006682397, -0.16837644806137292] - [0.09786286881416241, 0.017463386217498662, -0.16885094444403412, 0.053524951237174656]
B1: -1.8275330716415404e-10 - -2.4577461046824362e-08 - 2.4437380087196028e-08 - -1.7448406491158128e-08
B2: -2.848125649146564e-10 - -1.5330705389555388e-08 - -3.2624766434359056e-09 - -8.071527841399026e-09
