Number: 1971
Error: 5.1289421455901906e-05
A1: [0.02401605101294962, 0.01726817966347377, 0.036592434636909005, 0.0529579751002052] - [0.07075220506223825, 0.19370058656819683, -0.14260437355957775, -0.10546956661006401] - [-0.09645883507921352, 0.45763168116425473, -0.05389129240577449, -0.24014174598713642] - [-0.05238005934412576, -0.013952470713191252, -0.06075596813622969, 0.007321424503293083]
A2: [0.1373186198051412, -0.22030262884225357, 0.02716794966228599, 0.073640001578023] - [0.043439593221544746, 0.21422848946357326, -0.10423422919795688, -0.11111140890587479] - [-0.10306259132782151, 0.5471168408694376, -0.24344755381814973, -0.23366035119726636] - [-0.028985766132578444, -0.027194163804419823, 0.00010516534374127237, 0.02451429117129786]
B1: -0.005178466090419656 - 0.0005792765017181966 - -0.0003948407470338606 - -0.0012271711665505186
B2: 0.014938255291246528 - -0.005347521886566978 - 0.00599756507937196 - -0.0076018454215951384
