Number: 9154
Error: 1.4074465451780523e-06
A1: [0.05293010709005115, -0.14826826510194074, -0.027303124999299874, 0.1216011712147999] - [0.002432294299814722, 0.127926723810621, -0.11657092407284744, -0.025434359041490474] - [-0.015879856315061468, 0.22169017651792416, -0.12847617946475434, -0.08297063747546599] - [0.025171788370464753, -0.10200060826990166, -0.05143216280221119, 0.12034499611130327]
A2: [0.08672744679202703, -0.07543545937114098, -0.12603274784892443, 0.10475498682934978] - [0.10452521154569316, 0.24550114633937814, -0.40908083069070605, 0.0417972741820291] - [0.03028854939782864, 0.45622906691690673, -0.3839388560657401, -0.1279258148809896] - [0.13680315098505388, -0.05117236786470824, -0.20796046356055725, 0.095971892097502]
B1: -0.00046596552244832347 - -0.0006273096528124708 - -0.0005553174082344414 - -0.0014780176182445646
B2: -0.0005318438225142583 - 0.0005120837840942773 - 0.00019275539754948202 - -0.00019825578743925426
