Number: 6722
Error: 1.0635766434761977e-15
A1: [0.08043167355841198, -0.1804678218754609, -0.01958886808620735, 0.1196249606132658] - [0.03741558049034949, 0.13359638667118207, -0.13472618570269665, -0.03628582460108722] - [-0.0017028308874031614, 0.22819010463240988, -0.12282839450243203, -0.10365892209590805] - [0.0388632213769434, -0.11448103156796771, -0.04641645443963952, 0.12203421490886798]
A2: [0.035307428597778884, -0.029273490300481566, -0.07569736370290822, 0.06966339260675995] - [0.10289375700557143, 0.2828967076537737, -0.3926063901243767, 0.0068160026374117924] - [-0.011187128024951502, 0.5390145624859534, -0.3594510420276803, -0.16837649410555647] - [0.09786278784804762, 0.01746330488311987, -0.16885102151863238, 0.05352486624922753]
B1: -3.1290469359518687e-09 - 4.143802239322075e-09 - -1.0339833985543505e-08 - -5.853347925253087e-09
B2: -6.117524010950159e-09 - -4.788073004634739e-09 - -5.505412327547017e-09 - -4.700310481554933e-09
