Number: 141
Error: 0.00011266054184264879
A1: [0.013646553058530467, 0.012404346132702741, 0.04743278750537235, 0.036879375413751365] - [0.0710700316077741, 0.19463068344902143, -0.14026092885312408, -0.10448339256433373] - [-0.07189624301183221, 0.4461855085639924, -0.026446899433874328, -0.2428416751712268] - [0.021718077552876934, 0.004718525542458199, 0.021621186004459125, 0.05091180348900111]
A2: [0.19316824865050405, -0.13735581947421335, 0.0394541107031594, 0.02802505628396457] - [0.06155752616032208, 0.23275437581494474, -0.09185195482691222, -0.10096042613826377] - [-0.049581014557941304, 0.617401290060761, -0.1998038474392334, -0.22462762943770645] - [0.027537699218799228, 0.026507874827957786, 0.03202170609488849, 0.03695312806201174]
B1: 0.005730991956632589 - 0.07913528963887284 - 0.005175925910204449 - 0.0036789849720756584
B2: -0.007108931102909182 - 0.11610047547409154 - -0.008536471468617947 - -0.0068476325927681655
