Number: 4013
Error: 1.1858271854452003e-15
A1: [0.06621319777961765, -0.11395206397127003, -0.023983934194895803, 0.07172288422047297] - [0.03740256753135588, 0.18819332682653056, -0.14740899062120705, -0.07818705402373002] - [-0.06022932543490716, 0.3289508442015435, -0.12775306477849496, -0.14096827754575833] - [0.03904622977158491, -0.05332261902388407, -0.037418522056865626, 0.05169518819897699]
A2: [-0.009108485877146435, -0.3468030900891508, 0.2494551809632419, 0.10645677415476497] - [0.08003982619782317, 0.03628225743743377, -0.05025011178880766, -0.06607195901998454] - [-0.04245287154507559, 0.2308318336013931, -0.040531301363666256, -0.1478478965792421] - [0.06813484582097643, -0.293467778397746, 0.1417713133475186, 0.08356193562071527]
B1: 6.995521676130807e-09 - 6.748911777731385e-09 - -3.3507099033456046e-08 - 2.0215581275809968e-08
B2: 3.637522493046256e-09 - -3.029813159540387e-08 - -5.091839935205347e-09 - 1.912157613225032e-08
