Number: 8893
Error: 0.001042301895410834
A1: [0.10585004201737054, -0.15121064070118728, 0.010558900141865982, 0.15021136673845442] - [0.056328495322503336, 0.15691666807602495, -0.10879831308063535, -0.011535177035949612] - [0.019917764031840705, 0.2527898429269673, -0.09806154919730502, -0.07989091240061579] - [0.08156495746514404, -0.06621421926707283, 0.001721053544145628, 0.17065440893061237]
A2: [-0.04026852636099025, -0.10400578409236019, -0.15076404823974607, -0.010953613491706704] - [0.07917902590930596, 0.259277598772886, -0.41535746721518524, -0.018557941060288657] - [-0.07855961353193876, 0.46957752510808237, -0.4225209739887113, -0.23587904925571335] - [0.026905236991817003, -0.0537157788414767, -0.23463654451167604, -0.017419918642283767]
B1: 0.012957762945565575 - 0.0056147503243138275 - 0.022327770719429332 - 0.022245931635734347
B2: -0.012138157752022618 - -0.007894886421465346 - -0.0024277030580808663 - -0.021479589778914572
