Number: 8330
Error: 7.501641721713768e-16
A1: [0.08043167102947217, -0.18046782440414197, -0.019588870612184298, 0.11962495808457121] - [0.0374156162856542, 0.13359642243944356, -0.1347261499785529, -0.03628578882550224] - [-0.0017028184715258705, 0.22819011704801537, -0.12282838210473818, -0.10365890968334109] - [0.038863214804665806, -0.11448103812181477, -0.046416461007756725, 0.1220342083406503]
A2: [0.03530749269532876, -0.029273426025582264, -0.0756973027596483, 0.06966345969167445] - [0.102893783255412, 0.28289673412641914, -0.3926063647358026, 0.0068160301247635995] - [-0.01118707035574833, 0.5390146204990582, -0.3594509874424699, -0.16837643333758412] - [0.09786280561259293, 0.017463322728421948, -0.16885100460792998, 0.053524884896190415]
B1: -3.8331480217400993e-08 - -1.480678989675226e-08 - -1.4312915286898261e-08 - 1.5205823620915484e-09
B2: -2.9022113819015817e-08 - -5.372410252991088e-09 - -3.229922915469693e-08 - -2.645957535623227e-08
