Number: 5841
Error: 8.29344257427157e-07
A1: [0.07938474958253229, -0.18153596912426667, -0.02061794577805618, 0.11858557516226623] - [0.03917182703963142, 0.13533582774049627, -0.13296967823837352, -0.034529953218715895] - [-0.003353701002310036, 0.2265287191116873, -0.1244619314635174, -0.10530204254491354] - [0.036074804931524554, -0.11727953701661144, -0.04917412617372407, 0.11926261504344952]
A2: [0.033662840770077355, -0.03093112070235862, -0.07725373494829876, 0.06795634104002614] - [0.09193221391082665, 0.27180027981044436, -0.40321147227684295, -0.00463634709519203] - [-0.006474558339927182, 0.5437720795843292, -0.354981066386791, -0.16341492612704805] - [0.09948434832892623, 0.01909744274336959, -0.167300834365737, 0.05522879308267633]
B1: 0.0009012050731577142 - -0.001567628620614135 - -6.588395973861592e-05 - 0.00040110791795849496
B2: -1.0001029770379346e-05 - -0.00035600297066212556 - -0.0009684497391010504 - -0.00012868763849499401
