Number: 7768
Error: 7.351969281425426e-16
A1: [0.08043169433706736, -0.18046780109916655, -0.019588847332390087, 0.11962498138955185] - [0.0374156351390543, 0.1335964412785215, -0.13472613116286358, -0.036285769982650026] - [-0.0017027961217732056, 0.22819013939729646, -0.12282835978769832, -0.10365888733954975] - [0.03886323278598951, -0.11448102019095106, -0.04641644303785907, 0.12203422631082385]
A2: [0.035307374544048586, -0.029273544503701742, -0.07569741509657964, 0.06966333603374025] - [0.10289363161978671, 0.2828965812038536, -0.39260651139591446, 0.006815871340266729] - [-0.01118713588107529, 0.5390145545829678, -0.35945104946370293, -0.16837650238379318] - [0.09786275694355, 0.01746327383805644, -0.16885105093775965, 0.0535248338096197]
B1: -5.675564076806647e-09 - -3.1121283694131455e-08 - 1.7874881220650484e-09 - -2.2889139623777828e-09
B2: -3.71557846818234e-08 - 5.898950751322348e-08 - -2.2430553210213812e-08 - -3.2516232020131954e-08
