Number: 5069
Error: 7.095106669182316e-16
A1: [0.0662133295311924, -0.1139519351638495, -0.023983802546722676, 0.07172301575092552] - [0.03740265684254574, 0.18819341215735058, -0.1474089028214296, -0.07818696621621403] - [-0.06022928033093009, 0.3289508875214932, -0.12775302064237046, -0.14096823364678437] - [0.03904614809478982, -0.0533226965482698, -0.037418601076291795, 0.051695109821133664]
A2: [-0.009108669305798685, -0.3468032846780259, 0.24945499605037288, 0.1064565818400327] - [0.08003985126698517, 0.03628228444413141, -0.05025008438955204, -0.06607193138812047] - [-0.04245279183106408, 0.23083192157872287, -0.04053121593885157, -0.14784780841855663] - [0.06813478067775906, -0.29346785012330967, 0.14177124272574054, 0.08356186258307176]
B1: -2.8008526855574825e-08 - 7.582422049660649e-09 - 5.051807639195385e-09 - 2.7663536018549326e-09
B2: 7.076545563549092e-08 - -1.6754100089107106e-08 - -6.313173331797652e-08 - 2.9244788680743148e-08
