Number: 8738
Error: 1.0201193120284013e-10
A1: [0.08043169341126082, -0.18046780195852583, -0.01958884821501143, 0.11962498047552586] - [0.037416742199426936, 0.13359754754671363, -0.1347250262724034, -0.036284663525086754] - [-0.0017060533298381884, 0.2281868822698672, -0.12283161221375566, -0.10366214367583039] - [0.03886171928690844, -0.11448252939049312, -0.04641795553651315, 0.12203271376167193]
A2: [0.03530555686736704, -0.02927536721990526, -0.07569914332661168, 0.06966143364033371] - [0.10289640883130204, 0.28289938202390724, -0.3926038252922713, 0.006818779479889055] - [-0.011182987264507973, 0.5390187279600183, -0.3594471226850145, -0.16837213085854097] - [0.09786295795433458, 0.017463475758945822, -0.16885085958553075, 0.053525044802165196]
B1: -6.023783381322347e-06 - -5.5575869802861774e-06 - -8.12139403725981e-06 - -6.463394088019034e-06
B2: 4.581699879753509e-06 - 6.746413244921904e-07 - 4.702276097203422e-06 - 4.578779130527976e-06
