Number: 1688
Error: 1.299539989992431e-07
A1: [-0.009933186771070683, -0.017771195990572905, 0.0001425769350764225, 0.016623149507135906] - [0.06749001156243767, 0.19052231509836184, -0.14605035270301836, -0.10912488192145191] - [-0.11388081353583447, 0.4404975095144239, -0.07214901057925055, -0.2595098167130975] - [-0.0240873392800859, 0.014626345866281644, -0.030667605201434092, 0.03814361300683987]
A2: [0.13060911660641558, -0.22558574520088515, 0.02169879656191858, 0.06919553021092083] - [0.03290610658874766, 0.20400507720140135, -0.1146300109981623, -0.12120210230477206] - [-0.09615162861339528, 0.5540430706498635, -0.23670217972203497, -0.2271445796110951] - [-0.021724843972762704, -0.020163736069482883, 0.007219931076500103, 0.03131084550238177]
B1: 0.000562125048485948 - 0.0007664328194074975 - 0.0002487819138063083 - 0.0004898904565130614
B2: -0.0005210593101735528 - 0.00031587296228751364 - 0.00112017013767798 - 0.00018751573152229936
