Number: 2660
Error: 1.488845066438352e-08
A1: [0.06373698344343416, -0.04757144875687745, -0.023144226904602876, 0.008155746163822999] - [0.04383101480707202, 0.1914336337105824, -0.14239040767778266, -0.09232633155956814] - [-0.12233792065443025, 0.41596788221421704, -0.10374142203311923, -0.18595839321876176] - [0.037401983106243764, 0.01956764333550354, -0.03273294197372723, -0.022654193592713503]
A2: [0.0640755115637727, -0.17305502555366065, 0.08696055114832242, 0.02458650324450441] - [0.02946316804742221, 0.20046921424951764, -0.10153776413948781, -0.1277036274843784] - [-0.09303353781973579, 0.5140517785869047, -0.22523045785142537, -0.19473267657282517] - [-0.025571113012063502, 0.018875852640727428, -0.04993484599627175, 0.057324821383317945]
B1: 9.537757221908983e-06 - 7.056057119126835e-06 - 0.00015073063160128382 - 0.00016193528016113131
B2: 4.011369507052773e-05 - -9.358807113349299e-05 - 0.00017354207018488143 - 0.0002529598853523665
