Number: 3891
Error: 1.0226076680688984e-15
A1: [0.06621316381597162, -0.11395209717593287, -0.023983968131894608, 0.07172285031382529] - [0.03740257406467693, 0.1881933330686706, -0.14740898419845697, -0.07818704760041487] - [-0.06022931303063549, 0.3289508561151595, -0.12775305264042658, -0.14096826547297667] - [0.03904606087253656, -0.05332277933643735, -0.03741868546102213, 0.05169502612164655]
A2: [-0.009108673383202153, -0.34680328900384344, 0.24945499194004794, 0.10645657756481919] - [0.08003977887500979, 0.03628220645719653, -0.050250163509956994, -0.06607201118031815] - [-0.04245281220345087, 0.23083189909453797, -0.04053123777081338, -0.14784783094961276] - [0.06813487650127172, -0.29346774461733305, 0.14177134660799462, 0.08356197001906358]
B1: -2.396741013635186e-09 - -2.3977810824307362e-09 - -3.080072029961546e-08 - -2.0096677553104445e-08
B2: -1.316981258247887e-08 - -1.7183515796421952e-08 - -3.429197555492818e-08 - 2.6461500756057375e-08
