Number: 9034
Error: 3.906230855185406e-05
A1: [0.06680335124460869, -0.15782681445044172, -0.01452325643882027, 0.12875861912998687] - [-0.015067686027658716, 0.10483599722520077, -0.13645114611329734, -0.045897152796507065] - [-0.051140836253127236, 0.19521993630756343, -0.1453133868258883, -0.11122262665678369] - [0.006307713928833412, -0.12367216698975735, -0.06563616709977423, 0.10100848886636286]
A2: [0.09458746045197643, -0.05603885328423032, -0.09961010363535522, 0.12683001237845418] - [0.2123162866183318, 0.3323829004759118, -0.3216958766826065, 0.13162058236653898] - [0.09884519504010741, 0.5318331673971736, -0.325296534159448, -0.05619616010527849] - [0.1837618665159046, -0.0018840687492951667, -0.16262748493643137, 0.14638888458232063]
B1: -0.01939594542513052 - 0.010588033085825876 - -0.004757440452016074 - -0.013225989783810621
B2: 0.0030966024512852595 - -0.007223191535658206 - -0.004087710596379621 - -0.008424468472802073
