Number: 6123
Error: 1.0586736832012445e-15
A1: [0.08043158554098735, -0.18046790988292447, -0.01958895599838966, 0.11962487260589248] - [0.037415517881118264, 0.13359632410932695, -0.1347262481871799, -0.036285887175636376] - [-0.0017028524433112934, 0.22819008307697372, -0.12282841602678206, -0.10365894364606984] - [0.038862955978663474, -0.11448129622143961, -0.046416719668806235, 0.12203394967553313]
A2: [0.035307353603588824, -0.029273565502101452, -0.07569743500637069, 0.0696633141171571] - [0.10289351323702015, 0.28289646181631006, -0.3926066258940726, 0.006815747376022477] - [-0.011187164054872726, 0.5390145262411284, -0.3594510761307531, -0.16837653207157557] - [0.0978627055298636, 0.017463222190490183, -0.16885109988015357, 0.0535247798418809]
B1: -8.83163232981686e-09 - -4.190228605197696e-08 - 1.3237107022478968e-09 - 6.808045888475049e-10
B2: 1.132944215729753e-07 - 1.3832720789930507e-07 - -3.219514501985221e-07 - -4.189937023837348e-08
