Number: 4374
Error: 1.060540577363577e-15
A1: [0.06621303063322155, -0.1139522273825268, -0.023984101210141814, 0.07172271735458342] - [0.03740262154043752, 0.18819337842853426, -0.14740893752613282, -0.07818700092398394] - [-0.06022940299615027, 0.32895076970822085, -0.12775314067538976, -0.14096835303438277] - [0.03904622485859757, -0.053322623686991436, -0.03741852680994138, 0.05169518348452124]
A2: [-0.009108435814756092, -0.34680303698082154, 0.24945523143065615, 0.1064568266423763] - [0.08003984643501062, 0.036282279238692865, -0.05025008967070547, -0.06607193671404875] - [-0.04245275261627652, 0.23083196485859628, -0.040531173914848916, -0.14784776504842934] - [0.06813470957742299, -0.2934679284078, 0.1417711656463832, 0.08356178286655402]
B1: -4.455723625667817e-08 - 2.3847148358762224e-08 - 1.816019768876472e-08 - -2.2247528043410197e-08
B2: 3.695589415865736e-08 - 2.6368232241429754e-08 - -9.360769399657586e-09 - -7.873740807403377e-08
