Number: 5511
Error: 4.873415395308015e-12
A1: [0.06621539035805106, -0.11394992038231413, -0.023981743339748604, 0.07172507311732919] - [0.037403366242693914, 0.18819408994485323, -0.14740820542997587, -0.07818626876316549] - [-0.06022611715646128, 0.3289539255918099, -0.1277499253414432, -0.14096515499093518] - [0.03905140854091962, -0.05331770351939151, -0.03741351178341246, 0.05170015779172445]
A2: [-0.00911213536863364, -0.3468069616193541, 0.2494515019429249, 0.1064529478863214] - [0.08003928077063024, 0.03628166985917543, -0.0502507079101302, -0.06607256019050566] - [-0.04245297261017598, 0.23083172205767774, -0.040531409664830396, -0.14784800834370126] - [0.06813418148272378, -0.29346850986275735, 0.14177059314456752, 0.08356119078969731]
B1: 1.5458711270742256e-06 - 1.4279736037426685e-06 - 1.3992396855794925e-06 - 1.260905604429178e-06
B2: -5.704427488567677e-07 - -7.983667740592997e-09 - -1.6891728593155462e-06 - -5.013850691061509e-07
