Number: 1887
Error: 9.18669382125995e-07
A1: [-0.0052908962910805215, -0.0130305071184505, 0.0050127574750013885, 0.02141002338565962] - [0.0692270558687506, 0.1921988232827467, -0.14424840223772428, -0.10719205105449618] - [-0.11129887270111304, 0.4430330172519077, -0.06951306209891339, -0.25672616213178756] - [-0.022272875297822108, 0.016444753233470624, -0.02888845537552015, 0.040067324992814894]
A2: [0.1317315011292146, -0.22455342596900388, 0.02273818847419422, 0.07025410001935074] - [0.03312802439287312, 0.20423621345171877, -0.11440132273446958, -0.12097216655058349] - [-0.09474710881713451, 0.5554030793903809, -0.2353063018858961, -0.2256878078625607] - [-0.019488524346823417, -0.018014125364859277, 0.009377516304343225, 0.033421324471653344]
B1: 0.00041507746190837404 - 0.0006347083995700163 - 0.0002959843012053173 - 0.0006560201646517807
B2: -0.0010837708924101139 - 0.0005795024036750424 - -0.0005053670436329906 - -0.0005292037818456364
