Number: 8508
Error: 7.812452253981265e-16
A1: [0.08043162932080976, -0.180467866108046, -0.01958891227095673, 0.11962491638071118] - [0.037415417774146004, 0.13359622407817143, -0.1347263480944935, -0.03628598722705655] - [-0.0017028845034589072, 0.22819005101747264, -0.12282844804001414, -0.10365897569766123] - [0.03886321938752545, -0.11448103355173563, -0.046416456427762286, 0.12203421292073918]
A2: [0.035307702289204046, -0.029273215852055577, -0.07569710347991986, 0.06966367905381603] - [0.10289378238017419, 0.2828967332437726, -0.39260636558230494, 0.0068160292082472505] - [-0.011187094938123983, 0.5390145957701157, -0.35945101071029095, -0.16837645924080133] - [0.09786284636480277, 0.017463363666027097, -0.1688509658143683, 0.05352492767264375]
B1: 3.696353177373442e-08 - -2.991908359911652e-08 - -2.8995772319710227e-08 - -4.013267665422584e-08
B2: 5.9111538774771915e-09 - -1.0240765227938925e-07 - -8.707542172942283e-09 - 2.1028080333687144e-08
