Number: 7308
Error: 9.172317378613943e-16
A1: [0.08043167566760309, -0.18046781976650875, -0.01958886597953579, 0.11962496272221639] - [0.03741558267208296, 0.13359638885126596, -0.13472618352530505, -0.036285822420560644] - [-0.001702833605500618, 0.22819010191437217, -0.1228283972165456, -0.10365892481327679] - [0.03886322099760201, -0.1144810319462475, -0.04641645481874178, 0.12203421452976039]
A2: [0.035307357171014804, -0.029273561924799213, -0.07569743161460979, 0.06966331785094086] - [0.10289382092998464, 0.28289677212071973, -0.3926063282974968, 0.006816069575594449] - [-0.011186997786267814, 0.5390146935014389, -0.35945091875389334, -0.16837635686856064] - [0.09786280632872577, 0.017463323447859315, -0.16885100392622918, 0.05352488564792541]
B1: -3.158834340297767e-08 - 2.8492099542528474e-08 - 3.259346840222047e-08 - -4.491285586177227e-09
B2: 8.403004585401687e-09 - 9.818503037550392e-09 - 7.895378299568732e-09 - 9.598056819151656e-09
