Number: 5849
Error: 6.885633100464042e-07
A1: [0.0820620806555493, -0.1788475494518575, -0.017953781143697778, 0.1212581923634193] - [0.041911759134213945, 0.13808273535276971, -0.13023900475908815, -0.03179245748439499] - [-0.0016818107817640196, 0.22820629508208662, -0.12280126327724897, -0.10363490427231226] - [0.0381666016585296, -0.11518422060794356, -0.04710010354079166, 0.12134448003417986]
A2: [0.03258029039054293, -0.032016016185857595, -0.07828452570933596, 0.06681928524696848] - [0.10050008990088247, 0.2804610222097403, -0.39492670885331227, 0.004320539995812288] - [-0.01220665908421167, 0.5379921332658423, -0.3604067179730266, -0.16944655011673615] - [0.09607420050256445, 0.01566466704284665, -0.17054713847974654, 0.05165306212823523]
B1: 0.00029506728877593344 - 0.002465228230978221 - -0.0012933948829683638 - -0.0003894893631089726
B2: 1.9703938183099687e-05 - -0.0008321227324504436 - -0.0004442079303334962 - 8.34963562713684e-05
