Number: 8433
Error: 1.242151500730702e-15
A1: [0.0804316850958608, -0.1804678103393144, -0.019588856562589088, 0.1196249721493904] - [0.037415587965384474, 0.13359639414055555, -0.134726178242434, -0.03628581713013866] - [-0.0017028204440302534, 0.22819011507555828, -0.12282838407434928, -0.10365891165531022] - [0.038863227414789536, -0.11448102554703933, -0.0464164484056363, 0.12203422094298239]
A2: [0.035307390595080326, -0.0292735284082455, -0.07569739983548238, 0.0696633528329122] - [0.1028937547640175, 0.2828967053932306, -0.39260639229233124, 0.006816000290152592] - [-0.011187091059130764, 0.5390145996721974, -0.35945100703871125, -0.16837645515341546] - [0.09786281864893946, 0.017463335824085918, -0.1688509921981412, 0.05352489858008114]
B1: -5.077451468986071e-09 - 3.800796883368466e-09 - 5.264356554976766e-09 - 1.5587157770799558e-08
B2: 9.912904532693763e-10 - 8.396646333528812e-09 - 2.0594258673404214e-09 - 1.129403342503454e-09
