Number: 6902
Error: 1.2735074728376923e-15
A1: [0.08043166423491806, -0.18046783119789833, -0.01958887739855385, 0.11962495129083639] - [0.03741557907991961, 0.13359638526181938, -0.1347261871103162, -0.036285826010736] - [-0.0017028295123644756, 0.22819010600741874, -0.12282839312940712, -0.10365892072123675] - [0.03886322251266859, -0.1144810304354299, -0.0464164533046383, 0.12203421604388705]
A2: [0.03530749424819761, -0.029273424468483238, -0.07569730128333094, 0.06966346131704741] - [0.10289378430477004, 0.2828967351846635, -0.39260636372094815, 0.006816031223661082] - [-0.011187204630657423, 0.5390144854233239, -0.3594511145366502, -0.16837657482766502] - [0.09786281745743458, 0.017463334627189152, -0.1688509933324164, 0.05352489732944792]
B1: 1.2949452497914948e-08 - 2.110531978196035e-08 - -4.28095039848504e-08 - -4.501492518679313e-10
B2: -1.0876761134744948e-08 - -4.2073482474190205e-09 - 3.5457113041479366e-09 - -3.734996394521727e-09
