Number: 9682
Error: 6.385993152231729e-15
A1: [0.05317247435695562, -0.14800134678746743, -0.026999123021118544, 0.12182774616212977] - [0.005313545255957629, 0.1308365195234718, -0.11360091830873038, -0.022549938183089292] - [-0.014444264825371823, 0.22309183265760327, -0.12704096801414191, -0.08160572117217195] - [0.0271466613343976, -0.10001983680052139, -0.04942430673718919, 0.12229832215358957]
A2: [0.08925373338796064, -0.07291409653957298, -0.12362813231286428, 0.10728564618193533] - [0.10884180476588073, 0.2498142570913911, -0.40484521507064014, 0.046189557333453486] - [0.036636106737615935, 0.4625552933164752, -0.3777172795115274, -0.12147309088999989] - [0.1434258971150559, -0.04460715741130163, -0.2015000589193087, 0.10267931845517066]
B1: -7.865573560741255e-08 - -1.7268182074835574e-08 - 1.607824222128846e-07 - -5.035406803327369e-08
B2: -1.770960573318946e-07 - 8.091702305065523e-08 - 1.4126120724555117e-07 - -9.386330655296623e-08
