Number: 7892
Error: 1.0245041575363567e-15
A1: [0.08043167064115862, -0.18046782479239404, -0.019588870999971857, 0.11962495769634593] - [0.03741557020125835, 0.1335963763898656, -0.13472619597127525, -0.036285834884478785] - [-0.001702824081974527, 0.22819011143768902, -0.12282838770696415, -0.10365891529229074] - [0.03886321487023734, -0.11448103805642806, -0.046416460942202455, 0.12203420840620242]
A2: [0.03530743071359764, -0.0292734881787893, -0.0756973616912151, 0.06966339482119265] - [0.10289370278703286, 0.28289665297510325, -0.3926064425638447, 0.0068159458627189634] - [-0.011187162472533478, 0.5390145278329027, -0.35945107463314213, -0.16837653040409106] - [0.09786276503473415, 0.017463281966045477, -0.16885104323547143, 0.05352484230272523]
B1: 1.7792081887150314e-08 - 1.0941021486242514e-08 - -4.730488824609837e-09 - 7.59057352172874e-09
B2: -1.948144199540202e-09 - 3.1288181095579386e-08 - -2.348706199378749e-09 - 4.172682425006256e-09
