Number: 4882
Error: 8.575438762058888e-16
A1: [0.06621306881563628, -0.11395219005334027, -0.02398406305767125, 0.07172275547291783] - [0.037402574586679886, 0.1881933335674171, -0.14740898368527267, -0.07818704708720568] - [-0.06022927056732144, 0.32895089689894086, -0.12775301108825712, -0.1409682241440768] - [0.03904617053488768, -0.05332267524898902, -0.037418579366264006, 0.051695131354888235]
A2: [-0.00910861665459069, -0.3468032288235094, 0.24945504912757563, 0.10645663704177935] - [0.08003986174794529, 0.036282295735120526, -0.05025007293447345, -0.06607191983576617] - [-0.042452841733727584, 0.23083186650319032, -0.04053126941640019, -0.14784786360888033] - [0.0681347378475901, -0.29346789728107914, 0.14177119629382837, 0.08356181456267246]
B1: 2.07897142491099e-08 - 1.6946816095425654e-08 - 8.960517628907325e-09 - 7.45570156962758e-09
B2: 2.182444277387827e-08 - -1.1028787346983175e-08 - -2.265099653067069e-08 - 4.3849427087254086e-08
