Number: 8852
Error: 4.577975776208556e-05
A1: [0.07792926171541878, -0.18296042938163337, -0.023557677061911742, 0.11742146829871233] - [0.033713194330034515, 0.12990220078250336, -0.13948516561016552, -0.03980246483775974] - [-0.012341186319403313, 0.21758772120700554, -0.13376669020453963, -0.11430232169344115] - [0.040300030786987684, -0.11296599636214488, -0.04671225583034742, 0.12383647590774853]
A2: [0.028245498855306497, -0.03649460588016184, -0.08218256422240162, 0.06225067548302648] - [0.09496114805321688, 0.27493318840622627, -0.39991599776570413, -0.0015152561196157175] - [0.03763994918444717, 0.5874953529718813, -0.3138482014830093, -0.11677040674178447] - [0.07613335850870923, -0.004335283077676387, -0.18906245027893093, 0.030646632965928663]
B1: 0.007825484351906338 - -0.005134095016541646 - -0.013063460647392625 - 0.012025413507857494
B2: 0.0048228365362099675 - 0.002692923089949146 - -0.005915497404737116 - 0.007071083194544994
