Number: 1431
Error: 1.5801566765810185e-10
A1: [-0.007280719940504497, -0.015087820386142268, 0.0029002791009753266, 0.019359057151831074] - [0.06677435326033727, 0.18983402942757316, -0.14678925430406578, -0.10992062658059373] - [-0.11267022540065037, 0.4417020375173617, -0.0708779402166334, -0.2581917540223556] - [-0.023606398991182956, 0.015111199120544136, -0.030176686633183458, 0.03866127983874588]
A2: [0.13161568278234648, -0.2245993690645859, 0.02269564021833672, 0.07018945202157958] - [0.03269105941254411, 0.2037933347101655, -0.11484366196792996, -0.12141361745999658] - [-0.09479094525580739, 0.5553743893574213, -0.23536770245677893, -0.22580043003608954] - [-0.020724079130891162, -0.019173913168423425, 0.008220524252669004, 0.032280946683130064]
B1: -2.1162548066789135e-05 - -3.8673192681037345e-05 - 1.2480976260419608e-06 - 2.909858060460103e-06
B2: -2.5618511710336424e-06 - -1.3541424070300985e-05 - 9.432346268449292e-06 - -1.3365688628942399e-05
