Number: 7822
Error: 1.1583565134861574e-15
A1: [0.08043166431727089, -0.18046783111556167, -0.019588877316292448, 0.11962495137318373] - [0.0374155970637433, 0.13359640323202637, -0.13472616916231056, -0.03628580803687047] - [-0.0017028403168736534, 0.2281900952031382, -0.12282840391809155, -0.10365893152285618] - [0.03886321157755455, -0.11448104133986581, -0.046416464232780175, 0.12203420511557003]
A2: [0.03530753171000128, -0.029273386903047784, -0.07569726566501427, 0.06966350052476927] - [0.10289379115739594, 0.2828967420954631, -0.3926063570931364, 0.006816038399327046] - [-0.011187118988494418, 0.5390145715763038, -0.35945103347448726, -0.16837648458351176] - [0.09786283677974798, 0.01746335403739867, -0.1688509749387826, 0.0535249176115441]
B1: -3.1416910215203974e-09 - 1.5893981034285138e-08 - -1.0787188540213718e-08 - -3.92906543070352e-09
B2: -1.0442138991351519e-08 - -6.594201915028504e-09 - -4.172003866628168e-09 - -1.2377333721372846e-08
