Number: 9996
Error: 1.2446228135181904e-15
A1: [0.053172461416613456, -0.14800135973200138, -0.026999135946500153, 0.12182773321570045] - [0.0053136483713165485, 0.13083662274807, -0.11360081520704302, -0.02254983492249754] - [-0.014444502105226738, 0.2230915952915963, -0.12704120510520703, -0.08160595853665105] - [0.027146408649765277, -0.10002008948427589, -0.04942455995421525, 0.12229806882692884]
A2: [0.08925455498777374, -0.07291327683901766, -0.12362732922432025, 0.1072864779122773] - [0.1088418321242089, 0.24981428445474485, -0.40484518825458726, 0.04618958515183751] - [0.03663593943175066, 0.46255512688082995, -0.37771744274419305, -0.12147325993157361] - [0.14342646072640128, -0.044606595898279366, -0.20149950860158672, 0.10267989042853892]
B1: 2.635374517811958e-08 - 2.2678374433259357e-08 - 1.4158086707045663e-08 - 1.591051107169933e-08
B2: 4.912785674587417e-09 - -5.3694364754572875e-09 - 2.4098732157371876e-08 - 1.2868238848420268e-08
