Number: 6875
Error: 8.731956551148979e-16
A1: [0.08043165413613534, -0.18046784129553722, -0.01958888748526151, 0.11962494119320706] - [0.037415558383903175, 0.13359636458146681, -0.13472620776509578, -0.036285846695288206] - [-0.0017028430816816167, 0.22819009243839106, -0.12282840667885686, -0.10365893428693254] - [0.03886320099510477, -0.11448105189260734, -0.04641647480849124, 0.12203419453969656]
A2: [0.03530744609193913, -0.02927347275793497, -0.07569734706968455, 0.06966341091629716] - [0.10289379734512014, 0.28289674833568806, -0.3926063511084925, 0.006816044878813658] - [-0.011187130344088159, 0.5390145601529815, -0.35945104422279756, -0.16837649654931028] - [0.09786281826238068, 0.0174633354357968, -0.16885099256615937, 0.05352489817437907]
B1: 1.7584126096769756e-08 - -1.4439549777507532e-09 - -2.6164222342882455e-09 - 7.291717944094444e-09
B2: 7.018528727571161e-09 - 1.0066389962871662e-08 - 4.647047890245053e-09 - 9.066437265238713e-09
