Number: 8117
Error: 1.170378256196836e-15
A1: [0.08043171152899013, -0.18046778390920223, -0.019588830161059965, 0.11962499857949364] - [0.0374155457584512, 0.13359635196559286, -0.13472622036529514, -0.036285859313702866] - [-0.0017028117816723658, 0.2281901237377273, -0.12282837542467805, -0.10365890299527396] - [0.03886323836021959, -0.1144810146323624, -0.046416437467192796, 0.12203423188158558]
A2: [0.03530757057938577, -0.029273347926152386, -0.0756972287083705, 0.0696635412056703] - [0.10289374829108384, 0.2828966988653341, -0.39260639855288976, 0.006815993512056967] - [-0.011187191533838587, 0.5390144985982368, -0.35945110214037984, -0.16837656102692758] - [0.09786276799579278, 0.017463284940539663, -0.16885104041675048, 0.05352484541087227]
B1: 3.8486079240774303e-08 - -4.3954257988983177e-10 - -3.2678366189350166e-08 - -6.8661425045643404e-09
B2: 1.811030604560892e-08 - -3.09931401583952e-08 - 1.2744404169032428e-10 - 7.97248757743328e-09
