Number: 6318
Error: 1.1031064700635303e-15
A1: [0.08043168142621257, -0.18046781400854844, -0.019588860227812897, 0.1196249684801697] - [0.037415591162199134, 0.1335963973349567, -0.1347261750521093, -0.03628581393514641] - [-0.0017027965131313834, 0.22819013900595173, -0.12282836017849229, -0.10365888773080985] - [0.038863252849812006, -0.11448100018342462, -0.04641642298682637, 0.12203424636217744]
A2: [0.03530739914564481, -0.029273519834080074, -0.07569739170559968, 0.06966336178188472] - [0.10289380904978745, 0.28289676013969783, -0.3926063397879039, 0.006816057135329747] - [-0.011187123228266631, 0.5390145673112505, -0.35945103748751256, -0.16837648905112895] - [0.09786283698122167, 0.01746335423978553, -0.16885097474704883, 0.053524917823086215]
B1: 1.090481784401028e-08 - 6.200008721105616e-09 - 3.627721454500614e-08 - 1.8603638739576285e-09
B2: 1.5389800078670662e-09 - 1.888636356107585e-09 - 2.833373103358733e-08 - 1.6635922021797264e-08
