Number: 42
Error: 0.0007537624873616643
A1: [-0.05546688517850222, -0.0613904362792058, -0.028792624407963294, -0.03258123172824515] - [0.1151860302629732, 0.24463794835471098, -0.10123598501100553, -0.08119300878927206] - [-0.19642132671140733, 0.32186766144733275, -0.1605144503719914, -0.3737309355290812] - [-0.025430868415634845, -0.03764851144991634, -0.028931798233720527, -0.004139101617854858]
A2: [0.4074726389277203, 0.07530476060346274, 0.24611887239298386, 0.23653924080336505] - [0.13069157766895897, 0.298700580326682, -0.02923020544292972, -0.03829307291921141] - [0.19431361140020872, 0.8615763584465278, 0.03601085992281866, 0.014675202199613178] - [0.5047614368890155, 0.5042226156812811, 0.5041041380705467, 0.49559875511556156]
B1: 0.0412278404929596 - 0.43756513507927514 - -0.040076045221415404 - -0.054739433149675956
B2: 0.018791316823706772 - 0.4566616806517596 - -0.015985490536499863 - -0.014226979716389514
