Number: 6087
Error: 2.0367484983241e-14
A1: [0.08043228353792273, -0.1804672119651563, -0.0195882588361046, 0.1196255705230233] - [0.0374162401247183, 0.13359704580612772, -0.13472552738277688, -0.03628516533223948] - [-0.0017018871965142023, 0.2281910483031328, -0.12282745219323245, -0.10365797865696627] - [0.03886348124567183, -0.11448077242856827, -0.0464161947365057, 0.12203447461605053]
A2: [0.035307207549954533, -0.029273711959772252, -0.07569757387192018, 0.06966316125624848] - [0.1028939739249504, 0.28289692641416203, -0.3926061803226891, 0.006816229783788605] - [-0.01118722734007151, 0.5390144625784387, -0.3594511360312818, -0.16837659875734032] - [0.0978631048094051, 0.017463623286229323, -0.168850719791904, 0.05352519895566947]
B1: 8.844922623463038e-08 - 1.2863463590114447e-07 - 1.1793860574968954e-07 - 9.150911677753788e-08
B2: 3.9546982164758847e-07 - 6.332560869963321e-07 - -8.823340955412985e-07 - -1.1719483978094693e-07
