Number: 9886
Error: 1.2141411233254836e-15
A1: [0.05317257305517426, -0.14800124805245032, -0.02699902443105254, 0.12182784490802605] - [0.005313775613719699, 0.13083675012387394, -0.11360068798395494, -0.022549707500700827] - [-0.014444420294757452, 0.22309167713199665, -0.127041123359544, -0.08160587669703331] - [0.027146558368828216, -0.1000199397653, -0.04942440991919308, 0.12229821892656531]
A2: [0.08925461643079671, -0.07291321553807563, -0.12362726916560916, 0.10728654011313711] - [0.10884178023716362, 0.24981423255854096, -0.40484523911391035, 0.04618953239180927] - [0.03663589666284354, 0.46255508433444376, -0.37771748447167053, -0.12147330314404176] - [0.14342646198780304, -0.04460659464160707, -0.20149950736990455, 0.1026798917086795]
B1: -7.933457459787237e-09 - -3.817278232277084e-09 - 1.0245460635290593e-09 - 3.6574032479203e-09
B2: -1.9385511492409857e-10 - 1.2515782062664124e-09 - 1.130473824357916e-08 - 3.2514108914622435e-08
