Number: 7310
Error: 9.957773704567992e-16
A1: [0.08043167781605003, -0.18046781761830524, -0.019588863833657887, 0.11962496487041789] - [0.03741558542908016, 0.1335963916061764, -0.13472618077380133, -0.03628581966509071] - [-0.0017028319621559837, 0.22819010355768163, -0.12282839557560721, -0.10365892317037077] - [0.038863223990385484, -0.11448102896186303, -0.04641645182786553, 0.12203421752068373]
A2: [0.035307361431061605, -0.029273557652969802, -0.07569742756420977, 0.06966332230953995] - [0.1028938165802485, 0.2828967677340672, -0.39260633250450566, 0.006816065020786504] - [-0.011187005165440415, 0.5390146860782531, -0.3594509257384439, -0.16837636464424888] - [0.09786280690516962, 0.01746332402692519, -0.1688510033774917, 0.05352488625300354]
B1: -2.7784593863330496e-08 - 2.905134275757476e-08 - 3.227012673604888e-08 - -3.1705816822876834e-09
B2: 5.7998217334451274e-09 - 7.3892991986652525e-09 - 4.628393322813495e-09 - 6.921867584784786e-09
