Number: 9616
Error: 4.475346677153686e-15
A1: [0.053173018359820294, -0.14800080258865803, -0.026998579620101385, 0.12182829042628635] - [0.0053138393476662585, 0.13083681392212498, -0.11360062426263301, -0.02254964367616339] - [-0.014444468559368397, 0.22309162884914613, -0.12704117158684364, -0.08160592497745855] - [0.027146447577670516, -0.10002005055937882, -0.049424520946428685, 0.12229810785197004]
A2: [0.08925435457013282, -0.07291347679147658, -0.12362752512339081, 0.10728627502557571] - [0.10884115887804444, 0.24981361108852773, -0.40484584816709845, 0.04618890057803838] - [0.0366356377824401, 0.46255482680170984, -0.37771773704753786, -0.12147356470846386] - [0.14342678409710968, -0.04460627373513678, -0.2014991928615282, 0.1026802185950922]
B1: 7.486026502046112e-08 - -1.6028444003609002e-07 - -1.0263057876687386e-07 - -9.216845574489966e-08
B2: 8.32221105433452e-08 - -7.501434463451829e-08 - -3.0086274382269076e-08 - -1.6011616061168863e-07
