Number: 7137
Error: 1.1386309073647864e-15
A1: [0.08043169183641657, -0.18046780359952544, -0.019588849830055363, 0.11962497888918348] - [0.037415596365507606, 0.1335964025343268, -0.13472616985916652, -0.036285808734722] - [-0.0017027260964702334, 0.22819020942110715, -0.1228282898649297, -0.10365881733294155] - [0.0388632203603753, -0.11448103258168299, -0.04641645545555982, 0.12203421389293148]
A2: [0.035307395168041135, -0.029273523822680197, -0.07569739548748923, 0.06966335761892396] - [0.10289374726771042, 0.2828966978332707, -0.3926063995427043, 0.006815992440452009] - [-0.011187087016166821, 0.5390146037393284, -0.35945100321197343, -0.1683764508931779] - [0.09786279598436506, 0.017463313056446328, -0.1688510137733896, 0.053524874789716174]
B1: -4.874141483444317e-10 - 3.828270028269684e-09 - 1.9348350108620208e-08 - 1.1031209694325995e-08
B2: -9.928453098687619e-09 - -1.0754264824518717e-08 - 6.257850429252773e-08 - -2.0274291865483357e-08
