Number: 6544
Error: 9.808169068898749e-16
A1: [0.08043168583492318, -0.1804678096003401, -0.01958885582437528, 0.11962497288837481] - [0.03741558381768347, 0.13359638999599682, -0.13472618238199205, -0.03628582127559607] - [-0.0017028081987466462, 0.2281901273205849, -0.12282837184699659, -0.10365889941330741] - [0.03886322283992161, -0.11448103010909677, -0.046416452977592774, 0.12203421637093742]
A2: [0.035307428552757356, -0.02927349034562775, -0.07569736374571291, 0.0696633925596386] - [0.1028937377259196, 0.2828966882104925, -0.39260640877140096, 0.006815982448794313] - [-0.011187111691958875, 0.5390145789163681, -0.35945102656815675, -0.16837647689490215] - [0.0978627978066518, 0.01746331488702314, -0.16885101203868882, 0.053524876702523226]
B1: 5.15403815941811e-10 - -1.3620657958284669e-09 - -5.496584290022203e-10 - -2.237319623762317e-09
B2: -1.0960273869445188e-09 - -5.31548510908857e-09 - 1.0403750868856585e-08 - -7.36100297370504e-09
