Number: 2889
Error: 1.5436114301744244e-08
A1: [0.06339481129915225, -0.047911722083321534, -0.02348267463673819, 0.007815416178722709] - [0.04392214524309147, 0.1915220855080699, -0.142296244017916, -0.09222568712462491] - [-0.12338335227008257, 0.4149213369888299, -0.10479826833568381, -0.1870132440198499] - [0.03694645290291817, 0.01910863780148678, -0.03319113433995855, -0.023110824535993474]
A2: [0.06472830257487322, -0.17240547033008813, 0.08760471081691211, 0.02522578355897111] - [0.029552141983117175, 0.2005571076676257, -0.10144897186901218, -0.12761662532108564] - [-0.0933910071637444, 0.5137008104341941, -0.22558708162841612, -0.19507983028896933] - [-0.025880830765319964, 0.018566525549806014, -0.05024098922965241, 0.05702253620864243]
B1: 0.000227593229627964 - -0.00011160255986859177 - -0.00040722551827211743 - 9.603933991684723e-05
B2: -9.5786304562437e-05 - 2.7078113163918585e-05 - 4.47938410380769e-05 - 4.057285099738114e-05
