Number: 9575
Error: 1.229755351309864e-14
A1: [0.05317316336469564, -0.14800065753161748, -0.026998434775765297, 0.1218284355054239] - [0.005314598822650354, 0.13083757418781825, -0.11359986490621193, -0.02254888312695881] - [-0.014444107761306241, 0.22309198977631828, -0.12704081107627532, -0.0816055640509779] - [0.02714644358530649, -0.10002005455561849, -0.049424524949262624, 0.1222981038472351]
A2: [0.08925520008199675, -0.07291263323907468, -0.12362669866787242, 0.1072871309557616] - [0.1088438947984357, 0.24981634749166076, -0.4048431664411877, 0.04619168252680447] - [0.03663794513444659, 0.46255712214625533, -0.3777154858850831, -0.12147123343108544] - [0.14342622260575713, -0.04460683313980931, -0.20149974111088553, 0.10267964877244011]
B1: -1.9931091347801858e-07 - -5.094299074705225e-08 - 1.8803162456179334e-07 - 2.9293528422433606e-07
B2: 1.1798826341163231e-07 - -1.0013912023536714e-07 - 2.2692378348386178e-07 - 3.0054656891709397e-07
