Number: 5823
Error: 2.333433970579733e-06
A1: [0.07003075826051951, -0.19093358232610969, -0.029947755951000868, 0.10923302727917009] - [0.024181321680352495, 0.12031800333860472, -0.1479547706198754, -0.04953421518943998] - [-0.006411915975286017, 0.22345988008698528, -0.12749151400257724, -0.10834845170946775] - [0.035960070406630344, -0.1174107472086891, -0.04922178668305399, 0.11918503891749313]
A2: [0.03454077417712956, -0.03007419207159854, -0.07638377437316102, 0.06894036097162329] - [0.09291363478757234, 0.27271067989423275, -0.40224336392578963, -0.0035194358029486334] - [-0.0009329794254812787, 0.5494107266093508, -0.34974332096167365, -0.1576326422111542] - [0.10146132889394925, 0.021108263545992854, -0.16541456501748705, 0.0572913229529118]
B1: 0.0005923443903125177 - -0.0020258717809414017 - 0.0005024084816162818 - 0.00014058825008723697
B2: 0.0005381804489611767 - 0.001873991025620148 - -0.002363263948363465 - 0.0006298619547329646
