Number: 788
Error: 1.1930184313726305e-12
A1: [-0.012152821084152693, -0.014516581823987514, 0.01808791645893218, 0.00858370939638286] - [0.06583627191017803, 0.18949625795684458, -0.14532149862040392, -0.11000740672704971] - [-0.09628973543969373, 0.42178931660306085, -0.053453710489629866, -0.272031844602321] - [-0.0013259660312618894, -0.01822353968461223, -0.0038398644024260475, 0.023371581899152342]
A2: [0.16158592328790713, -0.16775555576881154, 0.008500552447714704, -0.002333846964199962] - [0.03548621680391793, 0.2075172071249914, -0.11720993300505644, -0.12579154699668] - [-0.08621436771526403, 0.5815373156128891, -0.23538952747199876, -0.2599363707621798] - [-0.0038349943727866162, -0.00451931642953379, 0.0011102300800308084, 0.007243366868697493]
B1: -3.619697380224374e-07 - 9.423058540118924e-08 - -6.236968715585017e-07 - -2.0744638043637763e-07
B2: -1.2912780261602505e-07 - -1.1474844889027161e-06 - 1.5767458642580672e-06 - -3.43015463751239e-06
