Number: 803
Error: 4.592789754138485e-12
A1: [-0.012152925015593589, -0.014516688568540156, 0.018087801583487672, 0.008583598337514457] - [0.06583497020719734, 0.18949500577502545, -0.1453228444667699, -0.11000885604230001] - [-0.09628879605536263, 0.4217902245128777, -0.05345269114413432, -0.27203075016503614] - [-0.0013316151645826036, -0.018228972561315015, -0.0038458777229855804, 0.023365052448522543]
A2: [0.16158674234760953, -0.1677547521299276, 0.00850135499383705, -0.0023330484913027224] - [0.03548615153287188, 0.20751714290231507, -0.117209998004106, -0.12579161084530036] - [-0.08621570924492444, 0.5815360015864934, -0.23539083282607262, -0.2599376789540309] - [-0.0038357347630380337, -0.004520044508188931, 0.0011094972700577486, 0.007242658524745833]
B1: 2.333267093783935e-07 - -3.688171361528907e-07 - 1.0784115328818316e-06 - 5.274968408199578e-07
B2: 3.710415159578165e-06 - 8.405470582179114e-07 - 5.413800450727741e-06 - -3.6210319940655484e-06
