Number: 4262
Error: 7.352529679402058e-16
A1: [0.06621321182679055, -0.11395205023799938, -0.023983920158743528, 0.07172289824407445] - [0.03740262386985841, 0.18819338065414049, -0.14740893523613574, -0.07818699863376628] - [-0.06022934139064028, 0.328950828876965, -0.12775308039183336, -0.14096829307509434] - [0.039046145025269395, -0.05332269946185224, -0.0374186040460737, 0.05169510687550569]
A2: [-0.009108657655935624, -0.34680327231958563, 0.24945500779457305, 0.10645659405406062] - [0.08003986996875981, 0.03628230459127223, -0.050250063949667655, -0.06607191077462618] - [-0.0424528548198556, 0.23083185206041226, -0.0405312834402395, -0.14784787808174468] - [0.06813470727938561, -0.2934679309380772, 0.14177116315506696, 0.08356178028996267]
B1: 4.223937665160821e-09 - 1.4289070416624352e-08 - -3.4638234677995367e-09 - -1.1631489866380178e-08
B2: 1.9155847865386302e-09 - -1.4904791098817517e-08 - 7.952771430593388e-09 - 1.1593636683819668e-08
