Number: 4803
Error: 1.1503894939171952e-15
A1: [0.0662131266033511, -0.11395213355699935, -0.023984005315329144, 0.07172281316362153] - [0.03740256829279079, 0.18819332755402396, -0.14740898987265683, -0.07818705327513953] - [-0.06022941806752115, 0.328950755232994, -0.12775315542334337, -0.14096836770285484] - [0.03904612069464872, -0.053322722555516434, -0.03741862758509608, 0.051695083527576326]
A2: [-0.009108421453293821, -0.3468030217457736, 0.2494552459081908, 0.1064568416993782] - [0.08003988119335698, 0.03628231668337981, -0.05025005168177463, -0.06607189840260458] - [-0.04245283901289244, 0.2308318695060427, -0.04053126650068238, -0.14784786059973337] - [0.06813468702977443, -0.2934679532336419, 0.14177114120245465, 0.08356175758661344]
B1: 1.0179182139711103e-09 - 1.254018883816698e-08 - 2.795119912564634e-08 - 4.727852915232809e-09
B2: 2.565302268210468e-08 - 2.7662968290855005e-08 - 2.3538603848080425e-08 - 3.6720473771334787e-08
