Number: 1396
Error: 3.0692261400811985e-10
A1: [-0.007203270156009043, -0.015009601633339129, 0.002980809866871677, 0.019438631743791655] - [0.06673528134187588, 0.18979642722178988, -0.14682966298095923, -0.1099640712264536] - [-0.11258806365313657, 0.4417826877920952, -0.0707922870994836, -0.25810275673934324] - [-0.02355992312201785, 0.015156866977401246, -0.03012925493696824, 0.03871036179469359]
A2: [0.1317981897709854, -0.22441984172915663, 0.022875143913027446, 0.07036779489534235] - [0.03259216749582644, 0.20369604381197232, -0.11494214636888957, -0.1215103500219996] - [-0.0946138704999097, 0.5555486223074646, -0.23519358204253382, -0.22562650501025108] - [-0.02070056320682066, -0.01915076202843289, 0.00824383084818139, 0.0323035606239505]
B1: 8.069541041224741e-06 - -0.0001077587976490606 - 7.567465734548225e-05 - -4.880842201111287e-05
B2: -1.1483237511397362e-05 - 8.921582164042713e-06 - -1.7176334731847654e-05 - -2.1852534644349504e-05
