Number: 9077
Error: 0.00012857898145157682
A1: [0.035421524631399234, -0.1683157176051849, -0.04485201898180688, 0.10266929616538323] - [-0.01625284863585991, 0.10751023898772732, -0.13631593695344366, -0.04560734745081254] - [-0.04163128709401458, 0.19855809570381683, -0.14811455597609588, -0.10434739980446252] - [0.004781544886677678, -0.12301658864601421, -0.07039108802932477, 0.09976066835617785]
A2: [0.09739015310970002, -0.06479508962417352, -0.10870843497450373, 0.11676914019450933] - [0.17080733359334616, 0.31006656340763933, -0.3442539503416222, 0.1079981653767875] - [0.1323787313149779, 0.5585029482285733, -0.28791658468393605, -0.025619318506927054] - [0.21311823116040918, 0.024522805890758233, -0.13629663824959773, 0.17280992579735616]
B1: -0.01770597748867092 - 0.003831546015137894 - 0.00870402313200183 - 0.004054169690103369
B2: 0.01204794941367864 - 0.010768485992689281 - -0.005643605463174859 - 0.010782365395669421
