Number: 7663
Error: 6.966743788182765e-16
A1: [0.08043171420548602, -0.1804677812329973, -0.01958882748772798, 0.1196250012557015] - [0.037415629045680014, 0.13359643518976055, -0.13472613724409618, -0.03628577607264669] - [-0.0017027879508136057, 0.22819014756808134, -0.12282835162870191, -0.10365887917077068] - [0.03886326200308848, -0.11448099105584374, -0.04641641383937644, 0.12203425550976521]
A2: [0.035307507289404155, -0.029273411391199617, -0.07569728888386147, 0.06966347496601909] - [0.10289384093224323, 0.2828967922927391, -0.3926063089515481, 0.006816090520848895] - [-0.011187168711498835, 0.5390145215567294, -0.3594510805384414, -0.1683765369783248] - [0.09786279452478831, 0.017463311590236296, -0.16885101516281853, 0.05352487325764606]
B1: 5.848283965883234e-09 - 4.0168257401476185e-08 - -5.927334838644368e-09 - 6.789427895477487e-09
B2: 1.2382996301807055e-08 - 6.23601012988067e-09 - 2.2803497726796156e-08 - 9.68643300622969e-09
