Number: 7915
Error: 7.518901313561026e-16
A1: [0.08043169389194556, -0.18046780154424147, -0.019588847776989448, 0.11962498094447559] - [0.037415627073196164, 0.13359643321876738, -0.13472613921263468, -0.036285778044034274] - [-0.0017028262865241121, 0.22819010923318686, -0.12282838990828472, -0.10365891749625136] - [0.038863246716908176, -0.11448100629912991, -0.04641642911582436, 0.1220342402330804]
A2: [0.03530730456934203, -0.029273614671929647, -0.07569748162772609, 0.06966326279771709] - [0.10289362476943686, 0.2828965742953755, -0.3926065180214912, 0.006815864166968245] - [-0.011187098146067762, 0.539014592543032, -0.359451013746662, -0.16837646262114153] - [0.09786271667091985, 0.01746323338224413, -0.16885108927474973, 0.053524791536528823]
B1: -7.703615798964953e-09 - 1.377267286861829e-08 - 1.6241969515224136e-08 - 1.3536052170945684e-08
B2: 2.2355137471018374e-08 - -1.4617347735418363e-08 - 3.3100642124124954e-08 - 1.4097600543409196e-08
