Number: 4431
Error: 1.202830588801825e-15
A1: [0.0662131449077319, -0.11395211566166531, -0.023983987025307112, 0.07172283143731267] - [0.037402634466078916, 0.1881933907781111, -0.1474089248192335, -0.07818698821595868] - [-0.06022935187071433, 0.32895081881139066, -0.12775309064705515, -0.14096830327511214] - [0.03904614450131827, -0.0533226999591238, -0.03741860455295221, 0.05169510637277929]
A2: [-0.00910854136646957, -0.3468031489546603, 0.2494551250249076, 0.10645671597716846] - [0.08003981279969606, 0.03628224300383821, -0.05025012643217259, -0.06607197378766035] - [-0.04245281349208297, 0.23083189767232484, -0.040531239151729355, -0.14784783237471044] - [0.06813481603609851, -0.29346781119224835, 0.14177128105777578, 0.08356190222628547]
B1: -5.255104284214312e-09 - 1.2072559155545024e-08 - -7.3552041545688544e-09 - 6.4618452439298464e-09
B2: -1.4581293090034934e-08 - 1.8889527014477766e-08 - -1.0692877310302017e-09 - 4.044978523802098e-09
