Number: 136
Error: 8.42239520282656e-05
A1: [0.024334921122247184, 0.023532473602609696, 0.059318038260177536, 0.048432897584385806] - [0.08124378526233537, 0.20451010283580626, -0.1298410895618683, -0.09324108668035123] - [-0.05627332707145478, 0.4616537104368817, -0.009384134487467215, -0.2243726694486703] - [0.0415904798596362, 0.024281843718358273, 0.04287136843407523, 0.07413341966852621]
A2: [0.2038907708626806, -0.12689613238809994, 0.04997496001887374, 0.03850082489106077] - [0.041587156702858494, 0.21322224752696708, -0.11196273511335167, -0.12072329820478155] - [-0.044835696840568616, 0.6220708510947298, -0.19520950436674547, -0.22002459744863676] - [0.028804096199177325, 0.027885530252112094, 0.03325542178321724, 0.03814419661410098]
B1: -0.00011700850754879058 - 0.11342536546900163 - 0.001982907799770845 - 0.0036062912735994484
B2: -0.006425951195267619 - 0.12690462670739186 - -0.010926812119305662 - -0.009167024009226888
