Number: 2617
Error: 3.22494202813775e-08
A1: [0.06290527135891234, -0.04839584527594123, -0.02396559348264848, 0.007333100129106214] - [0.043392679553761755, 0.1910105348628525, -0.14284147168682598, -0.09280809567989332] - [-0.12401262001916204, 0.41430374066535375, -0.10541947889238022, -0.18763037866236573] - [0.036998711583367094, 0.019167683705610842, -0.03313295179596764, -0.02305104868777122]
A2: [0.06280718289881615, -0.1743210200789987, 0.08569717538433858, 0.02333296090171113] - [0.02951731986358313, 0.20052251290591727, -0.10148380257422478, -0.12765077892515847] - [-0.09341908819741288, 0.5136728588539057, -0.2256170334695271, -0.19510730087407413] - [-0.026955449024690215, 0.017501423240497214, -0.05132136308587939, 0.05597386772429454]
B1: -0.00021352469506362432 - 0.00013158382431825035 - 0.00010385935938003038 - 2.801312690033302e-05
B2: 0.00019354616120774613 - 0.00015189928617800424 - 0.00020643827838281095 - -4.9475906868001276e-05
