Number: 6939
Error: 1.116997181610117e-15
A1: [0.0804316658212107, -0.1804678296117846, -0.019588875814154773, 0.11962495287694903] - [0.037415589496843954, 0.13359639567085907, -0.13472617671414663, -0.036285815599581994] - [-0.0017028079953971852, 0.22819012752392606, -0.12282837164394399, -0.10365889921001241] - [0.03886323867668541, -0.11448101431677601, -0.04641643715092133, 0.12203423219785745]
A2: [0.035307464777673714, -0.02927345402051677, -0.07569732930352327, 0.0696634304729454] - [0.10289378155796156, 0.28289673241454405, -0.39260636637762286, 0.006816028347351682] - [-0.011187209844166207, 0.5390144801787152, -0.35945111947135727, -0.16837658032132088] - [0.09786280715429439, 0.017463324277183955, -0.16885100314033757, 0.05352488651450432]
B1: 3.0866484413548625e-08 - 1.2647234024865893e-09 - -2.3695363679707317e-08 - 9.003911589556281e-09
B2: -1.439066339721865e-08 - 1.1023745194236617e-08 - 1.41185052093967e-08 - 3.200839521234869e-09
