Number: 1097
Error: 1.0512665563047414e-05
A1: [-0.005391223106632654, -0.013082972157622772, 0.004964644232659205, 0.02114952614435387] - [0.06521340767711838, 0.18825593019023532, -0.14847840572669713, -0.11159339698163374] - [-0.09677730799662136, 0.4575299527671141, -0.05436127488398288, -0.2413963503465815] - [-0.03254447340148869, 0.006411956095111734, -0.0389234711830583, 0.029340937974504207]
A2: [0.1346627021564188, -0.2216174292175812, 0.025851876185402693, 0.07314010629552742] - [0.02421033170799766, 0.1955322859546074, -0.12318933796090367, -0.1298395168804163] - [-0.09573148671050145, 0.5545568255054565, -0.23606691566739443, -0.22695639224978115] - [-0.008542143448718119, -0.007374893336086726, 0.020745983048875222, 0.04366541148139043]
B1: -0.004137392086139204 - -0.004774388108388292 - -0.0006691711448394845 - -0.005393622228590965
B2: -0.003061751017660852 - 0.0010941207928492963 - -0.0061232766925964546 - -0.0006445795663708244
