Number: 2605
Error: 9.289874549636065e-08
A1: [0.06377910270016902, -0.04752419566062448, -0.023099575430219413, 0.008199767652804765] - [0.04401497678056397, 0.1916118237230495, -0.14220062163291888, -0.09212390120030882] - [-0.12298835353772555, 0.41532580468764535, -0.10439068560446661, -0.18660589994817542] - [0.037636051823800046, 0.019807671924679533, -0.03249587522534107, -0.022417837270087976]
A2: [0.06433182589828029, -0.17280415868212926, 0.08721789685987315, 0.024838770748060783] - [0.029301477648303764, 0.20030976191234612, -0.10169886283546721, -0.12786204055467193] - [-0.09255694778109828, 0.5145187903204936, -0.22475312815596118, -0.1942723622738802] - [-0.024505163798656106, 0.01993842368942627, -0.04886917308539096, 0.0583594517537165]
B1: -5.911259793126648e-05 - -0.00018803913326153473 - -0.0001314724932190365 - -0.00015327046590070566
B2: 4.671011246340409e-05 - 0.0002333025311047051 - 0.0001696047686466514 - 7.535214220955863e-05
