Number: 382
Error: 1.7907494756256567e-11
A1: [-0.012128304413038572, -0.014491398036930957, 0.018115017978908937, 0.008609910182960614] - [0.06583634256102681, 0.18949632602354816, -0.14532142605579249, -0.11000732815118641] - [-0.09629138860566265, 0.42178772047843305, -0.053455501507918037, -0.2720337702905885] - [-0.001326187738119704, -0.018223752019184, -0.003840097390290384, 0.023371325648445636]
A2: [0.16160503420775557, -0.1677368097315865, 0.008519275620313373, -0.0023152194135591035] - [0.035479616958187604, 0.20751071248015926, -0.11721650605605606, -0.1257980041981282] - [-0.08618249480952596, 0.5815685307516096, -0.23535851874356475, -0.2599052953171982] - [-0.003814158540453323, -0.004498828993921161, 0.001130851605377327, 0.007263299732344582]
B1: -3.6340667993778313e-06 - -2.5327424679520713e-06 - 1.1299562098394794e-06 - -4.447679071300425e-06
B2: -3.2151069852698107e-06 - -3.2242777717150713e-06 - 8.466216206270182e-06 - 1.3287766775371992e-06
