Number: 7307
Error: 1.0573388258952604e-15
A1: [0.08043167492100863, -0.1804678205130186, -0.019588866725237495, 0.11962496197570721] - [0.03741558154230237, 0.1335963877223405, -0.13472618465283445, -0.03628582354971537] - [-0.0017028340956713036, 0.22819010142421198, -0.12282839770599856, -0.10365892530331665] - [0.038863219953484456, -0.11448103298743481, -0.04641645586219394, 0.1220342134862918]
A2: [0.03530736153348061, -0.02927355755026756, -0.07569742746683102, 0.0696633224167325] - [0.10289381922690255, 0.2828967704031835, -0.3926063299446959, 0.006816067792219189] - [-0.01118700004572494, 0.5390146912285052, -0.3594509208925197, -0.16837635924942843] - [0.09786280692678512, 0.017463324048639015, -0.16885100335691514, 0.05352488627569277]
B1: -2.8259512696836072e-08 - 2.953616117437215e-08 - 3.360388098158003e-08 - -1.8207918620890536e-09
B2: 5.020412522659333e-09 - 6.402925858825028e-09 - 4.773713397752244e-09 - 6.470656223647674e-09
