Number: 17
Error: 0.0010592384485659957
A1: [0.029036751912869377, 0.03487066998388397, 0.05354393985288677, 0.031533242792229535] - [0.1373099398927888, 0.2720842163670221, -0.08841329029226373, -0.07795009641535199] - [-0.0576828849462866, 0.45893936546330866, -0.016747459748283566, -0.2261843108888265] - [0.2430557519316318, 0.23749494941287547, 0.2495423088207979, 0.2630642843576601]
A2: [0.460833905602463, 0.12739342415923635, 0.2959749549445596, 0.2929039466096704] - [0.1916740760278835, 0.35812735238894244, 0.02977722920060729, 0.022747416852487802] - [0.30228145255656563, 0.9697754107248555, 0.13903235390272836, 0.12808686728088509] - [0.6299005969772039, 0.6307070105700088, 0.6267747438521714, 0.6238646452573934]
B1: 0.06968109671523655 - 0.49214296088878506 - -0.044615383301399934 - -0.06946837073545899
B2: 0.04208111941868968 - 0.5381134577867528 - -0.09613680089010337 - -0.0813463549382169
