Number: 2337
Error: 7.099132616718172e-06
A1: [0.050805820851324145, -0.06293397153798891, -0.040147662081768266, -0.006319506846152607] - [0.04253956150525443, 0.1901100941152372, -0.14413457490989554, -0.0931924198556786] - [-0.1256734650858922, 0.41353671769964817, -0.106353212142328, -0.18862620093435398] - [0.04877464768860446, 0.0316691953419079, -0.020205842133692836, -0.011281196974406446]
A2: [0.06209953841550623, -0.17383467175900835, 0.08608007133310314, 0.022396301499012387] - [0.03106593959226291, 0.20199525341974747, -0.10000495572968178, -0.12618382870714084] - [-0.08875542752206958, 0.5178124049731341, -0.22113131747891962, -0.19061816605847087] - [-0.006934267793713483, 0.03756676184444283, -0.03046354022494611, 0.07653218442760648]
B1: -0.008132443744077707 - 0.002147433350523608 - 0.003863103833080434 - 2.8242214500763876e-06
B2: -0.0018829342291899129 - -0.00815095274658989 - 0.001988277905381907 - 0.007187801924057623
