Number: 2208
Error: 0.00023514464281887537
A1: [0.07233278913528123, -0.022285977755826112, 0.01222885491858372, 0.0539740648306844] - [0.050407560346275665, 0.1832467618444525, -0.15823626407160649, -0.10836170978786361] - [-0.1482044853857079, 0.39485210289168887, -0.1267091181937361, -0.2177354160484748] - [0.03237316728772129, 0.038164220087256305, -0.002721206158500424, -0.001410550605060462]
A2: [-0.0021381388516672, -0.2934498268295859, -0.011818195842240767, -0.05115050378472536] - [0.08275609381010612, 0.24836097765291185, -0.05215181075696792, -0.07971874187038655] - [-0.12354316317249658, 0.507084701444766, -0.22796693461995327, -0.22266858858532768] - [-0.13203818126814487, -0.04503565581752576, -0.1054391990799753, -0.022737425348544317]
B1: 0.004103345858867857 - -0.040972022328007104 - 0.01717326229935017 - 0.02948859540487742
B2: 0.007310887764507528 - 0.005486806883654517 - -0.0032948290759300435 - -0.00046556813648509663
