Number: 4520
Error: 9.62145522356801e-16
A1: [0.06621310741132967, -0.11395215232015299, -0.023984024492286406, 0.07172279400381985] - [0.037402532850218884, 0.18819329369103713, -0.14740902471541897, -0.07818708812098979] - [-0.06022942019300603, 0.32895075319163214, -0.12775315750317548, -0.14096836977157498] - [0.039045980718141984, -0.05332285541600329, -0.037418763007745375, 0.05169494920456003]
A2: [-0.009108568737650575, -0.3468031779912062, 0.2494550974321996, 0.10645668727998198] - [0.08003981949585916, 0.03628225021752942, -0.05025011911363373, -0.06607196640699657] - [-0.042452745397903516, 0.23083197282521364, -0.04053116617929512, -0.1478477570652006] - [0.06813483740628234, -0.29346778766280157, 0.14177130422494347, 0.08356192618616265]
B1: 1.065161337651206e-09 - -6.9965839197777365e-09 - -1.3427063419072166e-08 - -2.6266884566879783e-08
B2: 1.420260041709135e-08 - 1.6418708211188418e-08 - -1.4214745686054884e-07 - 2.7783431075472382e-08
