Number: 2311
Error: 6.145841962525264e-05
A1: [0.05725612563810789, -0.05443345987900677, -0.0345085390697985, 0.0023865570571452097] - [0.0019385501397656342, 0.15096409457570462, -0.1860089868744162, -0.13705078235085197] - [-0.12616572457049913, 0.41690262738322453, -0.10466354051189357, -0.18482096517981017] - [0.036179860022734975, 0.0230775897729312, -0.028737937386603477, -0.01942404724250879]
A2: [0.14214476610549723, -0.0969145265618997, 0.16795635272157586, 0.10267851808006151] - [0.06087848446639571, 0.23000938792790704, -0.07044043626564739, -0.0974223869259882] - [-0.05472307558926515, 0.5469774403155996, -0.18832102728958292, -0.16105484841698847] - [0.03836444435668461, 0.08213194447836578, 0.014942629412773106, 0.12058797760526968]
B1: 0.0009564534870669661 - 0.021616888668044898 - 0.0171883468297393 - -0.009941974683108552
B2: 0.011132570764585077 - 0.014234913303503535 - 0.0041961494892574416 - 0.0015228974701773732
