Number: 448
Error: 1.4676482070581632e-12
A1: [-0.012158706911947191, -0.014522627077535903, 0.018081410988106637, 0.008577419804923662] - [0.06583049019132549, 0.18949069619575207, -0.14532747640175459, -0.11001384410398388] - [-0.09628820129148628, 0.4217907995570512, -0.0534520455104243, -0.27203005709958034] - [-0.001316146711067029, -0.01821409603909477, -0.0038294118097248688, 0.023382931531649716]
A2: [0.16159036481647207, -0.16775119794444968, 0.008504904595833146, -0.0023295169025434096] - [0.03548532871262353, 0.20751633331202815, -0.11721081736733832, -0.1257924157746175] - [-0.08621129594624052, 0.5815403244472496, -0.23538653847061014, -0.25993337526779153] - [-0.003829801476855291, -0.00451420982400038, 0.0011153699025975667, 0.007248335172976336]
B1: -5.587686485923271e-07 - 1.2520413168301156e-06 - 1.8490157275518822e-07 - 3.1645397694740844e-07
B2: 7.041678001530316e-06 - -7.03895839087844e-06 - 3.033095618735065e-06 - 1.1560965379236872e-06
