Number: 9641
Error: 2.8267803788180333e-14
A1: [0.05317267533118981, -0.1480011457412585, -0.026998922269761055, 0.12182794723362818] - [0.005313317562291581, 0.13083629159003754, -0.11360114596879187, -0.022550166196960483] - [-0.014444940043235864, 0.22309115719195124, -0.1270416426981165, -0.08160639663036041] - [0.02714559813867339, -0.10002089999466181, -0.04942537217575364, 0.1222972562570247]
A2: [0.08925353840973514, -0.07291429106685289, -0.12362832289836492, 0.10728544880017607] - [0.10884210166355171, 0.24981455404134414, -0.4048449240540844, 0.046189859226505786] - [0.036635988414566424, 0.4625551756093524, -0.3777173949533489, -0.1214732104398891] - [0.14342646766976605, -0.04460658898263615, -0.2014995018237579, 0.10267989747420983]
B1: 1.6524357547726414e-07 - 2.7834753040980353e-07 - 2.3714289480920309e-07 - -8.342254472853412e-08
B2: 3.3520809496119617e-07 - -2.7968301354894876e-08 - -1.091461059627331e-07 - -1.311105635168882e-07
