Number: 565
Error: 5.559684561957547e-14
A1: [-0.012153166300766934, -0.014516936397101683, 0.018087534895941195, 0.008583340493937018] - [0.06583549759674409, 0.18949551309992554, -0.1453222991934115, -0.11000826884796819] - [-0.09629337583825, 0.421785798225705, -0.05345766074357561, -0.27203608583835587] - [-0.0013220609694955267, -0.018219784121828172, -0.003835707596703937, 0.02337609548887619]
A2: [0.16158681973920666, -0.16775467619821607, 0.008501430829905501, -0.0023329730476967245] - [0.035485740163949106, 0.2075167381441016, -0.11721040764798998, -0.12579201327487413] - [-0.0862135142477925, 0.5815381515890049, -0.23538869701789028, -0.25993553849396994] - [-0.00383458486982359, -0.004518913733506354, 0.0011106353961798207, 0.007243758648716169]
B1: 3.6546179951800163e-07 - 2.4903951871823223e-08 - 9.753705275863926e-08 - 1.5787191930810437e-07
B2: -3.335863259197945e-07 - 8.551527591449266e-08 - 8.927103351799982e-08 - -9.093509614602199e-08
