Number: 7531
Error: 8.153793407963955e-16
A1: [0.08043172219578179, -0.18046777324360722, -0.01958881950700117, 0.1196250092450753] - [0.03741561359642205, 0.13359641975219483, -0.1347261526625872, -0.03628579151335627] - [-0.0017027708544660174, 0.22819016466406425, -0.12282833455739453, -0.1036588620789909] - [0.03886325841302173, -0.11448099463583637, -0.04641641742717141, 0.12203425192191994]
A2: [0.03530746815095593, -0.029273450637896478, -0.07569732609623825, 0.06966343400342814] - [0.10289379609538868, 0.2828967470753553, -0.3926063523171906, 0.0068160435701447135] - [-0.011187048441724246, 0.539014642543849, -0.359450966700392, -0.1683764102459677] - [0.09786285754133381, 0.01746337489341721, -0.1688509551751067, 0.053524939404457655]
B1: 1.0602394788947499e-08 - 1.8415478026536606e-08 - 2.088761943981671e-08 - 1.5870948078473745e-08
B2: 1.2999949638545471e-08 - 5.1846192502540636e-09 - 2.2915428694141576e-08 - 4.382161609990669e-09
