Number: 2805
Error: 7.765751189628948e-09
A1: [0.0633878633550505, -0.04791868150386358, -0.023489982046156255, 0.007808816806055021] - [0.04369709607029847, 0.19130491849426517, -0.14252799729920856, -0.09247306827399147] - [-0.12365930097380937, 0.4146473068875139, -0.10507442451244449, -0.18728746183397763] - [0.03673536130785003, 0.018898451751032663, -0.03340065607025795, -0.023318664651954625]
A2: [0.0629784541455404, -0.1741465063416303, 0.08586217154966763, 0.023500622340698527] - [0.029720381721884546, 0.20072278728684437, -0.1012811743753274, -0.12745170475986994] - [-0.09300719532611405, 0.5140772245583238, -0.2252024393753447, -0.19470789912992134] - [-0.02516208738289846, 0.019281781746701927, -0.0495217147288023, 0.05772218287680724]
B1: -0.00014387405325208734 - 0.0003240817522558015 - 9.536224071056452e-05 - -0.00010449104559996818
B2: 4.6433724845095533e-05 - 0.00014255407693532116 - -1.3665005742529933e-05 - -1.023836010598528e-05
