Number: 2570
Error: 1.4372793351419862e-08
A1: [0.06360826865737015, -0.04769367476843278, -0.023269164123098197, 0.00802959785639456] - [0.043524886090225146, 0.1911388738238582, -0.14270569568446595, -0.09266349234024848] - [-0.1228389710746409, 0.41547417713065243, -0.10424033874212309, -0.186455478938405] - [0.037349550160071056, 0.019521154824250254, -0.032782819117106565, -0.02270397173445285]
A2: [0.06290798746257469, -0.17422183673593578, 0.08579765641476157, 0.023431526833920052] - [0.029506748294317438, 0.20051192131017734, -0.10149390777423378, -0.1276611690309478] - [-0.09355332219565878, 0.5135398335157171, -0.22575353014034175, -0.19523750908277898] - [-0.026067748125067704, 0.01838264951283435, -0.050436719715267836, 0.05683823927551388]
B1: -2.8606067073288313e-05 - 0.00017973598961820307 - -0.00011631852362203694 - -0.00014434631872625752
B2: -6.85592744784941e-05 - -0.0003909886369502521 - 0.00011206787100465482 - -1.2872486929488675e-05
