Number: 5390
Error: 1.1358021526044486e-15
A1: [0.06621322862339475, -0.11395203381667651, -0.023983903375308698, 0.07172291501248648] - [0.03740266923237245, 0.18819342399512856, -0.1474088906411751, -0.07818695403488699] - [-0.06022923172878233, 0.3289509342011095, -0.127752973083031, -0.14096818634317765] - [0.03904619435060901, -0.053322652643822285, -0.0374185563251642, 0.05169515420887417]
A2: [-0.00910876928235021, -0.34680339073693794, 0.2494548952646009, 0.10645647702047074] - [0.08003975182625947, 0.03628217731814332, -0.05025019307221477, -0.06607204099379389] - [-0.04245285843006183, 0.2308318480761617, -0.0405312873090599, -0.1478478820742611] - [0.06813479685720605, -0.2934678323091827, 0.14177126026539283, 0.08356188072310408]
B1: 8.539803822305384e-09 - -1.0847251069897865e-07 - 2.2352749528242814e-08 - 2.140343282008597e-08
B2: -3.806462164424064e-08 - -7.975268233693134e-09 - -3.0990888833926284e-08 - -5.020321986931481e-08
