Number: 7097
Error: 1.0262813762371886e-15
A1: [0.08043169555696278, -0.1804677998794007, -0.019588846113957746, 0.11962498260930482] - [0.037415598463597814, 0.13359640463082814, -0.1347261677652573, -0.03628580663779427] - [-0.001702803749305903, 0.2281901317699263, -0.12282836740407203, -0.10365889496505479] - [0.03886324030499697, -0.11448101269303265, -0.04641643552364599, 0.1220342338251579]
A2: [0.035307447339935565, -0.029273471506485703, -0.07569734588310253, 0.06966341222245866] - [0.10289370089551157, 0.2828966510675073, -0.3926064443932946, 0.0068159438819900536] - [-0.01118708529553506, 0.5390146054702228, -0.35945100158336096, -0.16837644908008703] - [0.09786282499714528, 0.017463342201195404, -0.1688509861550952, 0.05352490524368534]
B1: -9.993919063131653e-11 - 1.4241877497830542e-08 - 1.3417983220758098e-10 - -1.00643719460201e-09
B2: 2.289720617169105e-09 - 2.512091675209449e-09 - 9.636761682970327e-09 - 1.813840009548788e-09
