Number: 7127
Error: 8.687194611901411e-16
A1: [0.08043169632274322, -0.18046779911370675, -0.019588845349092818, 0.11962498337499786] - [0.03741559948119449, 0.1335964056476555, -0.13472616674968776, -0.03628580562076106] - [-0.0017027815406685071, 0.22819015397808945, -0.12282834522795194, -0.10365887276234449] - [0.038863238471753325, -0.11448101452113153, -0.04641643735572154, 0.12203423199305356]
A2: [0.03530755274749636, -0.029273365807384183, -0.0756972456629136, 0.0696635225428775] - [0.10289371984328337, 0.2828966701760907, -0.39260642606725576, 0.00681596372307423] - [-0.011187187040620866, 0.5390145031182746, -0.35945109788731955, -0.16837655629241252] - [0.09786281388662256, 0.017463331040134665, -0.16885099673159487, 0.053524893581254306]
B1: 4.6286524614613734e-08 - -2.5247702199218387e-08 - -2.092213868846348e-08 - 1.503684375191806e-08
B2: -1.0313475061938794e-09 - -1.412469108459075e-09 - 2.1815124425835362e-08 - -4.494396240703898e-09
