Number: 2645
Error: 5.029225600365859e-08
A1: [0.06335944776788754, -0.047946510335321706, -0.023517157078159573, 0.007782854642228065] - [0.04365715746532355, 0.19126547531414045, -0.14256949198502628, -0.09251745515445713] - [-0.123436813409878, 0.4148737763892915, -0.10484330927074252, -0.18705543696017404] - [0.037474466370919925, 0.019641302706226636, -0.03265948101498594, -0.02258034772363571]
A2: [0.06336177895247455, -0.17376670399473845, 0.08624936458879819, 0.02388164633898624] - [0.028919115462861043, 0.19993336235866654, -0.10207996034833694, -0.12823612846931762] - [-0.09304176504974339, 0.5140439555965378, -0.2252390881367632, -0.19474073751989718] - [-0.0253306310406684, 0.019116312365583456, -0.04969508162576757, 0.05755853756535465]
B1: -4.943342240487621e-05 - -9.39945956389035e-06 - -8.095886008443276e-05 - 4.152596729146927e-06
B2: -6.830425280117053e-05 - -0.0005657431396657793 - -6.280153441492827e-05 - -0.00028154439941695275
