Number: 8532
Error: 1.1782685940292946e-15
A1: [0.08043170768152433, -0.18046778775619077, -0.019588834003912984, 0.11962499473249191] - [0.03741564170811513, 0.13359644784268673, -0.13472612460667943, -0.03628576341710645] - [-0.0017027925314421202, 0.22819014298753676, -0.1228283562026356, -0.10365888375017933] - [0.03886324762216354, -0.11448100539632652, -0.046416428211122414, 0.12203424113783176]
A2: [0.03530745754371436, -0.02927346127445542, -0.07569733618142002, 0.06966342290171598] - [0.10289370459789103, 0.28289665480135456, -0.39260644081239865, 0.006815947758962658] - [-0.01118700124827521, 0.5390146900187529, -0.3594509220305798, -0.16837636051679636] - [0.09786281341934731, 0.017463330570701582, -0.16885099717638222, 0.05352489309071531]
B1: -1.7026413581078888e-08 - 6.3648483575003625e-09 - -3.5211327842168e-08 - -2.0252640250855306e-09
B2: 1.1430340253804657e-08 - 2.7605177232909783e-08 - -1.5337356178942842e-08 - 1.100613398877271e-08
