Number: 8211
Error: 8.927468891984455e-16
A1: [0.08043169941621742, -0.18046779602061763, -0.019588842259378538, 0.1196249864680776] - [0.03741559224483323, 0.13359639841681725, -0.13472617397148814, -0.03628581285302864] - [-0.0017028124139077808, 0.2281901231055024, -0.12282837605599434, -0.10365890362734695] - [0.03886324238617582, -0.11448101061771215, -0.046416433443817455, 0.12203423590502471]
A2: [0.03530732976739297, -0.029273589404151652, -0.07569745766976538, 0.0696632891702444] - [0.10289371338327284, 0.28289666366126615, -0.3926064323152991, 0.00681595695852509] - [-0.011187059618348032, 0.5390146313005124, -0.35945097727926756, -0.16837642202322398] - [0.09786286695344734, 0.017463384348302267, -0.16885094621530525, 0.05352494928401244]
B1: -2.940859469276574e-08 - 3.9866903671292596e-09 - 9.792647072755154e-09 - -2.3822190145743074e-08
B2: -1.1824743384769556e-08 - -1.1175473252684041e-08 - -6.902406177860047e-09 - -1.2638097311025088e-08
