Number: 9639
Error: 1.1002991280724133e-14
A1: [0.05317261727095317, -0.14800120382300455, -0.02699898026609315, 0.12182788914530193] - [0.005313309533237307, 0.13083628355257765, -0.11360115399661139, -0.022550174237322723] - [-0.01444493028795295, 0.2230911669508882, -0.12704163295048743, -0.08160638687151035] - [0.027145614196684438, -0.10002088393665312, -0.0494253560838579, 0.12229727235579843]
A2: [0.0892538116734861, -0.07291401843487676, -0.12362805579126405, 0.10728572543347445] - [0.1088422684385682, 0.24981472084569736, -0.4048447605824929, 0.046190028807482825] - [0.036636233451270234, 0.4625554193710465, -0.3777171558833691, -0.1214729628617716] - [0.14342689571776598, -0.04460616252898599, -0.2014990838720884, 0.10268033187281574]
B1: 7.475745469849414e-08 - 1.2240239578266442e-07 - 9.408662588633681e-08 - -2.266244762302884e-07
B2: 3.8027807133702653e-07 - 6.026759836785698e-08 - -9.995372361227303e-09 - -3.7915382839994615e-08
