Number: 8993
Error: 0.0007231352862163489
A1: [-0.022557809634557287, -0.25904932404833464, -0.10354144031394891, 0.03672087285902437] - [0.06070837944215053, 0.18669476417614458, -0.0615522918673777, 0.032094091777032915] - [-0.07830521741321247, 0.16158870763335628, -0.16981028666167328, -0.14304370514276188] - [0.03865668982909041, -0.0911674550341457, -0.03374086520394157, 0.13405882885770531]
A2: [0.18864237874070847, 0.08148663722873542, 0.006482504104829971, 0.2514534416737135] - [0.14664411880251838, 0.2876620067905511, -0.37628180265974054, 0.07862659312393736] - [0.12787316453073164, 0.6002622666591357, -0.286282060591093, -0.00016102125101848108] - [0.22268474577340897, 0.0748152515331933, -0.10720529408616045, 0.21129228467754743]
B1: -0.02248345765383701 - 0.00564488091311228 - -0.01738345280216896 - -0.006726220000499604
B2: -0.024341917300985443 - 0.01320932379203231 - 0.06358704996612727 - 0.0019689403360737346
