Number: 9426
Error: 9.897509672163305e-13
A1: [0.05317166348262004, -0.1480021579446358, -0.026999933039264633, 0.12182693488705981] - [0.005310866344560212, 0.13083383789823916, -0.11360359672701136, -0.022552620686603436] - [-0.014439777993308329, 0.22309632098466392, -0.1270364848298301, -0.08160123288427906] - [0.027142317527199245, -0.10002418028292812, -0.049428659457727155, 0.12229396771226311]
A2: [0.08924201523402107, -0.07292578759684962, -0.12363958643067124, 0.10727378367007767] - [0.10885730470897932, 0.24982975977962113, -0.40483002207981156, 0.04620531803904749] - [0.03662811526968906, 0.46254734329351155, -0.3777250763068439, -0.1214811654054202] - [0.14342284091953472, -0.044610202449533856, -0.20150304288998344, 0.10267621659158353]
B1: -2.1792933018603053e-06 - -1.839332122520023e-07 - 7.288828236473047e-07 - 1.2298948976197197e-06
B2: 2.500239177074686e-07 - 4.4396527470706375e-08 - 1.649337539284947e-07 - 9.596721300378029e-07
