Number: 8751
Error: 1.1131764971121276e-09
A1: [0.08044859086356586, -0.18045090656400256, -0.019571971193937925, 0.11964187591329283] - [0.037416822472692665, 0.13359762763750951, -0.1347249462597303, -0.03628458335536793] - [-0.0016804482398951528, 0.2282124866758976, -0.12280604486220738, -0.10363654550144173] - [0.03888513673534944, -0.11445917782608922, -0.04639455327696575, 0.12205611655990023]
A2: [0.03527741431285081, -0.029303587570522344, -0.07572590105228781, 0.06963197944596464] - [0.10288810872832327, 0.2828910114970678, -0.3926118530559554, 0.00681008806588437] - [-0.01118716083720357, 0.5390145294655986, -0.35945107311922014, -0.16837652870991912] - [0.0978423635727964, 0.01744278772896461, -0.16887046421208235, 0.053503427432954484]
B1: 2.9072894532366693e-06 - -3.539247651467731e-06 - -6.070380828778182e-06 - 6.044641326626074e-07
B2: 3.005162812941315e-05 - 4.253170454530724e-05 - 2.4919966685018576e-05 - 2.6399643351352595e-05
