Number: 9272
Error: 1.708872783776969e-09
A1: [0.05360561189746429, -0.14756808830315105, -0.026566430344670808, 0.12226111898516819] - [0.005619286669055124, 0.13114259362620823, -0.11329528732342956, -0.022243764809719353] - [-0.013955693291295191, 0.22358057680397123, -0.12655272746076893, -0.08111694096033317] - [0.02749163357657937, -0.09967490187194328, -0.049078543389919335, 0.12264427759620745]
A2: [0.08933675192236375, -0.07283113355619329, -0.12354700207268696, 0.10736975355926975] - [0.10885736163512844, 0.24982983799594188, -0.40483001716415107, 0.04620545416040916] - [0.03662231752474288, 0.46254168560686215, -0.3777307318669823, -0.12148697762648653] - [0.14370011640499372, -0.044333929759007795, -0.20123225736868364, 0.10295754901935805]
B1: -2.501013461768133e-05 - 2.9619535134430785e-05 - 6.441076859622063e-05 - -2.4742036618526816e-05
B2: -1.7508289583681544e-05 - 8.981127089481104e-05 - -3.481436090751251e-05 - -6.639271904189223e-05
