Number: 2751
Error: 2.3851586037508844e-08
A1: [0.0637428637867168, -0.047565243609914244, -0.023138379558103675, 0.008161370110309952] - [0.043778584641248404, 0.19138339550435696, -0.14244424748217752, -0.09238381135997352] - [-0.12229866866927908, 0.4160048765068997, -0.10370605190921656, -0.18592386409147216] - [0.03669408144575495, 0.01885775444934664, -0.03344088168366482, -0.023358872788738553]
A2: [0.06320781698942012, -0.17391763586527523, 0.08609340663178255, 0.02372887518733624] - [0.02937423102915941, 0.20038172156522438, -0.1016262497003749, -0.12779052647562117] - [-0.0932441450265579, 0.5138449344813213, -0.22543995113810575, -0.1949374774687826] - [-0.025797912574049488, 0.018649698591139005, -0.05015945916599883, 0.05710299990104945]
B1: -0.00012514803213362158 - -5.052666937287771e-05 - -7.404633194523356e-05 - 1.747531936448358e-05
B2: 0.00020481466907414715 - 0.00014750953716025756 - -0.0003339454445893703 - 0.00012233595421175196
