Number: 1202
Error: 2.637845034146517e-08
A1: [-0.006752818910671913, -0.014550663524551016, 0.003445081397845752, 0.01989640890723883] - [0.06698252601312878, 0.19003501674749648, -0.1465742483440991, -0.10968851066192574] - [-0.11204825720327737, 0.4423167499330269, -0.07022609512102382, -0.2575225950965233] - [-0.024225832956393367, 0.014506168341434625, -0.030802102912897696, 0.03800257856433281]
A2: [0.13299938449622453, -0.22323570364135784, 0.02405690073982451, 0.07154287365806777] - [0.032820707636901515, 0.2039214483368405, -0.11471464324468823, -0.12128766528910948] - [-0.09324063274463344, 0.5568970947435796, -0.23384809541028523, -0.22428065249115672] - [-0.018747311496564775, -0.01722868385306392, 0.010181974541878943, 0.0341826128444293]
B1: 0.00020285421035932426 - -0.00013735547604191257 - -0.00020923109823767314 - -3.146097400633938e-05
B2: 0.0003160000378405945 - -0.00013572468679044563 - -5.194861746592042e-05 - 0.0002559782051655296
