Number: 8591
Error: 1.002054885266896e-15
A1: [0.08043173133782071, -0.180467764102569, -0.019588810375898748, 0.11962501838609124] - [0.03741561036228368, 0.13359641652057705, -0.13472615589005124, -0.03628579474557458] - [-0.0017027496145972786, 0.22819018590347534, -0.12282831334862866, -0.10365884084478195] - [0.03886328242338176, -0.11448097069277013, -0.046416393432084556, 0.12203427591742123]
A2: [0.03530749991957686, -0.029273418781398816, -0.07569729589088071, 0.0696634672525201] - [0.10289367902637131, 0.28289662901281865, -0.3926064655448772, 0.006815920981890807] - [-0.01118713433679018, 0.5390145561364569, -0.3594510480020954, -0.16837650075642835] - [0.09786281604461286, 0.01746333320790642, -0.16885099467729495, 0.05352489584637377]
B1: 3.4524196760230734e-09 - -3.3313351327978984e-08 - -6.507579973736142e-09 - -2.742489756946103e-08
B2: -2.066021889069588e-09 - -2.8236991163166634e-08 - 1.8818509866275822e-08 - -1.308376319249995e-09
