Number: 7406
Error: 1.3869737735887776e-15
A1: [0.08043167994978132, -0.1804678154848191, -0.019588861702484393, 0.11962496700390397] - [0.037415578009070596, 0.1335963841917819, -0.13472618817902668, -0.03628582708099051] - [-0.0017028148351508267, 0.22819012068431724, -0.12282837847368663, -0.10365890604793815] - [0.03886322689875834, -0.11448102606165539, -0.046416448921349836, 0.122034220427247]
A2: [0.03530755434523998, -0.029273364205213957, -0.0756972441437774, 0.06966352421505863] - [0.10289369531324163, 0.28289664543786786, -0.39260644979239817, 0.006815938036557647] - [-0.011187229924415534, 0.5390144599787048, -0.35945113847781607, -0.16837660148049827] - [0.09786275499806323, 0.01746327188371806, -0.16885105278972468, 0.053524831767473774]
B1: 5.4085959334730284e-08 - -7.178369784382726e-09 - -3.127747786808818e-08 - -5.902185512151068e-09
B2: -1.7948802157874016e-09 - -4.028739837125293e-09 - 6.022312211589748e-09 - -1.479957099437452e-09
