Number: 2979
Error: 4.5601440944097054e-08
A1: [0.06340542551526451, -0.04789982665643959, -0.023471666467556527, 0.00782536814122879] - [0.04402742861730845, 0.19162434206567103, -0.1421871302303882, -0.0921081713567984] - [-0.12267038436780038, 0.41563899757638784, -0.10407696736075889, -0.1862918179427073] - [0.038627389312932844, 0.02079758055242322, -0.0315093006081464, -0.02143489966947415]
A2: [0.06352452010199311, -0.17360448696102213, 0.08640924127704552, 0.024039970337992503] - [0.029413307548959898, 0.20042023083365773, -0.1015875659511208, -0.12775257487552666] - [-0.0931772648377771, 0.5139101986685888, -0.22537094647029024, -0.1948706622399105] - [-0.02614808974548053, 0.01829828800789944, -0.05051033713451071, 0.05676229220905055]
B1: 4.01092004696793e-06 - 0.0002189234827260897 - -2.4480833238168685e-06 - 0.00013074238745093816
B2: 0.0004138626062959869 - 0.0004979436531572864 - 0.0002940787161204811 - -9.216961205015797e-05
