Number: 994
Error: 0.0037448054913042927
A1: [0.049038365383390535, 0.04965531646583739, 0.08146357283641274, 0.07525265140371828] - [0.046510397320374555, 0.1709409999786541, -0.16549408968964943, -0.13130935180293685] - [-0.04852687330497708, 0.4705157729000081, -0.006623652466364469, -0.21474454457282233] - [0.04691989765931356, 0.03203635163396427, 0.04242191709895018, 0.08103713539116765]
A2: [0.1701258133872285, -0.16420381758375482, 0.0200085789160305, 0.009131780410215902] - [0.037349799718037285, 0.2084015289975157, -0.11483446048813958, -0.12349198272510675] - [-0.04556213113991797, 0.6168171322158292, -0.1921095078684909, -0.21779586685963845] - [0.034004963624831346, 0.031017566758578342, 0.040777694728043934, 0.04512632110441846]
B1: 0.025951355432237717 - 0.04144005149776973 - 0.009448816951454123 - 0.008729913127664314
B2: -0.021132911713325698 - -0.037912025144170705 - -0.03476542134651511 - -0.037770260997071786
