Number: 2638
Error: 4.388559015925249e-08
A1: [0.06381385233374229, -0.04749296547415136, -0.023066229608932357, 0.008234806082413842] - [0.0441403338930159, 0.1917319050565224, -0.14207175249021972, -0.09198572691401007] - [-0.1228138937027726, 0.41549601321656815, -0.10421681161109714, -0.1864307762603723] - [0.03792258824261867, 0.02009116822199057, -0.03221101198894017, -0.022133450484488847]
A2: [0.06300016759466097, -0.17412757561475478, 0.08588904330482569, 0.023524394498035877] - [0.02909219838536698, 0.20010393727433498, -0.10190751236238528, -0.12806677121163534] - [-0.09418518906314066, 0.5129214635789329, -0.22638509369955664, -0.19584881600412055] - [-0.026890832309217922, 0.017565029516282617, -0.0512569669442021, 0.056038388097595794]
B1: -0.00017043704139316205 - 0.000133871918800424 - -0.00016324354491742453 - -0.00015316920865585763
B2: -0.000169729740061573 - -4.860716802139052e-06 - -0.0001632573765301173 - -0.0003298231090604792
