Number: 7919
Error: 1.1190332226502297e-15
A1: [0.08043170317282256, -0.18046779226441567, -0.01958883850721023, 0.11962499022429234] - [0.037415577906477406, 0.1335963840892616, -0.13472618828138372, -0.03628582718351581] - [-0.0017028276829020401, 0.22819010783683893, -0.12282839130261768, -0.1036589188922564] - [0.03886324067869303, -0.11448101232039949, -0.046416435150191206, 0.12203423419861836]
A2: [0.0353073206525485, -0.029273598544239002, -0.07569746633599692, 0.06966327963051526] - [0.10289363751625714, 0.2828965871503773, -0.3926065056929254, 0.0068158775147395155] - [-0.01118709864219998, 0.539014592043939, -0.359451014216263, -0.16837646314393304] - [0.09786273174022635, 0.01746324852009375, -0.1688510749297274, 0.053524807354374364]
B1: -1.3982629467887075e-08 - 4.052972283043802e-09 - 1.4514865991744703e-08 - 5.866000172570711e-09
B2: 2.059557016439271e-08 - -4.9978201003063983e-08 - 2.3321968307468187e-08 - 3.4325671652286252e-09
