Number: 4480
Error: 1.1897122111943484e-15
A1: [0.06621315118764502, -0.11395210952208719, -0.02398398075032682, 0.07172283770668246] - [0.037402608207098995, 0.1881933656894328, -0.14740895063382534, -0.07818701403283142] - [-0.06022911802676838, 0.3289510434056792, -0.12775286182111914, -0.14096807567991435] - [0.039046132522671514, -0.0533227113288037, -0.03741861614189478, 0.05169509487793371]
A2: [-0.009108554715440476, -0.34680316311583853, 0.2494551115679079, 0.10645670198150267] - [0.08003981860090777, 0.036282249253410455, -0.0502501200917755, -0.0660719673934303] - [-0.04245291327120429, 0.23083178754998374, -0.0405313460789173, -0.14784794272655938] - [0.06813492434551968, -0.29346769193897004, 0.14177139847553583, 0.0835620236610296]
B1: 7.804513385836805e-09 - -8.885435551345031e-09 - -4.529443559957533e-08 - 4.8764097754125986e-08
B2: 1.7510355299338426e-08 - 7.320610723010813e-09 - -3.47745622667402e-08 - 1.6198496982635497e-08
