Number: 7382
Error: 1.1102426373552107e-15
A1: [0.08043169381614129, -0.180467801620029, -0.01958884785270333, 0.11962498086868074] - [0.037415539018785866, 0.1335963452310082, -0.13472622709162088, -0.03628586604967585] - [-0.0017028126452032254, 0.2281901228742185, -0.12282837628694464, -0.10365890385857472] - [0.03886318820581373, -0.11448106464601189, -0.046416487589636415, 0.12203418175835205]
A2: [0.03530746108430429, -0.02927345772409039, -0.07569733281513763, 0.0696634266074318] - [0.10289378885939748, 0.28289673977794955, -0.39260635931575383, 0.006816035993011982] - [-0.01118703285964196, 0.5390146582188653, -0.3594509519516114, -0.16837639382659295] - [0.09786283941490961, 0.017463356684540538, -0.16885097243030822, 0.05352492037763071]
B1: -1.4220630923281245e-08 - 8.46707704721946e-13 - 2.1757199355276935e-09 - 2.079786336159341e-09
B2: 1.5418357204102095e-08 - -2.672853446005474e-08 - 1.8381147476267854e-08 - -2.0628732138826797e-08
