Number: 7870
Error: 8.546938767170352e-16
A1: [0.08043168288666999, -0.18046781254826902, -0.019588858769100468, 0.11962496994045967] - [0.03741561633655973, 0.13359642249024828, -0.1347261499279053, -0.03628578877473645] - [-0.0017028192866215494, 0.22819011623293975, -0.12282838291863198, -0.10365891049821742] - [0.03886323143266929, -0.11448102154047575, -0.046416444390322865, 0.12203422495834133]
A2: [0.03530736543927184, -0.029273553633651077, -0.07569742375329905, 0.0696633265046201] - [0.10289369746391973, 0.28289664760681305, -0.3926064477122943, 0.006815940288647405] - [-0.011187093201211386, 0.5390145975173903, -0.3594510090662367, -0.1683764574105812] - [0.09786277658018006, 0.017463293564007287, -0.16885103224494105, 0.05352485442167005]
B1: -1.4283016813820006e-08 - -9.004990213658152e-09 - 1.80592756173696e-08 - 1.4308975478476803e-10
B2: -1.0126882009925668e-08 - 4.300287094353508e-09 - -4.011981301274385e-09 - -9.336085342244753e-09
