Number: 1381
Error: 2.134145236233173e-10
A1: [-0.0071968580628957975, -0.015003138874643596, 0.0029874753306505008, 0.019445213414492107] - [0.06683919704200225, 0.18989641223678527, -0.14672226310043512, -0.109848466479079] - [-0.11263050843034603, 0.4417410729981414, -0.07083652254965948, -0.2581487179710924] - [-0.023548884007957464, 0.015167710911910109, -0.03011801245723926, 0.03872203459229768]
A2: [0.13158848784742544, -0.22462623190392086, 0.02266894145330056, 0.07016277937497017] - [0.032517785829220346, 0.2036228490402912, -0.11501622386456752, -0.12158312288004951] - [-0.09465333863356622, 0.5555097921658902, -0.2352323659620747, -0.22566526615177254] - [-0.020918476844811892, -0.019365679293914247, 0.008027679645715472, 0.03209412306539404]
B1: -3.857323511393619e-05 - 4.3044414362124456e-05 - 4.185107297423877e-06 - -4.3687987665886776e-05
B2: 4.929788495826059e-06 - -4.425848460546418e-05 - -5.749211309200984e-06 - -9.397197667683015e-06
