Number: 1054
Error: 1.7999334127431416e-05
A1: [-8.209529567781114e-05, -0.008970601642352126, 0.012859252152257875, 0.024699643867037435] - [0.07874048757065731, 0.20124983354567855, -0.1347275254149914, -0.09667984633452023] - [-0.09479368167686955, 0.453875276106059, -0.06347399441228577, -0.24636648949831355] - [-0.0019423489236621294, 0.036611069997978016, 0.005679970226282836, 0.06290849119323556]
A2: [0.15843493916390913, -0.19586788477703293, 0.04389226768352782, 0.09654914065812792] - [0.024857803036864152, 0.19622586537034836, -0.12215868801529835, -0.12965220921816306] - [-0.12257141555753596, 0.5315775543397293, -0.252080104804697, -0.26295661948217597] - [-0.007415841230443014, -0.006657418346469017, 0.021932364381649517, 0.04369161486465886]
B1: -0.0057622448635115415 - 0.009408778253943983 - 0.0014681031117368347 - -0.004354374201499502
B2: 0.0013535829900965192 - -0.0021945996206364352 - 0.015301313036104474 - -0.006563810517085638
