Number: 7503
Error: 8.749648216986467e-16
A1: [0.08043170394966016, -0.18046779148766198, -0.019588837731305535, 0.11962499100103814] - [0.03741561077561811, 0.1335964169335261, -0.1347261554777706, -0.036285794332597356] - [-0.0017028033642135722, 0.22819013215501074, -0.1228283670195422, -0.10365889458006146] - [0.03886324705841619, -0.11448100595857653, -0.04641642877454138, 0.1220342405743718]
A2: [0.03530742077526743, -0.02927349814461726, -0.07569737114047302, 0.06966338441966735] - [0.10289374127319428, 0.28289669178788435, -0.3926064053405189, 0.006815986163324412] - [-0.011187080943822024, 0.5390146098478933, -0.35945099746435816, -0.16837644449453665] - [0.09786281032035188, 0.01746332745764626, -0.16885100012645513, 0.05352488983783319]
B1: -5.494746386135307e-09 - 1.128798040459314e-08 - 6.842766331941832e-09 - 6.263416755946377e-09
B2: 6.133818627876681e-09 - 1.361781508549555e-09 - 1.049993437375338e-08 - 6.09795646616709e-09
