Number: 4860
Error: 1.3261773822688015e-15
A1: [0.0662131785763266, -0.11395208274542186, -0.02398395338312336, 0.07172286504939378] - [0.0374025828581622, 0.18819334147025713, -0.14740897555377228, -0.07818703895498615] - [-0.06022953168779461, 0.3289506461069199, -0.12775326660545475, -0.14096847828698159] - [0.03904629340891671, -0.05332255862149814, -0.037418460489684106, 0.051695249266230064]
A2: [-0.009108507169352142, -0.34680311267698255, 0.2494551594986264, 0.1064567518309303] - [0.08003992222286772, 0.03628236088388974, -0.05025000683888598, -0.06607185317894497] - [-0.04245273820047341, 0.23083198076866163, -0.04053115846625221, -0.14784774910525694] - [0.06813495426418124, -0.29346765899750216, 0.14177143090985136, 0.0835620572050339]
B1: -3.615510673180619e-08 - 1.3141654553077718e-08 - -2.0154749257415053e-08 - 2.4253450803257272e-08
B2: -4.166972930494046e-08 - -1.5746126617238945e-08 - -3.790107886167657e-09 - 3.941455476180772e-08
