Number: 7179
Error: 9.455623796779352e-16
A1: [0.08043170677828212, -0.18046778865935353, -0.019588834906058283, 0.11962499382934115] - [0.037415609886858874, 0.13359641604544323, -0.1347261563647587, -0.03628579522086185] - [-0.0017028256144956727, 0.22819010990521252, -0.12282838923723306, -0.10365891682440108] - [0.038863257000066986, -0.11448099604481995, -0.04641641883922179, 0.12203425050984759]
A2: [0.03530753496957299, -0.02927338363447857, -0.0756972625659425, 0.06966350393635211] - [0.1028937240887608, 0.2828966744575999, -0.3926064219610824, 0.0068159681687091425] - [-0.011187190609569013, 0.5390144995280394, -0.359451101265407, -0.1683765600531338] - [0.09786280256859162, 0.017463319670622028, -0.16885100750563128, 0.053524881701008414]
B1: 4.0847828410649396e-08 - -2.0068365674467215e-08 - -2.393683744393991e-08 - 7.691266247182119e-09
B2: 4.631120129634768e-09 - 4.29993111087137e-09 - -9.404302788779912e-09 - 9.079484939878293e-09
