Number: 8947
Error: 0.011298907598592093
A1: [0.06101907609194342, -0.20303174135292348, -0.03745583893232154, 0.10656359517969355] - [0.02662971411760935, 0.12957826398819935, -0.1225492154695863, -0.023701710985020937] - [0.02656011165861028, 0.25393824770596535, -0.0997609505878819, -0.0768368473623188] - [-0.002527185514078038, -0.16699924117119833, -0.0967284698453287, 0.0751913440244445]
A2: [0.1369034207435011, 0.08460090862488175, 0.007870009325423102, 0.18785020567015787] - [0.12223303881231237, 0.2987426857287414, -0.38114673904073204, 0.043649169094825566] - [0.07336025322842243, 0.6013785327377338, -0.2754949755712942, -0.06458484328586357] - [0.15086888828211714, 0.0535936102018882, -0.11625657029999689, 0.12828503478259973]
B1: -0.05184071692512111 - -0.03365021164063574 - -0.02691184642339879 - -0.019244177754945094
B2: 0.09723872618932498 - 0.10870782671387832 - 0.09303471460605693 - 0.11751806178796054
