Number: 9788
Error: 1.2079758252000842e-15
A1: [0.053172474205975456, -0.1480013469380092, -0.02699912317133407, 0.12182774601114374] - [0.005313819123380059, 0.1308367936791361, -0.11360064448092759, -0.022549663929729243] - [-0.014444517387176097, 0.22309158000398868, -0.12704122037513854, -0.08160597382411522] - [0.02714651661092978, -0.10001998152309663, -0.049424451765131376, 0.12229817706256683]
A2: [0.08925446763046903, -0.07291336399434063, -0.1236274146134065, 0.1072863894780814] - [0.10884163694070514, 0.24981408923678863, -0.4048453795721174, 0.046189386684317935] - [0.036635798305149916, 0.46255498648853466, -0.3777175804343426, -0.12147340252187622] - [0.14342653556487892, -0.04460652133857542, -0.20149943552827884, 0.10267996637735816]
B1: 7.818410946756164e-08 - -1.330265313136508e-08 - -4.2681628536290776e-08 - -1.77683404389243e-08
B2: -6.482151376628685e-10 - 3.409433233325565e-09 - -5.100918913881972e-08 - 5.147557736141426e-08
