Number: 7805
Error: 1.0137154263033574e-15
A1: [0.08043168376789982, -0.18046781166713613, -0.019588857888922215, 0.11962497082159032] - [0.037415563209083465, 0.13359636940298952, -0.13472620294951146, -0.03628584187277527] - [-0.0017028390261599623, 0.2281900964938248, -0.1228284026292686, -0.10365893023248737] - [0.03886323437324531, -0.1144810186081486, -0.04641644145161647, 0.12203422789709226]
A2: [0.03530742507730957, -0.029273493830668, -0.07569736705014088, 0.06966338892222033] - [0.10289377761704521, 0.2828967284401975, -0.39260637018919375, 0.006816024220612099] - [-0.011187005512627314, 0.5390146857289888, -0.3594509260669808, -0.16837636501017375] - [0.09786285185064224, 0.017463369176841714, -0.16885096059225183, 0.05352493343105965]
B1: 1.4438949345647462e-08 - -1.722521577377823e-08 - 1.9201484460428095e-08 - 1.4514407945568704e-08
B2: 2.5239970420353527e-08 - -3.504401400369691e-08 - 2.250198031775719e-08 - 2.1291244404822215e-08
