Number: 403
Error: 1.620228740159423e-11
A1: [-0.012191780798040662, -0.014556595263642117, 0.018044855611390662, 0.008542077967894383] - [0.06582647247834421, 0.18948683140286643, -0.1453316303702621, -0.11001831752293897] - [-0.0963124620023455, 0.4217673529724202, -0.05347837002810799, -0.2720583217899448] - [-0.0013515099221189507, -0.018248104260870816, -0.003867053145504583, 0.0233420578835243]
A2: [0.16156170967960662, -0.16777931495383264, 0.008476826590456763, -0.002357452183937218] - [0.03548477591439095, 0.20751578936999837, -0.11721136794939634, -0.12579295673545682] - [-0.08623073702296251, 0.5815212808935775, -0.2354054565809669, -0.2599523347567078] - [-0.0038425692745623586, -0.004526765226805437, 0.0011027330856076966, 0.0072361198491839316]
B1: 2.038258288576836e-06 - -1.9570938418194515e-05 - 3.8320859583596275e-06 - -5.095957640658749e-06
B2: 3.9474098470082174e-07 - -4.082580373022598e-06 - -3.0584466423876266e-06 - -2.890663076002833e-06
