Number: 9038
Error: 9.168279415965535e-05
A1: [0.11440838343901785, -0.11090958819211265, 0.03148755380401477, 0.17618745023470847] - [0.02141830010268267, 0.1404257237159306, -0.10062527517093024, -0.009667739014569153] - [0.003119579031296081, 0.24886526191875546, -0.09339346301061532, -0.05715217762202503] - [0.04681216695841306, -0.08404581277501534, -0.025988432816551423, 0.14133264438151377]
A2: [0.08456871686073396, -0.06559026131654314, -0.10928153316288125, 0.11708466633293975] - [0.22472318698144372, 0.3456551677583818, -0.30984710476726807, 0.14481383405529907] - [0.053983049561548715, 0.4869949131456139, -0.3678192314972454, -0.10160830828838913] - [0.1773015506785331, -0.007660264619341394, -0.16890201164487462, 0.14035395823313176]
B1: -0.02019755967381994 - -0.0028399708852361785 - 0.0017750687240908457 - -0.017762865435773066
B2: 0.0005277062202524564 - -0.004916203089192465 - -0.014310728415292908 - -0.008213419143865149
