Number: 1718
Error: 5.362118284242346e-08
A1: [-0.0064878507676230796, -0.014299265618947711, 0.003724866210620796, 0.020158447929696708] - [0.06647596760213885, 0.18954727353388168, -0.14709826191720368, -0.11025314328788771] - [-0.11372890763932683, 0.44064119856457845, -0.07198985295580351, -0.2593449675113654] - [-0.02462718078628621, 0.01408941217198394, -0.031220091637379137, 0.03757288235091054]
A2: [0.13205720192449835, -0.22414181103838382, 0.02313703347304107, 0.07061877475327488] - [0.03346040881830895, 0.20455131477763122, -0.11407735481988346, -0.1206569821352613] - [-0.09524753489454746, 0.5549486805394537, -0.23580612366840362, -0.2262505578322369] - [-0.019873140221483756, -0.018319524552060883, 0.009069780696766928, 0.03309694819790832]
B1: -3.5662199206491036e-05 - 0.0003115120841233936 - 0.0002604095422129233 - -0.00020152411003676005
B2: 0.0003283956230642189 - -0.00019566097954837046 - -0.00031741191787564065 - -1.5906768283672676e-06
