Number: 1681
Error: 1.189630196888953e-07
A1: [-0.006992656178835505, -0.014801482196299605, 0.0032007767316020344, 0.019643304684128324] - [0.0674963428410764, 0.19052841234376647, -0.1460439348163832, -0.109117656191184] - [-0.10998779549446352, 0.444317903156373, -0.06808914529088732, -0.25529587509725477] - [-0.023289434078965054, 0.01541319161200887, -0.029852116985085986, 0.03898585935832557]
A2: [0.13218567336410078, -0.22403645697979124, 0.023250298243924782, 0.07073793076113116] - [0.03284105658551433, 0.20394101336368078, -0.11469484941187957, -0.12126572440272326] - [-0.09451757780397699, 0.5556497458419923, -0.23509556618818653, -0.2255373860969457] - [-0.020561008580792104, -0.019018960427382665, 0.008376897991003782, 0.03243026618111493]
B1: -0.0003420292503063911 - -2.8449504204733356e-06 - -0.00032196333085719996 - -0.0003161517516015554
B2: -0.000374430355471224 - 0.000495920718168031 - -0.000779514351840463 - -0.00023792172221177014
