Number: 4685
Error: 1.064741805081498e-15
A1: [0.06621316679630306, -0.11395209426221892, -0.023983965153922874, 0.07172285328912203] - [0.03740258012261678, 0.1881933388566226, -0.1474089782430321, -0.07818704164448359] - [-0.06022930678753061, 0.328950862111319, -0.1277530465312928, -0.1409682593964671] - [0.03904611233484251, -0.05332273049037241, -0.037418635672972746, 0.05169507550539283]
A2: [-0.00910853692049951, -0.3468031442382407, 0.24945512950668083, 0.10645672063841989] - [0.08003990420226886, 0.03628234147055459, -0.050250026534378545, -0.06607187304166409] - [-0.042452788448404256, 0.2308319253120414, -0.040531212313884964, -0.14784780467741643] - [0.06813474153452367, -0.2934678932216829, 0.14177120029067097, 0.08356181869633159]
B1: -1.955939121135898e-08 - 7.317544062881057e-08 - -2.283354183740386e-08 - -4.394955919511468e-08
B2: -1.613665000325417e-08 - -7.547775045981723e-09 - 5.837069385624961e-08 - -2.2344346377298534e-08
