Number: 70
Error: 0.000614303224541792
A1: [0.02182367805679759, 0.02173598526044153, 0.05680326347821302, 0.0444231284052222] - [0.11782142350777348, 0.24437173584975613, -0.09560772475563947, -0.06606439241712435] - [-0.08429013158195729, 0.4373417159985855, -0.04010968943418543, -0.25859292685900265] - [0.01687473568822892, 0.004527594906261783, 0.015781972688668336, 0.04131014085257942]
A2: [0.2942223409191752, -0.03852779541068256, 0.1374490726910922, 0.1258857223402833] - [0.12232495976771329, 0.29005816537485857, -0.035955041942232244, -0.04561856290477377] - [0.051003925651424274, 0.7173981060259077, -0.10213457470013892, -0.1265686052122959] - [0.29403016497595347, 0.29217897138341453, 0.29701015347665816, 0.2927955902129073]
B1: 0.032198756435865776 - 0.38973811802967173 - -0.00368510560125586 - -0.019078275657931597
B2: 0.0007950333493175407 - 0.3824852304093243 - -0.0017060605045341806 - 0.005098073469295616
