Number: 3876
Error: 9.086151596628565e-16
A1: [0.06621314731557193, -0.11395211330760088, -0.023983984619344853, 0.07172283384111813] - [0.03740255649686633, 0.18819331628382271, -0.1474090014689604, -0.07818706487244549] - [-0.06022942629833814, 0.3289507473278199, -0.12775316347749385, -0.14096837571389453] - [0.03904608694116932, -0.0533227545930839, -0.037418660240496934, 0.05169505113738398]
A2: [-0.009108582012253185, -0.3468031920734949, 0.2494550840502928, 0.10645667336231239] - [0.0800398316594946, 0.03628226332122313, -0.050250105819500575, -0.06607195299999853] - [-0.04245287709379371, 0.230831827477477, -0.04053130730990302, -0.14784790271593523] - [0.068134708294707, -0.293467929820239, 0.1417711642557315, 0.08356178142824684]
B1: -1.622946852665101e-08 - -2.4683586625083652e-08 - 6.593008672122282e-09 - 2.4291869357020144e-08
B2: 1.7198199816956682e-09 - -6.871731285006756e-09 - -5.985227493726743e-08 - 4.9262292421198934e-08
