Number: 454
Error: 1.0353271593948124e-12
A1: [-0.012161337814516076, -0.014525329299131752, 0.018078503016536025, 0.008574608360042731] - [0.06582991623962645, 0.18949014407503253, -0.14532806982143687, -0.11001448313685623] - [-0.09630175630956343, 0.42177769881297345, -0.05346675438762499, -0.27204584940754944] - [-0.0013309304355790341, -0.01822831384162859, -0.003845148662634841, 0.023365843968893588]
A2: [0.16158658351423877, -0.16775490803251109, 0.008501199489749929, -0.0023332031874944144] - [0.035486132507020464, 0.20751712419254406, -0.1172100169416779, -0.12579162945531325] - [-0.08621102765346059, 0.581540587232782, -0.23538627743384344, -0.2599331136575726] - [-0.0038332471482836264, -0.004517598223498839, 0.0011119594793517812, 0.007245038552572683]
B1: -1.3624837767179971e-06 - -4.452289971785439e-07 - -3.2042497830534586e-07 - -4.696989675857867e-08
B2: 3.7917224784606547e-06 - -5.468508803471486e-06 - 5.28736045072974e-07 - 9.612926350507863e-07
