Number: 6663
Error: 9.395025445407839e-16
A1: [0.08043167504508311, -0.18046782038895817, -0.019588866601313773, 0.11962496209976718] - [0.03741558407704119, 0.13359639025515918, -0.13472618212315143, -0.0362858210163823] - [-0.0017028646550778033, 0.22819007086545587, -0.12282842822066631, -0.1036589558545711] - [0.038863236385468146, -0.11448101660156282, -0.04641643944067795, 0.12203422990806487]
A2: [0.035307427143041435, -0.029273491759242626, -0.07569736508605385, 0.06966339108421915] - [0.10289377939507123, 0.2828967302332959, -0.39260636846954766, 0.006816026082493398] - [-0.011187226414141768, 0.5390144635099123, -0.3594511351551659, -0.16837659778170752] - [0.09786275323559535, 0.017463270113227167, -0.16885105446743948, 0.05352482991741261]
B1: 3.6949604326805936e-09 - 2.7314280195095e-08 - -3.5945812758970614e-08 - -1.1011244382484917e-08
B2: -3.907550605412664e-09 - 4.016842109948081e-09 - -2.5324791317985313e-08 - 5.386939170451633e-09
