Number: 4597
Error: 9.349466675679465e-16
A1: [0.06621316312486245, -0.11395209785162767, -0.023983968822484616, 0.07172284962384298] - [0.0374025284494763, 0.1881932894864261, -0.14740902904169587, -0.07818709244764728] - [-0.060229460422151014, 0.3289507145537237, -0.1277531968690943, -0.14096840892568993] - [0.039046069467554165, -0.05332277117838494, -0.037418677145640504, 0.051695034369470774]
A2: [-0.009108462693392362, -0.3468030654949287, 0.24945520433447185, 0.1064567984614926] - [0.08003984984428245, 0.03628228291146488, -0.05025008594453434, -0.06607193295627958] - [-0.04245271561467987, 0.23083200569577175, -0.04053113426242302, -0.14784772412614924] - [0.06813467720727168, -0.29346796404870074, 0.14177113055384055, 0.08356174657372706]
B1: -2.231618847008984e-08 - -1.0186803989126523e-08 - 2.1491995732642286e-08 - -5.367550241048888e-08
B2: 7.4061195351422905e-09 - -2.978180342007028e-08 - -3.835821977233734e-08 - -1.1208577528727834e-08
