Number: 4166
Error: 1.0052723524278664e-15
A1: [0.06621319128238787, -0.11395207032330534, -0.023983940687029096, 0.07172287773414955] - [0.03740262482619303, 0.188193381567854, -0.14740893429598692, -0.07818699769353533] - [-0.06022944542461711, 0.3289507289580693, -0.12775318219333673, -0.14096839432906424] - [0.03904606651267097, -0.05332277398305759, -0.037418680004392225, 0.05169503153395579]
A2: [-0.009108598969094434, -0.3468032100620535, 0.249455066956242, 0.10645665558400819] - [0.08003982128270064, 0.036282252142439866, -0.05025011716075495, -0.06607196443754378] - [-0.042452766983547156, 0.23083194900201354, -0.04053118931139102, -0.14784778093811687] - [0.0681347448422181, -0.29346788957979186, 0.1417712038767694, 0.08356182240482721]
B1: -3.576560346658686e-08 - -2.706310375247933e-09 - 1.9713302763698434e-08 - -1.071452581245226e-08
B2: 7.57508337867502e-09 - 1.708087257690804e-08 - -1.4957592011322974e-08 - -3.7860631611879775e-08
