Number: 1654
Error: 1.3391904859632246e-08
A1: [-0.007583856175262956, -0.015395101673716794, 0.0025849222397135757, 0.01903810718082577] - [0.0673969917144478, 0.19043303462660843, -0.14614694495542765, -0.10922736948535733] - [-0.1112892839391389, 0.4430468679177855, -0.06944082988241436, -0.25671128719328173] - [-0.02401845785288917, 0.014702817391898288, -0.030598326686415787, 0.03822156172429111]
A2: [0.1315782651360282, -0.22463794551719732, 0.02264825289513907, 0.07014693842210064] - [0.03291106411847459, 0.20401012222434328, -0.11462418410595497, -0.12119813034293295] - [-0.09471554410299962, 0.5554518205160657, -0.2352992668945594, -0.22572869659014613] - [-0.020688973214696094, -0.019150522694603583, 0.008250549095042041, 0.03230776001675933]
B1: -8.705181478308913e-05 - -0.00021494904198198763 - -9.180233549691387e-05 - 1.542547893586946e-05
B2: 2.540527921054766e-05 - -0.0002404039889915218 - 8.364557835118457e-05 - 0.00010138671966389499
