Number: 2383
Error: 4.872152981824487e-06
A1: [0.05670041142917222, -0.055552001020315496, -0.031211025497006988, 0.0007943791635576974] - [0.036076222175924634, 0.18383454076948713, -0.1507138026499893, -0.10076631455103698] - [-0.12217209575867419, 0.4167618242788868, -0.10300136822466777, -0.18572294001609901] - [0.043770491640524455, 0.02651302882654176, -0.02567607515307087, -0.016167681734998055]
A2: [0.05609319997418832, -0.18080875468297444, 0.07920371818147129, 0.016562327500998897] - [0.03889820105909311, 0.209760634866277, -0.09214269196629389, -0.1184820805428617] - [-0.08142191553982472, 0.5262211090993593, -0.2127781564664334, -0.18270172224998074] - [-0.027870655516312168, 0.016738452053228225, -0.051768838222265336, 0.05506790936792611]
B1: 0.004728191444197545 - -0.0021097070393721637 - -0.0012350662565630921 - 0.004923000608145729
B2: 0.0004002727264749784 - 0.0039014494034512607 - 0.0011022190516159522 - 0.004113501453376013
