Number: 3393
Error: 1.1278509861332564e-07
A1: [0.06613361797260064, -0.11402941501989061, -0.02406386140783396, 0.07164427869576905] - [0.03694621072338782, 0.18775740465123744, -0.14785756252451826, -0.0786353759489842] - [-0.06348667267844063, 0.3258204707519098, -0.1309441133060895, -0.14414785528656082] - [0.038104218694417234, -0.054216134570412085, -0.03833021478886768, 0.050787463180103236]
A2: [-0.011363165491413559, -0.3491933871789619, 0.24719585086306903, 0.10409669843901466] - [0.07977461280603398, 0.03599657621513958, -0.05054010343652869, -0.06636771013191033] - [-0.043076425122081714, 0.23014353876936475, -0.04119827978871998, -0.14854052175144675] - [0.06703558883878374, -0.29467606504505883, 0.14059379360698385, 0.08233521962787639]
B1: -0.00038721955993175565 - -0.00013506074525945915 - 7.393319182112355e-05 - 3.168059244746421e-05
B2: -6.842102209166789e-06 - 0.0001167223999071713 - 0.0004914926895183262 - -0.0004985515537297388
