Number: 3055
Error: 4.6952205563694376e-07
A1: [0.06377709157521576, -0.04753217659706667, -0.02310520190822605, 0.008188234582210399] - [0.043247300738428446, 0.19087057410584427, -0.142987900746926, -0.09296471704582433] - [-0.12293690641592499, 0.4153760966945523, -0.10433823663003268, -0.1865449045111946] - [0.03743670297280184, 0.01959843351149066, -0.03270770146376565, -0.02263678031285604]
A2: [0.0654259273525087, -0.17171100898097558, 0.08830191771919858, 0.025917264334639062] - [0.031123594640423073, 0.2021057025031862, -0.0998837133986503, -0.1260791204552053] - [-0.09280703718223318, 0.5142699530364596, -0.22500242793192896, -0.19451024683016624] - [-0.025677404655954413, 0.018758688216293014, -0.050049881398145125, 0.05722433259263167]
B1: -0.00012299816081682582 - 0.001238570812199781 - 0.000525493136463124 - 0.0007420571113256535
B2: 5.238050123612149e-05 - -0.0001942974874852688 - 6.575991576072613e-05 - 2.2656672716308787e-05
