Number: 6626
Error: 1.4512241857959498e-15
A1: [0.08043168169312309, -0.18046781374167098, -0.019588859961222893, 0.11962496874704787] - [0.037415594998524065, 0.13359640116837548, -0.13472617122342948, -0.03628581010094907] - [-0.001702846586987799, 0.22819008893316212, -0.12282841017903137, -0.10365893779130345] - [0.03886324173379309, -0.11448101126824833, -0.04641643409576057, 0.12203423525306603]
A2: [0.03530746075022144, -0.029273458059109116, -0.07569733313278502, 0.06966342625778785] - [0.10289375050612783, 0.28289670109916804, -0.39260639641055217, 0.006815995831542592] - [-0.011187088086592896, 0.5390146026625311, -0.35945100422517234, -0.16837645202109483] - [0.09786282659751155, 0.017463343808843602, -0.16885098463166223, 0.0535249069235629]
B1: 8.845948987488583e-10 - 6.717580895504124e-09 - 2.2562532991271586e-10 - 3.656357218429986e-10
B2: 2.113656631750684e-09 - 8.212005780068568e-09 - -1.7946471938676402e-08 - 1.176238071619927e-08
