Number: 1468
Error: 2.960792791179135e-09
A1: [-0.00717889499358096, -0.014985162812452837, 0.003006011256504323, 0.01946350746096776] - [0.06672322069453797, 0.189784821684273, -0.14684212298836483, -0.10997751593163153] - [-0.11258022151856001, 0.4417902829773688, -0.0707841335690647, -0.25809427852601385] - [-0.02398952847674013, 0.014734628024369747, -0.03056775135189154, 0.0382570115380547]
A2: [0.13161070007782613, -0.22460421373560696, 0.022690841723513815, 0.07018451050244691] - [0.032676856950580396, 0.20377935630204305, -0.11485780201226549, -0.12142753147462179] - [-0.09478146018727546, 0.5553836611534432, -0.235358527673394, -0.2257913183661029] - [-0.020815201195655903, -0.01926383518463795, 0.008130122080219118, 0.03219313156778278]
B1: 3.2289913039168836e-05 - 1.041222600525259e-05 - 8.941085775070747e-05 - 1.3103153638274242e-05
B2: -2.0211136698925258e-05 - 4.9059386195659706e-05 - -5.4514291524138705e-05 - 6.242914080834152e-05
