Number: 827
Error: 3.6454278960533466e-12
A1: [-0.012151308037385757, -0.014515027756842823, 0.01808958880966184, 0.008585326257355166] - [0.06583969980946415, 0.18949955545712166, -0.14531795447362741, -0.11000359010952013] - [-0.09628942666127438, 0.4217896150369777, -0.05345337544867209, -0.27203148489093065] - [-0.0013354880447943062, -0.018232697053861865, -0.0038500002886855474, 0.02336057619986219]
A2: [0.16158847126592601, -0.1677530557771982, 0.008503049013250942, -0.002331362969545422] - [0.035486810806633524, 0.20751779158411568, -0.11720934149548978, -0.1257909658965428] - [-0.08621217467658845, 0.581539463681713, -0.2353873936257267, -0.25993423209299077] - [-0.0038352103679322774, -0.004519528825531981, 0.001110016279196598, 0.0072431602349832865]
B1: -2.9771602125425332e-06 - -2.203684010342063e-06 - -2.314883764444261e-06 - -1.4714320889393019e-06
B2: -1.687009611318096e-06 - -9.114941841312272e-08 - 3.359901861421421e-07 - -1.470621680830768e-06
