Number: 449
Error: 1.1492084526017573e-12
A1: [-0.012157944801261889, -0.014521844311787855, 0.018082253348184488, 0.008578234205285785] - [0.06583007395581174, 0.18949029579368035, -0.14532790675386545, -0.1100143075394083] - [-0.09629046041432728, 0.42178861614388335, -0.05345449694010533, -0.27203268909696676] - [-0.0013190881600527564, -0.01821692488930319, -0.003832542898322497, 0.023379531698464833]
A2: [0.16158994131630675, -0.16775161346827006, 0.008504489626035255, -0.0023299297641607656] - [0.035485481857766905, 0.20751648399682746, -0.11721066486413986, -0.12579226595902757] - [-0.0862111260619281, 0.5815404908473569, -0.23538637317169447, -0.2599332096082222] - [-0.003830487531882689, -0.004514884475845849, 0.0011146908651472746, 0.007247678794427666]
B1: -6.040371786554714e-07 - 1.4004078114030844e-06 - 2.456546959920146e-07 - 2.8120229638419574e-07
B2: 5.737289866790341e-06 - -7.694776969973866e-06 - 2.280511834696892e-06 - 8.821171764283834e-07
