Number: 2909
Error: 2.3862102357047722e-08
A1: [0.06312401293040694, -0.04818104541686962, -0.023750719665809068, 0.007546899344259771] - [0.043401223259379895, 0.19101899339140863, -0.14283284193295534, -0.09279878850283432] - [-0.12355230660041544, 0.414753074252544, -0.10496787295047143, -0.1871823124637835] - [0.03673252665299221, 0.018894527543394032, -0.033404805302055716, -0.023323498783088436]
A2: [0.06412397641503853, -0.17300818466585136, 0.08700215644325343, 0.024628949686245523] - [0.029403274168310522, 0.20041030094101198, -0.10159725624019496, -0.12776228025630362] - [-0.09264999270988694, 0.514427467071521, -0.22484427653171538, -0.19436185688275243] - [-0.025195986447632917, 0.019247188343139193, -0.04955547071676757, 0.05768949083609279]
B1: 6.760830011428682e-05 - -6.742507274191893e-05 - 0.00013887078511693078 - 2.803027685093214e-05
B2: -9.159848696927998e-05 - -2.1088726789881206e-05 - -9.137250388812197e-05 - -9.220224971748261e-05
