Number: 869
Error: 5.684823342177441e-10
A1: [-0.01220263631887525, -0.014567756989840318, 0.018032847910813412, 0.008530469166212088] - [0.06584062817136366, 0.18950044852190265, -0.14531699412577312, -0.11000255635611703] - [-0.09637466105739759, 0.4217072312827136, -0.05354586842465793, -0.2721307912085585] - [-0.00144233862289993, -0.018335460807473707, -0.003963742140697066, 0.023237073148994387]
A2: [0.16151995926658036, -0.1678202663273751, 0.00843592528155264, -0.002398138159061015] - [0.035482422557826056, 0.20751347458101294, -0.11721371038492913, -0.12579525702546637] - [-0.08628992666074588, 0.5814633114366967, -0.2354630447890127, -0.26001004067185995] - [-0.0038763748953764563, -0.004560003504364097, 0.0010692775727533064, 0.00720378491069159]
B1: 1.4238364778023083e-05 - 3.038619060242475e-05 - 2.3141310675324063e-05 - 1.2109598420835057e-05
B2: -4.313795206827924e-05 - 3.767343887745207e-05 - -1.2611909510219896e-06 - 8.862244373364939e-06
