Number: 6977
Error: 9.055575295153975e-16
A1: [0.08043168747062282, -0.18046780796482476, -0.019588854190628054, 0.11962497452388868] - [0.03741559116550448, 0.1335963973382574, -0.13472617504880993, -0.03628581393184528] - [-0.0017028194322104256, 0.22819011608735754, -0.12282838306401227, -0.10365891064377315] - [0.03886323003059049, -0.11448102293860615, -0.04641644579150752, 0.12203422355713628]
A2: [0.035307453387919886, -0.029273465441772943, -0.07569734013275584, 0.0696634185523317] - [0.10289378095820238, 0.2828967318096958, -0.39260636695770174, 0.006816027719317902] - [-0.01118711908056647, 0.5390145714836787, -0.359451033561632, -0.16837648468055139] - [0.09786281249294855, 0.01746332964012195, -0.16885099805828396, 0.053524892118352874]
B1: 4.396221085230698e-09 - 1.94184271314405e-09 - -5.439116927731489e-09 - 2.8886444583284596e-09
B2: 1.0352855130506186e-09 - -4.761532519445276e-10 - 3.230118698578172e-09 - -1.991455666550102e-09
