Number: 7953
Error: 8.73051659498558e-16
A1: [0.08043169697989133, -0.18046779845664596, -0.019588844692739433, 0.11962498403206753] - [0.03741567330247541, 0.13359647941306527, -0.13472609307544853, -0.03628573184035528] - [-0.0017028031790217969, 0.22819013234019753, -0.12282836683461511, -0.10365889439491542] - [0.03886325315683609, -0.11448099987727378, -0.04641642267999875, 0.12203424666900654]
A2: [0.03530740628978209, -0.029273512670169005, -0.0756973849130985, 0.06966336925904786] - [0.10289380085665747, 0.2828967518770299, -0.39260634771212294, 0.006816048555845045] - [-0.011186971503728198, 0.5390147199407175, -0.35945089387675827, -0.16837632917388265] - [0.09786287103808254, 0.01746338845154335, -0.16885094232701628, 0.05352495357158028]
B1: -1.868359426161414e-08 - 2.2651342586152727e-08 - 3.921779671119208e-08 - 1.4929989058239314e-08
B2: 4.867871765964377e-09 - 3.8520278262862606e-08 - 4.027890124239654e-09 - 1.0677804728536246e-08
