Number: 7146
Error: 9.16086576569665e-16
A1: [0.08043170182272763, -0.18046779361434598, -0.01958883985568576, 0.11962498887435355] - [0.037415609941082964, 0.13359641609962677, -0.13472615631064158, -0.036285795166667155] - [-0.0017027661694927713, 0.22819016934894318, -0.12282832987927371, -0.10365885739526653] - [0.03886323914734831, -0.11448101384743478, -0.046416436680560204, 0.12203423266822698]
A2: [0.03530730432860443, -0.02927361491336489, -0.07569748185649085, 0.0696632625456236] - [0.10289377000172721, 0.28289672076023265, -0.39260637755465705, 0.0068160162462854714] - [-0.011187024979910773, 0.5390146661456021, -0.3594509444932912, -0.16837638552342532] - [0.09786278433761846, 0.01746330135672296, -0.16885102486034115, 0.053524862564426595]
B1: -3.710039231599881e-08 - 1.296713294455604e-08 - 3.55775893610461e-08 - 1.3447241899570732e-09
B2: -7.606290297086938e-09 - -9.05654604810747e-09 - 3.0236114672951064e-08 - -9.715700445700077e-09
