Number: 889
Error: 4.843244758325255e-10
A1: [-0.012271403986958921, -0.014638430032477385, 0.017956828250987007, 0.008456959745665734] - [0.06577323771894536, 0.1894356242812096, -0.14538666961534708, -0.11007758612865123] - [-0.09633341876474817, 0.4217470850763828, -0.05350111801693753, -0.27208273843637754] - [-0.0012994809076346103, -0.01819804251318979, -0.0038116672004302504, 0.023402235910827848]
A2: [0.1614769632781857, -0.167862384802332, 0.008393838201558135, -0.002439959628200272] - [0.035490391260235864, 0.20752132210296145, -0.11720577288620675, -0.1257874594949702] - [-0.08631015605752576, 0.5814435597276002, -0.23548269513884315, -0.26002969611034316] - [-0.0038424548529933968, -0.004526619197011704, 0.0011028621559010328, 0.007236253990684383]
B1: -2.256774914847662e-05 - -1.093468754842452e-05 - -2.0664833167121223e-05 - -1.5032654640476513e-06
B2: 4.476092684838828e-05 - -9.789455114027339e-05 - 4.4368569189504624e-05 - 1.7040370518477884e-05
