Number: 9199
Error: 8.779310832207008e-08
A1: [0.05339190339364301, -0.1477854921457756, -0.026781955898928005, 0.12204525756115181] - [0.007529549427402222, 0.13305890912310978, -0.11138239448058122, -0.02032510120141009] - [-0.014029093000665167, 0.2235090857133981, -0.126626220486644, -0.08118691062226646] - [0.026605947416764895, -0.10056342109572888, -0.049968078525319516, 0.1217555631812282]
A2: [0.08815263089094455, -0.07401077172903468, -0.12469867273688294, 0.10617421151108976] - [0.10796125863878096, 0.24892700923462974, -0.4057111696088877, 0.045295175704904315] - [0.034546343605426195, 0.460469929477815, -0.3797559291290455, -0.12358200111207655] - [0.14289645043063717, -0.04513743747652797, -0.2020173763544944, 0.10214218036124298]
B1: -9.324797743608588e-05 - 1.1413357387532919e-05 - 0.00014257350168879907 - -4.683901354130541e-05
B2: 0.0006183987291872803 - -4.5554154038239905e-05 - 0.00010589956185627294 - 0.0004301297488186875
