Number: 1008
Error: 0.002354270363005694
A1: [-0.006941160512389778, -0.014402881188582128, 0.011272494603525002, 0.011435233041900285] - [0.053720921917393735, 0.17708534567181608, -0.1593215021717891, -0.12416529975647775] - [-0.09317757433550461, 0.41911585719069516, -0.06839534985650567, -0.2735443099310022] - [-0.015715240632337174, -0.03679583849704429, -0.038218670653097336, 0.003815736479265891]
A2: [0.23104244318667344, -0.10657325161177217, 0.07899573224276851, 0.07145589715911031] - [0.038331888669287904, 0.20866644769978407, -0.11393346459827368, -0.12193687779312658] - [-0.08233279210135733, 0.5853963514405782, -0.2241905747599994, -0.24927718334223067] - [0.012841333209567096, 0.014030211193044304, 0.022352571488555933, 0.028016641248929636]
B1: 0.005346877428428674 - 0.024477921145118486 - 0.038147732185982074 - 0.024521387968064964
B2: -0.020792916570180273 - -0.048303521465971326 - -0.013103127852635734 - -0.0013040676025929468
