Number: 6443
Error: 1.1633250713488902e-15
A1: [0.0804317085231871, -0.18046778691464574, -0.019588833163240008, 0.11962499557404754] - [0.03741560399579738, 0.13359641015883872, -0.13472616224408362, -0.03628580110865957] - [-0.0017028045084754204, 0.22819013101077731, -0.12282836816212854, -0.10365889572402105] - [0.03886322099932783, -0.114481031944525, -0.046416454817013626, 0.12203421453148762]
A2: [0.03530744637176067, -0.029273472477339302, -0.075697346803638, 0.06966341120916475] - [0.10289377752316463, 0.28289672834550245, -0.3926063702800333, 0.006816024122337034] - [-0.011187068891617292, 0.5390146219719973, -0.3594509860567198, -0.16837643179466852] - [0.0978628182390519, 0.017463335412363796, -0.16885099258837388, 0.05352489814990006]
B1: -1.558863243605e-09 - 1.4669718290135106e-08 - 6.618378652174816e-09 - 3.0462231982419645e-09
B2: 1.4363322234856907e-08 - 6.265316429631221e-09 - 1.2569609139453536e-08 - -9.477259787304567e-09
