Number: 7275
Error: 9.992462271068725e-16
A1: [0.08043168769092734, -0.18046780774454504, -0.019588853970586736, 0.11962497474416794] - [0.037415591154313574, 0.1335963973270779, -0.1347261750599742, -0.036285813943028176] - [-0.0017028191664452575, 0.22819011635312075, -0.12282838279863023, -0.10365891037807445] - [0.03886323484044507, -0.1144810181422513, -0.04641644098471821, 0.12203422836400053]
A2: [0.035307485434785305, -0.02927343330627219, -0.07569730966299841, 0.06966345209283237] - [0.10289370717668254, 0.2828966574019884, -0.39260643831822684, 0.006815950459299546] - [-0.011187129355947454, 0.5390145611470097, -0.3594510432875122, -0.1683764955080655] - [0.09786281249288682, 0.01746332964005876, -0.16885099805834441, 0.05352489211828504]
B1: 6.374979304858644e-09 - -2.1876653251344136e-08 - -1.9836201644093403e-08 - -2.53078617376937e-09
B2: -1.0967079484719435e-08 - -1.1339453003073216e-08 - -1.140996673744185e-08 - -1.1261087315135281e-08
