Number: 5863
Error: 1.1453623641130477e-07
A1: [0.08162726740465301, -0.17927607331908593, -0.018392967232138596, 0.12082122528686334] - [0.040125092523564596, 0.13630226223697142, -0.13202235805816928, -0.033577819118908996] - [-0.001740443073564082, 0.22815078615598183, -0.12286426999079939, -0.10369573280571341] - [0.03838918396991226, -0.11495684991593151, -0.04688685728385539, 0.121562063287107]
A2: [0.035803716134217914, -0.028778743640579002, -0.07522391519509554, 0.07018609995383221] - [0.10332959310061529, 0.2833255777703614, -0.3921859647321945, 0.007278269097672185] - [-0.009945895879664254, 0.5402631153280447, -0.3582729686530598, -0.1670659466828376] - [0.098506060564291, 0.018107818017317704, -0.1682364954427986, 0.054202797494046294]
B1: -4.99313084546944e-05 - 0.0003051433969342388 - 0.0005095085453066109 - 0.000113813857681831
B2: 0.0006306266648278057 - -0.00020818144980044124 - 0.0006579975925495113 - 0.0008073890827400764
