Number: 9019
Error: 0.00019121328585211945
A1: [0.032034092888012664, -0.19071572977958423, -0.04896618351540984, 0.09420481809174729] - [-0.0662101476009, 0.056159165574361174, -0.18805970421142462, -0.09626984962329484] - [-0.04462337469222452, 0.20071869401466705, -0.1344244796012308, -0.10511391916186016] - [-0.03845398194759355, -0.16626991138996308, -0.11062589845366483, 0.05677404773453601]
A2: [0.1080337244044399, -0.04149117729271697, -0.08769498420792574, 0.14073823688696788] - [0.2291912524841983, 0.3485250513493569, -0.3031049559765216, 0.1480824799422406] - [0.00435602050537847, 0.4403118295156959, -0.4228047546317545, -0.15066367782438012] - [0.20012195997152724, 0.01454521258233751, -0.14692941288880115, 0.1626146392767613]
B1: 0.010819298619060166 - -0.00965045022740965 - 0.03376762399435299 - 0.007796276218008741
B2: 0.024286700387796702 - 0.010029512594993413 - -0.004218993703908825 - 0.014553978865661003
