Number: 1659
Error: 6.51305496190958e-09
A1: [-0.007016515983061195, -0.014822414576029213, 0.003174731557939473, 0.019620897724757353] - [0.06725374729809698, 0.19029520753761825, -0.14629501907142312, -0.1093867318255529] - [-0.11231037721257262, 0.44204513966292847, -0.0705051708053046, -0.25781765635885157] - [-0.02227038778673788, 0.016420191840188475, -0.02881425419035044, 0.040066761987857705]
A2: [0.13138980161991856, -0.22482371838226736, 0.022461719244613397, 0.06996257577379834] - [0.03256028543666093, 0.20366485403416276, -0.11497370266787055, -0.12154120385187851] - [-0.09495828486888747, 0.5552126094998041, -0.2355387897711075, -0.22596733304639444] - [-0.020873194068604616, -0.019332353432332416, 0.008067582783963386, 0.03213082872651323]
B1: 4.940271882800138e-05 - 0.0003882616753711449 - -2.2255270209719952e-05 - 0.00023351829999682021
B2: -0.0002391356996309283 - 0.00012387018968166568 - 0.0009448233982241934 - -0.00024962412399621243
