Number: 8172
Error: 1.1590570569384483e-15
A1: [0.0804317038580956, -0.18046779157923887, -0.01958883782280303, 0.11962499090945888] - [0.03741561854754262, 0.13359642469961458, -0.13472614772119892, -0.03628578656490434] - [-0.0017028104686879827, 0.2281901250506814, -0.12282837411362076, -0.10365890168264401] - [0.03886325318417234, -0.11448099985001527, -0.04641642265269466, 0.1220342466963181]
A2: [0.035307279710612365, -0.029273639599395114, -0.07569750526319441, 0.06966323678047172] - [0.10289370470355078, 0.2828966549078758, -0.39260644071021894, 0.006815947869594579] - [-0.011186956422586245, 0.5390147351117787, -0.35945087960205074, -0.16837631328244868] - [0.09786298712035646, 0.017463505061803903, -0.16885083182399477, 0.05352507541993777]
B1: -4.735721890676545e-08 - 1.3427120888084608e-08 - 3.2245112700475447e-08 - -3.6453654827153884e-08
B2: -8.581318527610688e-09 - -1.3632263197110172e-08 - -7.482874279332584e-09 - -6.660825347144277e-09
