Number: 6160
Error: 8.666152275304982e-16
A1: [0.08043160179954953, -0.18046789362619184, -0.019588939759266143, 0.11962488886260188] - [0.03741551000109309, 0.13359631623527923, -0.1347262560515009, -0.03628589505129288] - [-0.001702846486998541, 0.2281900890331524, -0.12282841007918843, -0.1036589376913399] - [0.0388631651579883, -0.11448108762914766, -0.04641651062277152, 0.12203415872485567]
A2: [0.035307451546410934, -0.02927346728837789, -0.07569734188364931, 0.06966341662500201] - [0.1028938108418933, 0.28289676194701424, -0.39260633805460565, 0.006816059011933944] - [-0.01118709871061484, 0.5390145919751437, -0.35945101428104037, -0.1683764632160148] - [0.09786279972326706, 0.017463316812356095, -0.16885101021419394, 0.05352487871434167]
B1: 1.0280264563307906e-08 - 3.4370948414261885e-08 - 2.683258277296484e-09 - 2.940244507193149e-09
B2: 2.1896672800614594e-08 - 1.3487803761495777e-08 - -1.967092574516998e-08 - 2.6538123436296042e-08
