Number: 2494
Error: 3.76218863230424e-07
A1: [0.05895593633139743, -0.05234704085330384, -0.02789243057450049, 0.0033953390549481023] - [0.04227953363288479, 0.1899343094655547, -0.14399602379923485, -0.0940380426122429] - [-0.1278268683646321, 0.41047369789307875, -0.10927157943658304, -0.19147630173951874] - [0.033097346450864554, 0.015245275047663289, -0.03704297067890252, -0.026951445956518463]
A2: [0.0662595892568079, -0.17086692762251307, 0.08913188459592877, 0.026748380385193008] - [0.02912512036426507, 0.2001402345891843, -0.10187314687161134, -0.12803267275251654] - [-0.09296791647679224, 0.5141402078404045, -0.22516291848391026, -0.19466140508724358] - [-0.025726381841131005, 0.01873906903026804, -0.050088922168361014, 0.05718128091533553]
B1: -0.0005664366460890434 - -0.00026363708448050576 - -0.0007979252448351685 - -0.00026762338556134537
B2: -0.00022980106590188585 - 8.24227132652513e-05 - -0.0006888485445042659 - -0.00035213442611859954
