Number: 8756
Error: 5.820781506152872e-11
A1: [0.08040994700861703, -0.18048954528851666, -0.019610567815384176, 0.11960323677660845] - [0.03736981669072431, 0.13355065819699163, -0.1347718572315607, -0.0363315627670073] - [-0.001710755280060974, 0.22818218094694975, -0.12283630668880127, -0.10366684419602644] - [0.03883912606423026, -0.11450505851503136, -0.04644053348146437, 0.12201013482852492]
A2: [0.03531608165058402, -0.02926481424063291, -0.07568913601895016, 0.0696724489030029] - [0.1029144214453429, 0.28291754716477807, -0.3925864034660665, 0.00683764127430273] - [-0.01118216670248483, 0.5390195533734018, -0.3594463459318015, -0.16837126627854948] - [0.09787202479825997, 0.0174725831897181, -0.16884222818031008, 0.05353456197309265]
B1: -6.644277470949723e-06 - 5.37041036182408e-06 - -3.1628060752567583e-06 - -3.5968906449170916e-06
B2: 4.795603392123295e-06 - 8.57785300826863e-06 - 2.8622066016327938e-06 - -7.1407462612352e-07
