Number: 4498
Error: 9.253418207743049e-16
A1: [0.06621318959489286, -0.11395207197311237, -0.023983942373218804, 0.07172287604946816] - [0.03740263169866227, 0.18819338813402917, -0.1474089275398159, -0.07818699093678243] - [-0.06022967297931549, 0.32895051040422607, -0.12775340486498724, -0.14096861580301884] - [0.03904621324280881, -0.0533226347122681, -0.037418538047839865, 0.05169517233787915]
A2: [-0.009108528601109963, -0.3468031354126423, 0.2494551378934716, 0.10645672936093831] - [0.08003982074707368, 0.036282251565446094, -0.05025011774613272, -0.06607196502787639] - [-0.04245277371036074, 0.23083194157786427, -0.0405311965200377, -0.14784778837766754] - [0.06813459200434133, -0.293468057860791, 0.14177103818582595, 0.08356165104553526]
B1: -4.483726732255331e-08 - 1.0353212948970029e-08 - 4.047692642411643e-08 - -4.641852365226334e-08
B2: -3.3020100386690205e-09 - -1.782254833040602e-08 - -6.598675558356736e-09 - -2.106351907686218e-08
