Number: 1375
Error: 3.267443440120346e-10
A1: [-0.0072010487802648135, -0.015007373612238351, 0.002983124677393372, 0.01944090947591769] - [0.06684097612282706, 0.18989812238269935, -0.14672042909910943, -0.10984648658646225] - [-0.11267052988391037, 0.441701837966698, -0.0708782269886897, -0.25819205206771967] - [-0.023707762510784575, 0.01501160227970009, -0.030280169287082843, 0.03855431333716056]
A2: [0.13160326990039964, -0.22461168614221366, 0.022683481592766497, 0.07017724097517887] - [0.03255475502063737, 0.20365921936095793, -0.11497941570630274, -0.1215469644578725] - [-0.09482199656540875, 0.5553437793361058, -0.2353981375839133, -0.22583103165913476] - [-0.02085110326204596, -0.019299246461533866, 0.008094507141137708, 0.03215886696097891]
B1: 2.2127342287534593e-05 - 4.490011392765853e-06 - -1.057380802905163e-05 - 2.8222626528592873e-05
B2: 6.392059600258494e-05 - -5.12903557303317e-05 - -8.985480490483457e-06 - -9.395749928040166e-06
