Number: 5831
Error: 2.5309192166598683e-06
A1: [0.07389541379907733, -0.18704827039906768, -0.026084613807823953, 0.11310284905525485] - [0.03218515158695675, 0.12833399204280455, -0.13994042271432844, -0.0415150660361673] - [-0.006272981562636178, 0.22359920868383865, -0.12735936777092982, -0.10821212180211588] - [0.03365857595129637, -0.11970320547876397, -0.05155496804320895, 0.11686596587004214]
A2: [0.031113925733873705, -0.033498426645844216, -0.07966717139392046, 0.06531044180157586] - [0.08921108756460037, 0.26902639304208764, -0.4058396094853077, -0.007456635266775597] - [-0.0019704270358399654, 0.5483261448455298, -0.3507172390557561, -0.1586854592720096] - [0.100352567114882, 0.01997725075691265, -0.1664719115627998, 0.056137310006521744]
B1: 0.0016425688968621848 - -0.0006016848990713119 - -0.0008932292771021459 - 0.00017590235502227774
B2: -0.0009011705571518951 - -0.00012903982985006368 - -0.0023151563546628317 - -0.0008511235294423293
