Number: 9385
Error: 9.588919520806159e-12
A1: [0.05316478362216047, -0.14800903872601218, -0.027006804458458735, 0.12182005339036368] - [0.00531727446009621, 0.13084025216295336, -0.11359718999618588, -0.022546204129320884] - [-0.01443815775684846, 0.2230979421831812, -0.12703486546908066, -0.08159961128603568] - [0.027151506831326187, -0.10001498970544702, -0.04941944980280789, 0.12230318212978307]
A2: [0.08926399931164387, -0.0729038558065715, -0.12361809809062702, 0.10729603876079168] - [0.10886506883138768, 0.24983752620783595, -0.4048224113753458, 0.046213213226549824] - [0.03664806488489676, 0.4625671890361811, -0.3777056125807813, -0.12146100891722465] - [0.14344323433626738, -0.04458988382800841, -0.20148313032058196, 0.10269691270002283]
B1: 4.024690987345528e-06 - -5.431110017475763e-06 - -1.0568309688406193e-06 - -5.515741706114758e-06
B2: -4.296984889416667e-06 - 3.634479337310067e-07 - -2.4505710356952306e-06 - -3.448621401628081e-06
