Number: 8822
Error: 0.00012812210034228536
A1: [0.08236680719129635, -0.17858491557645806, -0.017502220614314494, 0.12154051438599138] - [0.041976439213447535, 0.13809480652638953, -0.13000831281462855, -0.03175071727256866] - [-0.005237753531204451, 0.22460667853655045, -0.12619014429255804, -0.10721010076592637] - [0.04164105032381385, -0.11175820782480211, -0.04349044778256678, 0.12479234548488248]
A2: [0.032882329023666314, -0.03178301313318731, -0.07786758401951258, 0.06711801492771473] - [0.10828365583052622, 0.2883086246630926, -0.38731646553762084, 0.012459073311175402] - [-0.03670387589849126, 0.5131990200657687, -0.38344930927507875, -0.1952685847844801] - [0.09960739701115381, 0.019156789711122592, -0.16707175911846894, 0.0553502102087957]
B1: -0.004991191361477486 - -0.00785991828342305 - 0.003251191399915039 - -0.006313916164587806
B2: 0.006828987586556093 - 0.005376594729602715 - 0.011489659318837208 - 0.006151817194256763
