Number: 3359
Error: 1.1949117248571291e-06
A1: [0.06705524685314174, -0.11313661925465611, -0.0231557936063822, 0.07255417569817163] - [0.040593520038603594, 0.19123316925274983, -0.14428080505827243, -0.0750575303804255] - [-0.074035772243796, 0.31576484095137114, -0.14119465078438256, -0.1543542423533446] - [0.04270613443268478, -0.049861251728608495, -0.03388778668088913, 0.05519514612882499]
A2: [-0.010672781304958448, -0.34846741582055246, 0.24797830360420783, 0.1048161429865744] - [0.08129263615840726, 0.03763570662204272, -0.0488994829864913, -0.06469364439890207] - [-0.04253994390909612, 0.23072852154321813, -0.04062159660117299, -0.14795997741758868] - [0.06828675855480994, -0.29330238305375134, 0.14196726032405416, 0.08372637200584797]
B1: 0.0006676942485347473 - 0.0011260961499873527 - 0.0004072548155923168 - 0.00030610833428953966
B2: -0.0008999485692291008 - 0.0004670093763993259 - 0.0017868495523293089 - 0.0002024451172198083
