Number: 4129
Error: 1.1118383847968216e-15
A1: [0.06621318387345637, -0.11395207756667056, -0.023983948090144095, 0.07172287033765255] - [0.037402617617297476, 0.18819337468024394, -0.14740894138288355, -0.07818700478105883] - [-0.060229421914982935, 0.32895075153777403, -0.12775315918819843, -0.14096837144765986] - [0.03904609001450963, -0.053322751676001895, -0.03741865726715403, 0.051695054086577014]
A2: [-0.009108475552166673, -0.3468030791359709, 0.24945519137174685, 0.10645678497992234] - [0.0800398456653822, 0.03628227840957452, -0.05025009051187036, -0.06607193756237763] - [-0.04245276583194988, 0.2308319502729929, -0.04053118807729617, -0.14784777966448914] - [0.06813480006408382, -0.29346782877810423, 0.14177126374260687, 0.08356188431874684]
B1: -3.202904935357859e-08 - 3.4875711444762952e-09 - -2.759221387016748e-09 - -1.3848855933720096e-08
B2: -2.295809748318189e-09 - -3.0614672092296955e-09 - -2.108649764423181e-08 - -2.9786526561038025e-08
