Number: 1305
Error: 4.528798278086804e-09
A1: [-0.0074163460943859364, -0.01522449829114115, 0.00275983030921541, 0.019219712446882066] - [0.06656856983419732, 0.1896359618958951, -0.14700211215506984, -0.11014952886694475] - [-0.11284015276958884, 0.4415361811435021, -0.07105422364624608, -0.2583757823072767] - [-0.023838205792105622, 0.014883801946619916, -0.03041233119755907, 0.038416589162647084]
A2: [0.13143459472292185, -0.22477811264283482, 0.022518031537314864, 0.07001254427460601] - [0.032385634983326445, 0.20349275438841272, -0.11514794900377999, -0.12171243191429501] - [-0.09388283931389277, 0.5562684809180728, -0.23447492684488852, -0.22490775218580752] - [-0.021215386795620447, -0.019659049300542384, 0.0077336457231106485, 0.03180890173565982]
B1: -0.00017193329599335294 - 0.00015403524682253185 - 5.1864364418364574e-05 - -0.0001300251298228085
B2: 7.805032813437542e-06 - -0.0001249312566750742 - 9.605977316209852e-06 - 8.045557035853748e-06
