Number: 2962
Error: 5.115032828962073e-09
A1: [0.06419323163295891, -0.04711561906248367, -0.022691397971398956, 0.00860728514904841] - [0.04349653910816009, 0.19111131660229996, -0.14273442950122303, -0.09269277320553229] - [-0.12299054882436075, 0.4153176338054427, -0.1044008143553751, -0.1866148488668802] - [0.03729738647758003, 0.01946394975611954, -0.03283917133318639, -0.02275862788045609]
A2: [0.06265771394954557, -0.17446562054058165, 0.08554388221071298, 0.023183650797161996] - [0.02910744304035426, 0.2001187433486987, -0.10189243155754059, -0.12805203965832673] - [-0.09302531183231244, 0.5140595302841238, -0.22521797059329354, -0.19472296010502158] - [-0.02541685021035689, 0.01902641652570407, -0.04977665593148843, 0.057475926687779406]
B1: -1.8865391504530255e-05 - -0.00012219106204594895 - -0.00016296860424451327 - -4.19966498354606e-05
B2: -3.007389385357427e-05 - -0.00015830273113140385 - -0.00015636768873332046 - -4.344572584879379e-05
