Number: 7540
Error: 9.319969932080538e-16
A1: [0.08043173037744471, -0.18046776506287096, -0.019588811335121113, 0.11962501742580375] - [0.03741561343132202, 0.1335964195872197, -0.1347261528273583, -0.03628579167836486] - [-0.0017027539280194016, 0.22819018159014978, -0.12282831765573093, -0.10365884515706168] - [0.038863261627824434, -0.11448099143005555, -0.04641641421441722, 0.1220342551347246]
A2: [0.03530740969627741, -0.029273509254249507, -0.07569738167424488, 0.06966337282431236] - [0.10289371871203352, 0.2828966690352479, -0.3926064271613881, 0.006815962538506209] - [-0.01118715468099056, 0.5390145356709216, -0.3594510672582483, -0.16837652219390378] - [0.09786276570716192, 0.017463282641530343, -0.1688510425953566, 0.05352484300854359]
B1: 9.269441747555046e-09 - -8.849710014524816e-10 - 2.9296554020264417e-09 - 2.079960984047802e-09
B2: 4.597067045280539e-09 - -8.294130207088693e-09 - 2.0261786455482436e-08 - -7.31294706768913e-09
