Number: 8111
Error: 8.024402877934031e-16
A1: [0.08043163449973847, -0.18046786092972672, -0.019588907098202324, 0.11962492155904321] - [0.03741565852537883, 0.13359646464716785, -0.13472610782306493, -0.03628574660924642] - [-0.0017028356744801794, 0.22819009984542996, -0.12282839928250157, -0.10365892688170433] - [0.03886321538172894, -0.11448103754636657, -0.04641646043103973, 0.12203420891737735]
A2: [0.03530743552259644, -0.029273483356490555, -0.07569735711887346, 0.06966339985432334] - [0.10289375072039844, 0.28289670131526645, -0.39260639620328647, 0.0068159960559015425] - [-0.011187073218108001, 0.5390146176196562, -0.3594509901517649, -0.16837643635373054] - [0.097862809404028, 0.01746332653712382, -0.16885100099872705, 0.05352488887596876]
B1: -1.8938884227941563e-08 - -1.5954166829021073e-09 - 5.759399531274859e-09 - 3.887877445740324e-09
B2: -3.678107489624839e-08 - 4.681929346545058e-08 - -1.4784498017350072e-08 - -8.62293363385521e-09
