Number: 438
Error: 5.032212642575697e-12
A1: [-0.012157480350023267, -0.014521367233836199, 0.018082766790351902, 0.008578730565364465] - [0.06583874822450102, 0.1894986400953339, -0.1453189382978432, -0.1100046496294964] - [-0.0962949794265841, 0.42178424868587866, -0.05345940056170279, -0.27203795389869423] - [-0.0013216700364671657, -0.018219407834883097, -0.003835291163563986, 0.023376547557628066]
A2: [0.16159053125137648, -0.16775103466490834, 0.008505067800227148, -0.0023293545363007443] - [0.0354827205932327, 0.20751376709260017, -0.11721341454696438, -0.12579496718299205] - [-0.08621575531486336, 0.5815359565257129, -0.23539087750149792, -0.2599377237552812] - [-0.0038266079840374857, -0.0045110693973868425, 0.0011185307953093864, 0.0072513905808510816]
B1: 9.637814609201942e-07 - 2.399619559092548e-06 - -6.237529892339165e-07 - 5.653241218116932e-07
B2: 3.1828819821588163e-06 - 4.816130456228523e-06 - 2.4162726698622744e-06 - 1.63164505594368e-06
