Number: 9277
Error: 1.7205780947959955e-09
A1: [0.05339361697024867, -0.14778013277546062, -0.02677818557359177, 0.12204900960475444] - [0.0053321688324667275, 0.13085518285946351, -0.11358230757376288, -0.022531268812332573] - [-0.014126244561165612, 0.22340997864506437, -0.12672315087634997, -0.08128757179807829] - [0.027251458665210174, -0.09991504240876607, -0.049319219178099886, 0.12240346320266494]
A2: [0.08922990509802245, -0.07293772249648357, -0.12365145992579175, 0.10726158610641014] - [0.10882002198083555, 0.24979253476205118, -0.4048666163231029, 0.04616747009585696] - [0.03673166354528882, 0.4626504296896316, -0.3776240521446847, -0.12137651854209044] - [0.14354190448186033, -0.044491560106772056, -0.2013867625526538, 0.10279701090825903]
B1: -5.7876877045736925e-05 - -4.636029937186728e-05 - 4.95164946859889e-06 - -1.5785354037716734e-05
B2: -1.8098134563690355e-05 - 7.34155889062405e-05 - -5.7921545810061356e-05 - -1.8702438551257712e-05
