Number: 1037
Error: 0.00031689944878605285
A1: [0.02124184163607737, 0.0065529987584461505, 0.03211385544398623, 0.04030895129119451] - [0.05331681250567215, 0.17703944963946422, -0.16091231826812144, -0.12489703708173135] - [-0.058800401651678616, 0.4729400810217676, -0.025144472001297144, -0.22024730784057506] - [-0.05717656644467688, -0.0336743167575982, -0.06543327354000286, -0.011569446433040018]
A2: [0.07614403956023126, -0.2680755052085601, -0.04623064694184133, -0.0035888983561570935] - [0.04022764152447353, 0.2110734058686918, -0.10756174424817203, -0.11582219200465453] - [-0.16296098663831204, 0.5006193777542451, -0.2954086041887128, -0.30685538870980744] - [-0.04420730785157303, -0.04255655721712085, -0.02010925063878575, 0.003249499060024719]
B1: -0.0026507833136923875 - 0.008422382136921154 - 0.0013491872103712 - -0.009479439233339517
B2: 0.014135608411274748 - -0.001864880309530293 - 0.03491552708137229 - 0.015059780618746296
