Number: 2557
Error: 1.2721866769626795e-08
A1: [0.06280588198523358, -0.04849296736831905, -0.02406421895923737, 0.007233016018050076] - [0.043881563059119964, 0.19148263468915125, -0.14233909288900876, -0.09227213310255056] - [-0.12387008547215309, 0.4144461327438234, -0.10527592249969814, -0.18748746644662623] - [0.03695531844018117, 0.019127083920080487, -0.03317569975660964, -0.023094749680337076]
A2: [0.06389975526950142, -0.17323682359595208, 0.08678650816138678, 0.024411561609033173] - [0.029703826246012872, 0.20070606675597655, -0.10129752378294767, -0.1274682702135681] - [-0.09301892466884745, 0.5140644125517818, -0.22521795531396388, -0.19471982061385518] - [-0.02563583933695738, 0.018812765175786096, -0.05000449717112635, 0.05725845094039133]
B1: -0.0001929937668700059 - 3.460234175649413e-05 - 0.0001504635730497873 - 0.00019932818252827946
B2: 0.00023409759361281 - 6.628824240522796e-05 - 0.00010135513089509224 - -8.96467672559296e-06
