Number: 1778
Error: 2.6408502710515537e-08
A1: [-0.007975224969968461, -0.01579975059602324, 0.00219063028959313, 0.01862581206586673] - [0.06666642488550173, 0.1897372718509649, -0.14690635220187578, -0.11003875075560886] - [-0.112813111410519, 0.4415651152510515, -0.07107706763961391, -0.2583348902991557] - [-0.023910002290315174, 0.014829655194186433, -0.03053723157426861, 0.0383486304603289]
A2: [0.13294064708709846, -0.2232913024039875, 0.024019707442765128, 0.07150817595363919] - [0.03424050225007571, 0.20532153807205936, -0.11330079347991433, -0.1198945149689532] - [-0.09528152793886738, 0.5549175607995993, -0.23578048120818954, -0.2262043521009426] - [-0.018761291274499235, -0.017246538356201054, 0.010165877361816608, 0.03416935141586218]
B1: -0.0004684246402804917 - 0.0013894136287313083 - 0.00046646499815307884 - -0.0006998078476919017
B2: 0.0001515693830067469 - -0.0007148245620534363 - 0.00040725942437352757 - 0.0004913521258318365
