Number: 1387
Error: 5.78179375623755e-10
A1: [-0.007362833502450716, -0.015170635054103578, 0.002814931689230025, 0.019274737129154812] - [0.06677416281485242, 0.18983383715261778, -0.14678947952768548, -0.10992081581458234] - [-0.11272453291791516, 0.44164888789550927, -0.07093450200604969, -0.25825053336041237] - [-0.02356834238505925, 0.015148588511996432, -0.03013787050377446, 0.038701486562803276]
A2: [0.13157302055372216, -0.22464144944317643, 0.022653731038719968, 0.07014765935793023] - [0.03255150045055305, 0.20365602579504902, -0.11498264655739611, -0.12155013733298917] - [-0.09455686273481491, 0.5556047530661685, -0.23513754221720015, -0.22557044904301524] - [-0.02104022567650269, -0.019485728620825343, 0.007906922796200196, 0.03197714024602544]
B1: 1.1021364536447803e-05 - 1.5374023631520686e-05 - -2.5520822537102313e-05 - 2.9055328656928816e-05
B2: -2.1757036243781402e-05 - 2.7936197097600546e-06 - 2.8682892198675973e-06 - 4.5308970503783376e-05
