Number: 1012
Error: 0.0025709335554908877
A1: [-0.025768108953663788, -0.03214625177555036, -0.009190338925748436, -0.006932981399072285] - [0.06975276100842252, 0.19279489946109635, -0.14265591317753074, -0.1061706613814185] - [-0.10662202697064256, 0.40741166533307344, -0.08379993404270211, -0.2876336902033733] - [-0.05819946487233479, -0.07606188682948656, -0.0834892465254295, -0.041156019349881036]
A2: [0.22377637731616493, -0.11859595509887128, 0.0718233425480598, 0.06773629330310818] - [0.041086118572447095, 0.2105627169236898, -0.11123506457295985, -0.11882560850728352] - [-0.06319627659869038, 0.6026439077939854, -0.20457012940523137, -0.2292839582409818] - [0.0202868067190079, 0.01975518643298486, 0.030413519174000314, 0.03653562911433377]
B1: 0.0146114326217546 - 0.012562827353478299 - 0.04726782058858131 - 0.03002970807994429
B2: -0.016261952361849873 - -0.030236456657440514 - -0.014437637344364231 - -0.01487104708012291
