Number: 9374
Error: 2.8988693971026256e-12
A1: [0.053173132334812925, -0.14800068635625915, -0.02699846463646671, 0.12182840665544359] - [0.005293508358637782, 0.13081646045748757, -0.11362095267759535, -0.022570003958168446] - [-0.01445218318750926, 0.22308391148656279, -0.12704887968486642, -0.08161364154819566] - [0.02714027601833376, -0.10002622010428962, -0.04943070378228694, 0.12229192359272377]
A2: [0.08925388363454753, -0.07291394883514375, -0.12362798676416856, 0.10728579831981673] - [0.10882357492166339, 0.2497960254240911, -0.4048630831016526, 0.04617102164764689] - [0.036634895564440544, 0.46255408838227063, -0.37771846141682275, -0.12147431469418704] - [0.14342263135402608, -0.04461040924598382, -0.20150324701141964, 0.1026760044185714]
B1: -3.574523466683866e-06 - 1.7243164769815602e-06 - -2.3333588598958114e-06 - -1.2424824962880615e-06
B2: -9.186804233558872e-07 - -7.06700688322431e-07 - 1.1123682545684993e-07 - -4.214607411225999e-06
