Number: 7932
Error: 1.0509741495415833e-15
A1: [0.08043171817841722, -0.18046777726052093, -0.01958882351956043, 0.11962500522817227] - [0.03741555071514862, 0.1335963569185153, -0.13472621541852406, -0.03628585435977865] - [-0.0017028123516552062, 0.22819012316775894, -0.12282837599381924, -0.1036589035651014] - [0.0388632470388877, -0.11448100597805348, -0.04641642879404919, 0.12203424055486026]
A2: [0.03530751769608567, -0.029273400955732453, -0.07569727898925192, 0.06966348585767022] - [0.10289371540395073, 0.282896665699095, -0.39260643036091813, 0.006815959074459621] - [-0.011187134118737663, 0.5390145563558054, -0.3594510477956259, -0.1683765005267458] - [0.09786281768264414, 0.01746333485341926, -0.16885099311800528, 0.05352489756581535]
B1: 7.395007948302753e-09 - 2.0349386217527527e-08 - -1.2162418834178068e-08 - -1.7924906784837804e-09
B2: 1.619574962489814e-08 - -1.879142497838978e-08 - 1.529465472268464e-08 - 5.252321507983095e-09
