Number: 995
Error: 0.005110018028443673
A1: [0.04755420894207762, 0.048151349863790625, 0.08001273924396052, 0.07401287517241145] - [0.04399287772182623, 0.1685106206100124, -0.16806304818474407, -0.13405767152763506] - [-0.07043639172452687, 0.44923161010816637, -0.029849980946584306, -0.23913282140465997] - [0.029556311957819083, 0.015268833090520476, 0.024473439895658526, 0.06218785756700096]
A2: [0.161900455073584, -0.1721706793120424, 0.012049300798146477, 0.001366965234133384] - [0.03511063324001094, 0.20621067855417738, -0.11705211070492048, -0.12563165334412452] - [-0.04513986262280883, 0.6173744410684932, -0.19149914174698673, -0.21726441525273946] - [0.03361699345380638, 0.030831766895135202, 0.040529430883362416, 0.044831992860173135]
B1: -0.0365429804485522 - -0.031169370660148944 - -0.05260873999975467 - -0.035711816888823064
B2: 0.054983715819098125 - 0.03645932532715272 - 0.04086913611380262 - 0.030349738022244874
