Number: 9146
Error: 2.9092446060870846e-06
A1: [0.054995574189884947, -0.14623606665605438, -0.025262127379794812, 0.12362959874412816] - [0.008636969215065826, 0.13412745299995402, -0.11040470612551119, -0.019214608154471614] - [-0.013677264888960417, 0.22392812241456653, -0.12625362319162692, -0.08070540926278041] - [0.025935485569912646, -0.10123361313012387, -0.05064834946579781, 0.12111882388220498]
A2: [0.09810293580504496, -0.06404384903908913, -0.11483868660793609, 0.11630015273003025] - [0.11411410721850077, 0.2551021781928481, -0.39968030719915143, 0.051537465329107635] - [0.05123426749406111, 0.477094404789511, -0.36349111279013785, -0.10679362333523333] - [0.13920937739693234, -0.04876773937943517, -0.20563262207753935, 0.09840221528534902]
B1: 0.00286275060481606 - -0.001445774553287451 - -0.004317586610599944 - -0.0022929390698442735
B2: -0.00034477967786940896 - 0.0018312351770892739 - -0.0011635314558325538 - -0.0014010120334396556
