Number: 5253
Error: 1.3466280385439053e-15
A1: [0.0662131524718811, -0.11395210826651259, -0.023983979467092364, 0.07172283898874435] - [0.03740255843733831, 0.1881933181378613, -0.1474089995612711, -0.07818706296461995] - [-0.06022938095910692, 0.3289507908733538, -0.1277531191113044, -0.14096833158604521] - [0.0390461363392427, -0.05332270770613581, -0.03741861244939603, 0.0516950985403462]
A2: [-0.009108601177045261, -0.3468032124041634, 0.24945506473012077, 0.10645665326925952] - [0.08003991036455516, 0.036282348109058234, -0.05025001979933364, -0.06607186624949557] - [-0.042452859073820404, 0.2308318473656515, -0.04053128799876689, -0.14784788278623515] - [0.06813472556587055, -0.29346791080372553, 0.1417711829791361, 0.08356180079275292]
B1: 5.756868079700898e-09 - -1.065098712254508e-08 - 6.8919341231389246e-09 - 2.2566908266316347e-09
B2: 1.7407402730103623e-08 - -2.925288853359124e-08 - -7.261485656882946e-08 - 9.62455107083149e-09
