Number: 8872
Error: 0.00035559219266708894
A1: [0.07600966229270356, -0.18406099721698302, -0.02454197305674622, 0.11574627159519431] - [0.03206577306625466, 0.1292514336343733, -0.1394209350621924, -0.04131324012170843] - [0.0016528015041291123, 0.23193253880358136, -0.11921250155506778, -0.10018801881763156] - [0.04171754781116105, -0.11068406822225214, -0.0444481105162676, 0.1254938588888907]
A2: [0.07089214453951251, 0.0064014779495064605, -0.04158735801587697, 0.10698549641161229] - [0.11030333800535456, 0.29049336298128714, -0.3845314793513117, 0.014525131630534486] - [-0.019653027855537915, 0.5292775818227469, -0.3681584376229564, -0.1770588887192598] - [0.11643987368394941, 0.03641735669888216, -0.1507782639796164, 0.07306506769981629]
B1: -0.008237854801927593 - -0.006075561211158393 - -0.004791009721854386 - -0.01289073140013392
B2: 0.0136352518388066 - 0.013806102425568647 - 0.008043292027180614 - 0.009573844495185741
