Number: 3606
Error: 2.5690590998869665e-12
A1: [0.06620966969063743, -0.11395551321884426, -0.0239874595796343, 0.07171936204306843] - [0.03740560528592151, 0.18819622919072063, -0.14740600427813275, -0.07818406740309942] - [-0.06022835561096475, 0.32895177568902584, -0.12775211569281603, -0.14096733367888772] - [0.039048240853754204, -0.05332071019795215, -0.03741657642183234, 0.051697117996069825]
A2: [-0.009099264664089363, -0.34679330778745876, 0.2494644768043067, 0.10646644206961872] - [0.08004875290846612, 0.03629187410963841, -0.05024035538996642, -0.06606211977297705] - [-0.04246600216454891, 0.2308173417230191, -0.040545372776347545, -0.1478624186375663] - [0.06814474080353883, -0.293456883572296, 0.14178204053627655, 0.08357302978725542]
B1: -2.7441738859415203e-06 - -3.656865119683193e-06 - -1.0791618049398522e-06 - 8.137945995735162e-07
B2: -2.1915274507431336e-07 - 2.554931490030652e-07 - -6.751355007694084e-07 - -4.975605511288891e-06
