Number: 564
Error: 2.264552336179084e-14
A1: [-0.01215335047877749, -0.014517125566773212, 0.018087331323548284, 0.008583143678342871] - [0.06583547290199086, 0.18949548934462365, -0.1453223247256183, -0.11000829634309227] - [-0.09629367299050019, 0.42178551103312784, -0.05345798318949362, -0.27203643203564387] - [-0.0013221424278248742, -0.018219862461579753, -0.0038357943064191886, 0.023376001336666376]
A2: [0.1615865250709237, -0.16775496531729245, 0.008501142102745983, -0.0023332603083617595] - [0.035485749331211056, 0.20751674716405202, -0.11721039851914716, -0.12579200430691745] - [-0.08621348079013316, 0.5815381843607119, -0.23538866446241472, -0.25993550586765224] - [-0.0038346811981644874, -0.004519008460319114, 0.0011105400544667026, 0.007243666488437041]
B1: 2.7562920478358844e-07 - -1.3467039007118239e-07 - -2.3093880510133728e-08 - 7.573610356401438e-08
B2: -1.1919564291835297e-07 - 2.940109827299572e-07 - 2.4973472470876867e-07 - 1.6479630607766632e-07
