Number: 8724
Error: 8.085988220606008e-13
A1: [0.08043069255858099, -0.1804688027569613, -0.019589847910106508, 0.11962397972640189] - [0.03741346392591858, 0.13359427171405297, -0.1347282980476966, -0.036287939992381356] - [-0.0017025586496416621, 0.2281903768666928, -0.12282812266254871, -0.1036586499306861] - [0.03886274629511155, -0.11448150531198348, -0.046416929216925945, 0.12203374012280155]
A2: [0.035309151769200284, -0.029271762364951544, -0.07569572532818368, 0.0696651960867111] - [0.10289522459234163, 0.2828981876920182, -0.3926049706921785, 0.006817539413292815] - [-0.011185989463085837, 0.5390157078365464, -0.3594499643508587, -0.16837529436662124] - [0.09786423395477914, 0.017464757564951125, -0.16884964491499374, 0.053526384185972754]
B1: -5.53732303052179e-07 - -9.552814896646406e-07 - -6.225573758549644e-07 - -5.614808942446292e-07
B2: -7.524032612378359e-08 - 1.1133467104040682e-06 - -3.720234232873169e-07 - -3.5649579563568466e-07
