Number: 3942
Error: 1.1041674402081694e-15
A1: [0.06621319994279685, -0.11395206185642624, -0.023983932033415922, 0.07172288638002514] - [0.03740259733012572, 0.1881933552972253, -0.14740896132673417, -0.07818702472666911] - [-0.06022934178043823, 0.328950828502566, -0.12775308077327097, -0.1409682934545125] - [0.03904620760523417, -0.05332264006333464, -0.037418543502069274, 0.05169516692791712]
A2: [-0.009108541757225839, -0.34680314936918594, 0.24945512463103517, 0.10645671556752458] - [0.08003983119660801, 0.03628226282256039, -0.05025010632540952, -0.06607195351020562] - [-0.042452837993283095, 0.23083187063124816, -0.04053126540823409, -0.14784785947222068] - [0.06813465635273257, -0.29346798701065696, 0.1417711079455822, 0.0835617231916515]
B1: 9.522463468309293e-09 - -2.8244092297721365e-08 - 2.6399146106566804e-08 - 1.4414402680761445e-08
B2: 3.793957005444235e-09 - -1.2702128142372734e-08 - -6.220603649308062e-09 - 1.3209770914116435e-08
