Number: 1464
Error: 3.570279547086742e-09
A1: [-0.007529618494537063, -0.015339069258964349, 0.0026414624048942074, 0.019103355530102263] - [0.06674220435442695, 0.18980308763605686, -0.146822497742227, -0.1099564010710755] - [-0.11259603142504243, 0.44177477585732566, -0.07080060992357416, -0.2581114206248902] - [-0.023268219978895107, 0.015443360903051576, -0.029831644552083005, 0.039018421269879866]
A2: [0.13161066464290844, -0.22460427008501946, 0.022690774636117052, 0.07018446724206998] - [0.03267745627122051, 0.20377994559339355, -0.1148572066817648, -0.12142694138394976] - [-0.09443568093220196, 0.5557240754665673, -0.23501858358840066, -0.22545130224477405] - [-0.020785210979901915, -0.019234221900071763, 0.008159926129148008, 0.03222202752478251]
B1: -1.8116322041077223e-06 - 4.603248977708164e-06 - 1.704462458975243e-05 - 5.946898374333586e-05
B2: -0.00011972781750184127 - 2.6548840604184788e-05 - 1.3090504146779406e-05 - 4.555787048756149e-05
