Number: 8298
Error: 1.2812273781704491e-15
A1: [0.0804316634566303, -0.18046783197612545, -0.019588878175970294, 0.11962495051259817] - [0.0374155085319745, 0.13359631476731054, -0.13472625751754513, -0.036285896519521216] - [-0.0017028535492111853, 0.2281900819710747, -0.12282841713106826, -0.10365894475167396] - [0.0388632065561473, -0.11448104634718358, -0.04641646925101752, 0.12203420009726391]
A2: [0.035307611602364154, -0.029273306789694375, -0.0756971897041185, 0.06966358414053193] - [0.10289378694173798, 0.28289673784401836, -0.3926063611704393, 0.006816033984881875] - [-0.01118705793434638, 0.5390146329945471, -0.35945097568531786, -0.16837642024874544] - [0.09786261907685927, 0.01746313534425067, -0.16885118217821526, 0.05352468909478971]
B1: -3.02464280815122e-08 - 7.29139802292096e-08 - -5.370216327670762e-08 - -3.2294287549697185e-08
B2: 3.236481248378218e-09 - -3.648527109479426e-08 - -1.761844314958383e-08 - 5.162358141560439e-09
