Number: 5404
Error: 8.275342056696075e-16
A1: [0.06621311470209844, -0.11395214519223747, -0.02398401720719218, 0.07172280128239347] - [0.03740255726195886, 0.188193317014934, -0.14740900071670554, -0.07818706412015479] - [-0.0602292819067541, 0.32895088600787903, -0.1277530221842226, -0.140968235180269] - [0.039046223552088116, -0.053322624926788, -0.03741852807364538, 0.05169518223101813]
A2: [-0.009108405074427142, -0.3468030043705548, 0.24945526241918464, 0.10645685887156266] - [0.08003976593615997, 0.0362821925185461, -0.05025017765086848, -0.06607202544156911] - [-0.04245282473875789, 0.23083188525980486, -0.04053125120427809, -0.14784784481312435] - [0.06813471576548555, -0.2934679215943152, 0.14177117235442485, 0.08356178980478664]
B1: -2.8337112029428903e-08 - 1.0454987743849997e-09 - -4.66579179796148e-08 - -5.2593685009729507e-08
B2: 4.060672401110143e-09 - -1.1636044396110365e-08 - -1.2766759116547564e-07 - 4.7781445549808136e-08
