Number: 1239
Error: 1.1841050962841991e-08
A1: [-0.006991859988573163, -0.01479533390586381, 0.003204586519439045, 0.019655560446218825] - [0.06657627013996975, 0.1896438361152097, -0.1469943953385103, -0.11014091332635123] - [-0.11159900670848298, 0.44275331887671365, -0.06975446654563379, -0.2570318398420789] - [-0.022692519506130823, 0.0160099571570774, -0.029237162907687495, 0.03962478988507631]
A2: [0.13078353711568222, -0.22541684044033475, 0.021876774225432834, 0.06937547951553365] - [0.03286808676304469, 0.20396780450299, -0.1146673786627168, -0.12124053095256118] - [-0.09649994592763399, 0.5536973780462587, -0.23704952526064135, -0.22748019343515716] - [-0.022314260848110296, -0.0207420666609837, 0.006642899050451716, 0.030753752228625558]
B1: -7.61615055149782e-05 - 8.081049682804312e-05 - 2.1016845806338762e-05 - 0.00017551571528441297
B2: -2.2477024120818036e-05 - 0.00026500588187187616 - 0.00012412112226972214 - -2.474176610693949e-05
