Number: 4499
Error: 1.08519956623139e-15
A1: [0.06621318937097936, -0.11395207219202202, -0.023983942596956364, 0.07172287582593043] - [0.03740263167001064, 0.18819338810665454, -0.14740892756798257, -0.07818699096495162] - [-0.06022967915231482, 0.3289505044753996, -0.1277534109055204, -0.14096862181106184] - [0.03904621907334513, -0.05332262917814098, -0.0374185324069896, 0.0516951779329277]
A2: [-0.009108440360456915, -0.3468030418031665, 0.24945522684806673, 0.10645682187639728] - [0.08003981496968805, 0.03628224534154835, -0.05025012406048348, -0.06607197139584449] - [-0.04245280590733226, 0.23083190604332063, -0.040531231023557275, -0.1478478239862706] - [0.0681346102937756, -0.2934680377233444, 0.14177105801331696, 0.08356167155134939]
B1: -6.756196954467903e-08 - 1.1223345579145926e-08 - 3.9005269972889345e-08 - -2.9587460486872086e-08
B2: -5.942103182627772e-09 - -2.18172199131775e-08 - 5.535396109118143e-09 - -2.651052123805573e-08
