Number: 9830
Error: 9.565717649886197e-16
A1: [0.053172554154231826, -0.14800126696035473, -0.026999043311184506, 0.121827825997953] - [0.005313760239695629, 0.13083673473371896, -0.11360070335566434, -0.022549722896412425] - [-0.014444444712207521, 0.2230916527055988, -0.12704114775767186, -0.0816059011232023] - [0.02714646367806545, -0.10002003445588585, -0.04942450480966038, 0.12229812399520869]
A2: [0.08925428683677691, -0.07291354436992453, -0.12362759133368093, 0.10728620645516941] - [0.10884164616893101, 0.2498140984666511, -0.40484537052667613, 0.0461893960678273] - [0.03663580508978081, 0.4625549932378543, -0.37771757381492727, -0.12147339566686816] - [0.14342629718440225, -0.04460675883119009, -0.20149966828616755, 0.102679724460225]
B1: 6.996749998262047e-10 - 1.9215275786642673e-08 - 1.311701674797492e-08 - -3.969090260172644e-09
B2: 6.502573260825775e-09 - -1.1673288185410205e-09 - 1.0791883144791068e-08 - 4.2976200333355916e-10
