Number: 5621
Error: 1.0216228715391162e-07
A1: [0.06622705045871952, -0.1139384147717183, -0.023970951952776653, 0.07173532483494853] - [0.03729942009952589, 0.18809457663912507, -0.1475110622658285, -0.078290142557975] - [-0.06019633926514191, 0.3289820233011146, -0.1277220249801739, -0.1409370430365947] - [0.039152929817639744, -0.05322148342591519, -0.03731578070061911, 0.051797337513672166]
A2: [-0.010121717867639041, -0.3478783639065365, 0.24843390338044663, 0.1053949783142211] - [0.08012816231593642, 0.03637748818995214, -0.0501535046444786, -0.06597445521154292] - [-0.04313115742544774, 0.23008307622562454, -0.041258931421246675, -0.14859873799943926] - [0.06733017415474687, -0.29435366087202813, 0.14089715911660608, 0.08265813412706104]
B1: 0.000395017199899798 - -0.0002315356451620594 - 0.00032334464770402495 - 0.000344624926495299
B2: 9.711804266127836e-05 - -0.00031250934041896666 - 4.854877501233332e-05 - 2.8756373000839532e-05
