Number: 1950
Error: 1.873173323572629e-05
A1: [-0.010337894893704486, -0.01797063633097472, -0.0003463693344921507, 0.016231412106435604] - [0.05991548679940244, 0.18320404177322752, -0.15391733325156143, -0.11765111369765476] - [-0.12558115492699565, 0.428967298647213, -0.08460765880097267, -0.27223680785666093] - [-0.027152523149113563, 0.01160723069428643, -0.03403415437862556, 0.03488357626124768]
A2: [0.14198976619674727, -0.21482119445077338, 0.03249385081619439, 0.07992777593803703] - [0.034784441215740355, 0.20591189732435028, -0.11276680997429862, -0.11937264362590713] - [-0.09938511818323083, 0.5507491974646275, -0.23997003868731107, -0.23029827594892283] - [-0.019077208947433633, -0.01776954393634989, 0.009685459566479229, 0.03374088603334884]
B1: -0.0008638897708931575 - -0.0009682344610691691 - 0.0002412978698522032 - 0.0023985415116146306
B2: -0.0006815551326063932 - 0.007446702150609726 - 0.004759976222182308 - 0.003529837858737851
