Number: 8944
Error: 0.009549251583329693
A1: [0.07426711865519717, -0.1901939381602473, -0.026209297400893047, 0.11829009266935439] - [0.04055430938336239, 0.1431690841832379, -0.11139924732017462, -0.011765335442558755] - [0.03470070107632719, 0.2619414025008662, -0.09303206226624959, -0.06979666808774251] - [0.0163528520833539, -0.1485274950963266, -0.08026997280198164, 0.09239803327287086]
A2: [0.01971810595681215, -0.03373164546141806, -0.107001447794152, 0.06735421294291474] - [0.06279111947957514, 0.2382386759500269, -0.439725407933625, -0.01853524558968571] - [0.07086169435537817, 0.5997299373080561, -0.27744823831208104, -0.06826358689420903] - [0.14847397841395832, 0.051729754584443205, -0.11801330731087666, 0.12448362436435023]
B1: -0.06456990585212809 - -0.05669334663566495 - -0.019063081144915672 - -0.02005966888082046
B2: 0.06986994482229714 - 0.08105330979837126 - 0.07353274570139694 - 0.08466871217567477
