Number: 1976
Error: 3.7345734037557255e-05
A1: [-0.029043856219043863, -0.03598798661658754, -0.019030433641556113, -0.0016722058007155767] - [0.09165252789668665, 0.21375485346390616, -0.12090787477053708, -0.08216054059121844] - [-0.09805391840068878, 0.45605460388011504, -0.05582460113325256, -0.24196058593127928] - [0.019244358315484773, 0.05625201612488613, 0.012895257648587347, 0.08330455152567202]
A2: [0.12388274974930484, -0.23347207090518077, 0.013960858448849086, 0.06074862737467575] - [0.04375178098884507, 0.21446846864137206, -0.10395679079056029, -0.11088387879287312] - [-0.08773659069465424, 0.5615696284343507, -0.22871352371050876, -0.2195878614871086] - [-0.011584422714500574, -0.01019264142144393, 0.01726289169150177, 0.040839578587227594]
B1: -0.00632657277094741 - -0.0031848103793874227 - -0.01599616005250222 - -0.010414135901643532
B2: -0.005009260221565918 - -0.018040191586407482 - -0.007129777892725703 - 0.004610399783174353
