Number: 2767
Error: 3.743230707256274e-09
A1: [0.06364211491879462, -0.04766565242368461, -0.023238243019835222, 0.008061020504633792] - [0.04402180153314322, 0.19161820668688964, -0.14219381475159754, -0.09211638357537785] - [-0.1233768208505885, 0.4149302189321755, -0.10478930073891013, -0.18700287708053012] - [0.037541662224599114, 0.01970663175571614, -0.03259424010664311, -0.022516328302601283]
A2: [0.06318064043861032, -0.1739448110456694, 0.08606631634938704, 0.023701881695170908] - [0.029317373550286158, 0.2003257150474922, -0.10168285233610154, -0.1278462298723092] - [-0.09353627351699913, 0.5135580399426667, -0.22573243658905578, -0.19522069143887721] - [-0.025572563511810226, 0.018873615710416788, -0.049933498941781146, 0.057322035336428136]
B1: -2.533930157196811e-05 - 2.035809621291163e-05 - 4.8951228341592514e-05 - -0.00010353876875800178
B2: -7.20582688174637e-05 - 7.83711986704819e-05 - 0.00013709960578142137 - -7.526691278077049e-05
