Number: 3419
Error: 4.7114291825002015e-08
A1: [0.06680380936050227, -0.11337567096838018, -0.023395352475884038, 0.07231217101264978] - [0.03760532130776444, 0.18838686340761868, -0.14720968130454123, -0.07798740814880559] - [-0.05863476573748338, 0.33048010875094747, -0.12619481009388922, -0.13942138414880198] - [0.04017804836070748, -0.052246324810381474, -0.036322520830894635, 0.052780218975436395]
A2: [-0.008946830253750863, -0.34663094989605436, 0.2496163243513783, 0.10662817022201475] - [0.08027227214741055, 0.036532532667613346, -0.04999764505552085, -0.06581745345219914] - [-0.042635374334014174, 0.2306300758282655, -0.0407296540969318, -0.14805127651721417] - [0.06899264716676091, -0.29252301046521934, 0.14270413043476732, 0.08452662730547184]
B1: 0.00013444972411214817 - -2.866823057797756e-05 - 0.0004044155158412735 - 1.660770591100584e-05
B2: -0.0004615568430257034 - -0.00014983419254322822 - 0.00041175218721179634 - 0.00014568279948107987
