Number: 3787
Error: 9.917692092358106e-16
A1: [0.0662132602598765, -0.11395200288724948, -0.023983871763681594, 0.07172294659586653] - [0.037402638641673265, 0.1881933947675989, -0.1474089207143235, -0.07818698411066378] - [-0.06022929908876553, 0.3289508695055626, -0.12775303899774343, -0.14096825190366702] - [0.03904616160850128, -0.05332268372169437, -0.03741858800236465, 0.05169512278896252]
A2: [-0.009108680144297436, -0.3468032961763231, 0.2494549851242516, 0.10645657047616974] - [0.08003981466062537, 0.036282245008566, -0.05025012439831149, -0.06607197173655316] - [-0.042452795273612405, 0.23083191777938322, -0.040531219628117385, -0.147847812225808] - [0.06813474779570387, -0.2934678863278822, 0.14177120707865323, 0.08356182571622009]
B1: 1.2156596174248267e-08 - 2.814226759663716e-08 - -1.5240663812702344e-08 - 2.2135542287827533e-08
B2: -4.8242943460465046e-09 - 2.5358563918148737e-08 - 6.068826510330736e-10 - 5.146839139071802e-08
