Number: 9341
Error: 6.547020074535666e-11
A1: [0.05317914778362164, -0.1479946680944702, -0.026992455004618846, 0.12183442503671674] - [0.005292741885170382, 0.13081569230819623, -0.1136217209372242, -0.02257077548320066] - [-0.014475296693591478, 0.22306078912767494, -0.12707197358723252, -0.08163676123694283] - [0.027154744433705576, -0.10001175177512914, -0.04941620518708131, 0.1223064268477885]
A2: [0.0892894408975077, -0.07287847205347994, -0.12359323255805059, 0.10732179447994145] - [0.10881566045178528, 0.24978811308849933, -0.40487084356934316, 0.046162976090192424] - [0.03667692588049858, 0.4625959005867429, -0.3776774569495346, -0.12143184781066751] - [0.14350614156260236, -0.044527210657601804, -0.20142171086007477, 0.10276075453292118]
B1: 3.737854940805488e-05 - 7.349456283890529e-06 - -1.8732436377633208e-06 - -2.4343655202476066e-05
B2: -2.4308471860209907e-07 - 8.25488841618863e-06 - 9.026393737283001e-06 - -2.740803212596458e-06
