Number: 4127
Error: 1.053435143998411e-15
A1: [0.0662131864543793, -0.11395207504342289, -0.02398394551124673, 0.07172287291424403] - [0.03740262181776927, 0.18819337869350936, -0.14740893725349805, -0.07818700065130788] - [-0.0602294255798145, 0.32895074801790597, -0.12775316277438567, -0.1409683750145592] - [0.03904610225575678, -0.05332274005707276, -0.037418645424157314, 0.051695065833411435]
A2: [-0.009108541686610117, -0.3468031492942858, 0.24945512470220485, 0.1064567156415635] - [0.08003985078957701, 0.03628228392980071, -0.050250084911416686, -0.06607193191436925] - [-0.04245272861496025, 0.2308319913479778, -0.04053114819409657, -0.14784773850389848] - [0.06813475533100455, -0.29346787803118374, 0.1417712152476268, 0.08356183416468915]
B1: -3.222258902310283e-08 - 6.984391782950416e-09 - 1.7377612840354593e-08 - -2.434999913531986e-08
B2: -1.8624513122636476e-12 - -7.774064034660086e-10 - -8.04260966133962e-09 - -1.9029883121261754e-08
