Number: 8483
Error: 1.1326205004174906e-15
A1: [0.08043169196824408, -0.1804678034677057, -0.019588849698420854, 0.11962497902099124] - [0.03741550283851597, 0.1335963090781059, -0.1347262631996981, -0.036285902209856696] - [-0.0017027869475664944, 0.22819014857130715, -0.122828350626931, -0.10365887816778564] - [0.038863205410143736, -0.11448104748992667, -0.04641647039625587, 0.12203419895201605]
A2: [0.03530759499908082, -0.029273323438923235, -0.07569720549027247, 0.06966356676335429] - [0.10289374081156825, 0.28289669132239065, -0.39260640578696954, 0.006815985679922033] - [-0.011187042324661176, 0.5390146486973547, -0.35945096091035156, -0.16837640380033989] - [0.09786283830018748, 0.01746335556472847, -0.16885097349137893, 0.05352491920744319]
B1: 4.4234635137525525e-08 - -1.738594863123834e-08 - -2.34387252143605e-09 - 1.2437857662654692e-09
B2: -1.2614959530134004e-08 - 2.0079190390710787e-08 - -4.4264061452866855e-08 - 2.0759981808102965e-08
