Number: 7629
Error: 1.0341816749501174e-15
A1: [0.0804317001813559, -0.18046779525553974, -0.019588841495103988, 0.11962498723316413] - [0.037415618812510286, 0.13359642496433544, -0.13472614745689027, -0.03628578630015636] - [-0.0017027889561865097, 0.22819014656272973, -0.1228283526326127, -0.10365888017588115] - [0.03886324702041554, -0.11448100599647046, -0.04641642881251676, 0.12203424053639528]
A2: [0.03530748424106627, -0.02927343450328426, -0.07569731079794623, 0.0696634508434533] - [0.1028938123779955, 0.28289676349615217, -0.3926063365688556, 0.0068160606203969765] - [-0.011187060151702895, 0.5390146307640254, -0.3594509777841436, -0.16837642258517901] - [0.09786286287362134, 0.01746338024995887, -0.16885095009910228, 0.05352494500161059]
B1: 1.7712158707086353e-08 - 1.866284170454965e-08 - -1.9394121075458787e-08 - -4.326485303232929e-09
B2: -8.636684918945176e-09 - 7.309528233917728e-09 - 2.102219772443752e-09 - -6.93027490014178e-09
