Number: 5298
Error: 1.3906234609042273e-15
A1: [0.06621323842725733, -0.1139520242319257, -0.02398389357916798, 0.07172292479986658] - [0.03740257579256664, 0.18819333471963168, -0.14740898249973472, -0.07818704590157302] - [-0.06022933947447363, 0.32895083071704245, -0.1277530785168993, -0.14096829120997237] - [0.03904627171554274, -0.053322579211872015, -0.03741848147722137, 0.051695228449083]
A2: [-0.009108483692066, -0.34680308777130797, 0.2494551831656001, 0.10645677644555461] - [0.08003990292774425, 0.036282340097496465, -0.05025002792729362, -0.06607187444651691] - [-0.04245277010794909, 0.2308319455535348, -0.04053119265964546, -0.1478477843937271] - [0.06813479249523952, -0.2934678371118538, 0.14177125553682868, 0.0835618758325942]
B1: 4.495011026923905e-08 - 6.039991486756442e-08 - 9.443465004540679e-09 - 1.2509033642382037e-08
B2: 2.028439548986236e-08 - -1.3641961351892241e-08 - 2.7671766554789633e-09 - 3.355690889277439e-08
