Number: 8444
Error: 9.104045087833755e-16
A1: [0.0804316748309212, -0.18046782060309005, -0.019588866815253795, 0.11962496188562448] - [0.03741558976919159, 0.13359639594299408, -0.1347261764422238, -0.036285815327333645] - [-0.0017028253844067391, 0.22819011013528712, -0.12282838900749238, -0.10365891659436827] - [0.03886321327251006, -0.11448103964962857, -0.04641646253890228, 0.1220342068094945]
A2: [0.03530747166576405, -0.02927344711334748, -0.07569732275432291, 0.06966343768197993] - [0.10289375531524597, 0.2828967059491382, -0.3926063917591893, 0.0068160008673681495] - [-0.011187083794920543, 0.539014606979734, -0.35945100016296094, -0.16837644749888273] - [0.09786283669224494, 0.017463353949461084, -0.16885097502204396, 0.05352491751963453]
B1: -2.0095779086966566e-09 - 7.1535397355891435e-09 - 5.809992612066047e-09 - 1.1539094713518676e-10
B2: -1.46257103170569e-09 - 2.0378498668255016e-08 - 3.27288936933585e-09 - -1.591977904419644e-09
