Number: 4298
Error: 9.72031348459697e-16
A1: [0.06621312103822412, -0.11395213899775651, -0.023984010876072027, 0.07172280760787117] - [0.03740256250994449, 0.188193322028907, -0.14740899555763598, -0.07818705896060292] - [-0.060229251594496616, 0.3289509151211908, -0.12775299252264355, -0.14096820567848833] - [0.03904614037714058, -0.05332270387366158, -0.03741860854297074, 0.05169510241510969]
A2: [-0.009108476998813043, -0.34680308067063326, 0.24945518991337326, 0.10645678346321594] - [0.08003986348275073, 0.036282297603981634, -0.05025007103850709, -0.06607191792365848] - [-0.04245279481300143, 0.2308319182876775, -0.040531219134524434, -0.14784781171646233] - [0.06813471711111642, -0.2934679201129162, 0.14177117381362025, 0.08356179131313635]
B1: -4.3728007887221185e-08 - 2.973144963725248e-08 - 3.162076040149275e-08 - -9.483044548122224e-11
B2: 2.057179865936975e-08 - 3.864980751527373e-09 - 5.2150916721919386e-08 - -6.594583392813871e-08
