Number: 8068
Error: 9.41339870849709e-16
A1: [0.08043170827378221, -0.18046778716402803, -0.01958883341235288, 0.11962499532467019] - [0.03741558313358736, 0.13359638931241924, -0.1347261830646622, -0.03628582195929081] - [-0.001702807929721891, 0.22819012758959945, -0.12282837157836057, -0.10365889914434792] - [0.03886325215938975, -0.11448100087191496, -0.046416423676808524, 0.12203424567218236]
A2: [0.035307512920325, -0.029273405744717863, -0.07569728352998356, 0.06966348085930944] - [0.10289374519896272, 0.28289669574697324, -0.39260640154355053, 0.006815990274158167] - [-0.01118713882738692, 0.5390145516190648, -0.35945105225247936, -0.16837650548839914] - [0.09786282284607546, 0.017463340040326, -0.16885098820274383, 0.05352490298572337]
B1: 2.7024323069142814e-08 - -2.124730661778235e-09 - -1.4752119770590765e-08 - -4.419979729547886e-10
B2: 1.3229693082491506e-08 - -4.178737615250572e-09 - 1.015125988433279e-08 - 4.146578706702783e-09
