Number: 3301
Error: 1.5655310088715452e-05
A1: [0.07092782026399459, -0.10942172028869028, -0.019726753753884458, 0.07605283290815218] - [0.05219469910739423, 0.2016134060131194, -0.1327087231655692, -0.06344382198898811] - [-0.06045128506011595, 0.32922420049218215, -0.1276999985892286, -0.14098471020048953] - [0.04742333128666158, -0.04543903368866022, -0.029562318698588462, 0.059561451379061]
A2: [-0.03157613904790172, -0.3711600841972329, 0.2271831257347707, 0.0828590693469505] - [0.09825243556521113, 0.05606918505761124, -0.03051999344978223, -0.04618257524978731] - [-0.0662240608367717, 0.20317667041874526, -0.06668524021762466, -0.17478437659899496] - [0.04427413585882419, -0.3209408687666069, 0.1153862617989304, 0.0562680416846139]
B1: -0.00720304377307605 - -0.001961483008563192 - -0.0014620392084082623 - 0.0008073215584988545
B2: 0.007899692459574389 - -0.010894437174953484 - 0.0012004344321807825 - -0.0004745446009384047
