Number: 756
Error: 2.7639577596381814e-13
A1: [-0.012153040216043742, -0.014516806893702702, 0.018087674254876295, 0.008583475229530181] - [0.06583594442895917, 0.18949594293356223, -0.14532183720776276, -0.11000777134469682] - [-0.09629073432629431, 0.42178835119828095, -0.05345479439305483, -0.272033008349594] - [-0.001325187236442142, -0.018222790707281007, -0.0038390354086635273, 0.023372482050788283]
A2: [0.16158637208980042, -0.1677551154201524, 0.008500992199950432, -0.002333409443725828] - [0.035485739705302444, 0.20751673769275494, -0.11721040810449354, -0.12579201372331297] - [-0.0862137710091885, 0.581537900086809, -0.23538894686095163, -0.25993578887411467] - [-0.0038352847898221183, -0.004519602019568935, 0.0011099426387840082, 0.007243089014043017]
B1: -5.774500672157917e-08 - 9.836690106253993e-08 - -1.1089291586825289e-07 - -4.0810532888608054e-08
B2: 2.485459180933449e-07 - -2.9860770524977364e-07 - 1.0745605547899873e-06 - -8.313458800036604e-07
