Number: 5630
Error: 1.1056197145283736e-06
A1: [0.06514275811423426, -0.11499698516174071, -0.025053015403294833, 0.07065448111473853] - [0.03746979464755511, 0.18825729823881301, -0.14734323013319842, -0.07812235553713641] - [-0.0616702123702438, 0.32756926830704924, -0.1291613251537899, -0.14236783455362625] - [0.038412509424180265, -0.053921927199917015, -0.038029831671688434, 0.0510896924797177]
A2: [-0.011965631658961497, -0.3498371668835129, 0.24657381966825886, 0.10346051960534618] - [0.07913080282229812, 0.03530323232461891, -0.05124407362065762, -0.06707412402260308] - [-0.04402001230985756, 0.2291011912091454, -0.04221308160798977, -0.14958289619551218] - [0.06760711758139122, -0.2940493235928524, 0.14119551734946809, 0.08296730598717962]
B1: -0.0010298564503506175 - -0.0003705795050080036 - -0.0006877161177375342 - -0.0009989694396896256
B2: 0.00033161992583020017 - 0.0002228500399150357 - 9.456571144090555e-05 - 1.8246301792980337e-05
