Number: 7879
Error: 1.1375855988465022e-15
A1: [0.08043165178161653, -0.18046784364979934, -0.019588889836960437, 0.11962493883895943] - [0.03741562329707954, 0.13359642944549907, -0.134726142981256, -0.03628578181807337] - [-0.0017028256410211162, 0.22819010987867583, -0.12282838926372741, -0.10365891685092095] - [0.03886319753686388, -0.11448105534115728, -0.04641647826452835, 0.1220341910836031]
A2: [0.035307307814173544, -0.029273611418130476, -0.07569747854257998, 0.06966326619377951] - [0.10289366529378216, 0.2828966151636485, -0.39260647882685, 0.006815906601841605] - [-0.011187078148615668, 0.5390146126597665, -0.3594509948186084, -0.16837644154915649] - [0.09786275773611162, 0.017463274634224955, -0.16885105018329602, 0.053524834641556995]
B1: -1.3180027440468804e-08 - -5.440844337421617e-09 - 3.4333814439278746e-08 - 8.191056116022838e-09
B2: -1.796198044272048e-08 - 5.674712507144205e-08 - -2.948771357625402e-09 - -1.0695705652334312e-08
