Number: 9774
Error: 1.2273225105364439e-15
A1: [0.0531725630440373, -0.14800125806731002, -0.026999034431202457, 0.12182783489203183] - [0.005313763211280493, 0.13083673770840598, -0.1136007003845605, -0.02254971992067137] - [-0.014444377650045553, 0.22309171979227083, -0.12704108074864637, -0.08160583403713458] - [0.02714641976613938, -0.10002007836769902, -0.04942454881416729, 0.12229807997171184]
A2: [0.08925447441347877, -0.07291335722702517, -0.1236274079832297, 0.10728639634473679] - [0.1088417769921713, 0.24981422931295214, -0.40484524229463764, 0.04618952909218928] - [0.03663586956015867, 0.4625550573727915, -0.37771751091440314, -0.12147333052784216] - [0.1434263721657581, -0.04460668412912286, -0.2014995950733765, 0.10267980055400963]
B1: -5.6012733700935696e-08 - 2.763445804685056e-08 - 1.854531387750358e-08 - 2.1252528704450733e-08
B2: 1.3365256990765845e-08 - -1.738685858218497e-08 - 2.6599626917856293e-08 - -1.3570050184650249e-08
