Number: 825
Error: 5.145472162681046e-12
A1: [-0.01215286195948217, -0.014516623801634734, 0.018087871258316745, 0.008583665706514807] - [0.06583943024009876, 0.18949929614235236, -0.14531823318470224, -0.11000389024772977] - [-0.09628874646712006, 0.42179027243226064, -0.05345263735836289, -0.27203069243203465] - [-0.0013392144698353796, -0.018236280851993292, -0.0038539669396580084, 0.02335626905028975]
A2: [0.16158686311884504, -0.16775463363221288, 0.008501473296155264, -0.002332930710802462] - [0.03548681876482185, 0.2075177994144258, -0.11720933356963295, -0.12579095811522464] - [-0.08621337195030983, 0.5815382909613159, -0.23538855860772578, -0.25993539963768314] - [-0.0038351625094551417, -0.004519481759228816, 0.0011100636512769515, 0.007243206015834367]
B1: -3.0379986727332834e-06 - -7.357328458002626e-07 - -2.365723536180359e-06 - -1.1241961321895216e-06
B2: -2.1986809542280344e-06 - 7.295233429262542e-08 - -3.1341505768069455e-07 - -5.748526591620935e-06
