Number: 5778
Error: 9.498064160532201e-05
A1: [0.1095829638658881, -0.1535942135177303, 0.007516648281667418, 0.14731629273887045] - [0.07607514901228175, 0.16745358242740396, -0.10064902115874146, -0.00084412531232546] - [0.020623082913851468, 0.2523440399109784, -0.1000072654499565, -0.08098837812589327] - [0.05782523554514684, -0.09253835967752538, -0.024719987305704967, 0.14281530005236864]
A2: [0.008150624791758513, -0.05768410047732363, -0.09869165345642347, 0.044476453334807146] - [0.10241720884175683, 0.28292444007499906, -0.39475449308065635, 0.004412076386070926] - [0.021431335426518965, 0.5730928136703201, -0.328565976054491, -0.1363543229884319] - [0.11512010309023832, 0.035320497899313616, -0.15168528158097996, 0.07086262051401339]
B1: 0.0071832520586397755 - -0.004056355859745326 - 0.001651723708569643 - 0.0022749843400309173
B2: -0.004661493247921124 - 0.0036640936002727536 - -0.001707446610553642 - -0.022985038916211613
