Number: 7688
Error: 1.0712970787929054e-15
A1: [0.08043166869380859, -0.18046782673952094, -0.019588872944987696, 0.1196249557492214] - [0.03741556242405922, 0.13359636861856022, -0.1347262037329738, -0.03628584265736476] - [-0.0017028450063293233, 0.22819009051378225, -0.12282840860068123, -0.10365893621106066] - [0.038863215627264726, -0.11448103730152122, -0.04641646018564958, 0.12203420916276381]
A2: [0.035307527779972044, -0.02927339084395928, -0.07569726940167004, 0.06966349641159955] - [0.10289371518566054, 0.2828966654789469, -0.3926064305720539, 0.006815958845885851] - [-0.01118717264355767, 0.539014517601219, -0.35945108426022576, -0.16837654112166642] - [0.09786276236807874, 0.017463279287259787, -0.16885104577395182, 0.053524839503600555]
B1: -4.1261799111028656e-08 - -2.609862246213646e-08 - 2.1495992551480368e-08 - 6.96508778889218e-09
B2: -1.1524101504185132e-08 - -1.9370385705756806e-08 - -1.417756629112362e-08 - -1.024535581900064e-08
