Number: 8138
Error: 9.7215962107721e-16
A1: [0.08043170956122772, -0.1804677858767502, -0.019588832126484556, 0.11962499661194573] - [0.037415563901750985, 0.1335963700951753, -0.13472620225812032, -0.03628584118043579] - [-0.0017028043128809454, 0.22819013120635795, -0.12282836796682475, -0.10365889552847757] - [0.03886323607745231, -0.11448101690872718, -0.04641643974851209, 0.12203422960023246]
A2: [0.035307462096189526, -0.02927345670936685, -0.07569733185298479, 0.06966342766643115] - [0.10289374836203387, 0.28289669893688557, -0.39260639848426787, 0.006815993586351461] - [-0.011187146478203047, 0.5390145439225856, -0.3594510594941708, -0.1683765135503171] - [0.09786273886609347, 0.01746325567834109, -0.1688510681463854, 0.05352481483422274]
B1: 1.5229253849468433e-08 - -4.260708017425961e-09 - 1.7785920410008494e-09 - 1.8259221548491373e-08
B2: 2.031985322202407e-08 - -1.2046781899343715e-08 - 6.6484529606180665e-09 - 9.293665474341919e-09
