Number: 4531
Error: 9.172702295318215e-16
A1: [0.06621308518417052, -0.11395217405061013, -0.02398404670200122, 0.07172277181396207] - [0.03740251232152309, 0.18819327407725925, -0.14740904489670106, -0.0781871083040592] - [-0.06022939015879014, 0.32895078203784484, -0.12775312811346773, -0.140968340539918] - [0.03904601112038006, -0.05332282655933532, -0.037418733594591795, 0.05169497837888497]
A2: [-0.009108555473650673, -0.3468031639201869, 0.2494551108035161, 0.10645670118655076] - [0.08003985433684896, 0.036282287751245396, -0.05025008103442802, -0.06607192800445533] - [-0.04245266808029619, 0.23083205815763946, -0.04053108332274198, -0.14784767155493367] - [0.06813477678425768, -0.29346785441022966, 0.14177123850484993, 0.08356185821775454]
B1: 7.245440224441797e-09 - -2.839327584827835e-09 - 2.25202207368662e-08 - -3.4905536879584615e-08
B2: 7.3856675219710195e-09 - 1.5882407520036173e-08 - -2.8020970675856936e-08 - 1.3321578025862926e-08
