Number: 5574
Error: 6.738395392654844e-09
A1: [0.06621257044056675, -0.11395265787997647, -0.023984549172414087, 0.07172226646242238] - [0.03740216054428739, 0.18819295432777294, -0.1474093830888205, -0.07818744956367268] - [-0.060327544510423894, 0.32885654691087823, -0.12784914596612273, -0.14106384876145137] - [0.03893852941114211, -0.05342482028311524, -0.03752269197568468, 0.051591858929497775]
A2: [-0.008963270866534537, -0.34664903522531043, 0.24960159515977937, 0.10660904079726251] - [0.08005415024080102, 0.03629769198663117, -0.05023445492013707, -0.06605616773515628] - [-0.042464749658120284, 0.2308187312861004, -0.04054404423264357, -0.14786103387051544] - [0.06812559456104418, -0.29347795772421653, 0.14176127277864703, 0.08355156185107679]
B1: 7.476495153657797e-05 - 2.8170154710392497e-05 - 2.957550028116441e-05 - 3.882419856842014e-05
B2: -2.73169373373138e-05 - -2.077295354816176e-05 - -4.4906650620840556e-05 - -3.937870882808392e-05
