Number: 4467
Error: 8.588511274576332e-16
A1: [0.06621319291234218, -0.11395206872979505, -0.02398393905837152, 0.07172287936135585] - [0.03740262343500303, 0.1881933802386638, -0.14740893566362692, -0.07818699906130973] - [-0.06022937743728927, 0.32895079425609225, -0.12775311566500164, -0.14096832815849186] - [0.039046153786548285, -0.05332269114592702, -0.0374185955697994, 0.05169511528298845]
A2: [-0.009108525896378393, -0.3468031325433384, 0.2494551406201491, 0.1064567321966995] - [0.08003980352397173, 0.03628223301123425, -0.05025013657000424, -0.06607198401157863] - [-0.04245282873009312, 0.2308318808547225, -0.040531255481375414, -0.14784784922736166] - [0.06813475353945975, -0.2934678800037344, 0.1417712133054184, 0.08356183215606292]
B1: -2.422559692359119e-08 - -9.179682874116192e-09 - -7.788516796639418e-10 - -6.144807855389861e-09
B2: 1.3032291647544116e-08 - 4.44265702852593e-09 - -7.504374701717889e-08 - 2.210941924185511e-09
