Number: 6262
Error: 1.1251050251651849e-15
A1: [0.08043165523098494, -0.18046784020080814, -0.01958888639171895, 0.1196249422879347] - [0.03741555626787386, 0.13359636246704246, -0.13472620987690773, -0.03628584881014166] - [-0.0017028294401638844, 0.22819010607962345, -0.12282839305731377, -0.10365892064905328] - [0.03886321377899907, -0.1144810391445877, -0.04641646203274272, 0.12203420731564905]
A2: [0.03530746972048547, -0.02927344906403662, -0.07569732460397799, 0.06966343564615139] - [0.10289368841498239, 0.28289663848104507, -0.3926064564642823, 0.006815930813012056] - [-0.011187175840399776, 0.5390145143853059, -0.3594510872860092, -0.16837654449040923] - [0.09786276665027907, 0.01746328358892847, -0.1688510416975194, 0.05352484399845061]
B1: 1.2666932710013614e-08 - -1.8377738610620354e-08 - -2.558985777369158e-08 - -1.097785044312049e-08
B2: -1.5885334280041957e-08 - -1.3971136781976327e-08 - 1.3400669961579163e-10 - -6.229432214284122e-09
