Number: 4801
Error: 1.0608783208934728e-15
A1: [0.06621312961651342, -0.11395213061117088, -0.023984002304531758, 0.07172281617172671] - [0.03740257166514027, 0.1881933307760757, -0.14740898655737858, -0.07818704995956807] - [-0.06022940374691038, 0.32895076898716086, -0.1277531414100336, -0.14096835376491462] - [0.03904613227162914, -0.053322711567075014, -0.0374186163847489, 0.05169509463698094]
A2: [-0.009108418412068409, -0.3468030185195135, 0.24945524897402183, 0.10645684488793339] - [0.08003989501093353, 0.03628233156885926, -0.050250036579960675, -0.06607188317255877] - [-0.0424527905827079, 0.23083192295649735, -0.04053121460105093, -0.14784780703788136] - [0.06813472200621892, -0.2934679147231257, 0.14177117912023526, 0.08356179680158074]
B1: 3.372251552052925e-08 - 2.9012570578867317e-08 - 3.073550625699307e-08 - 2.2382779439380052e-09
B2: 6.9240101766590456e-09 - 7.859600684328925e-09 - 6.293843101438874e-09 - 2.2650264868191902e-08
