Number: 6441
Error: 9.540505260084483e-16
A1: [0.08043171057942344, -0.1804677848586423, -0.019588831109462333, 0.11962499763004904] - [0.03741560528085735, 0.13359641144292608, -0.13472616096158418, -0.03628579982431145] - [-0.0017028033821056266, 0.22819013213712305, -0.12282836703740795, -0.10365889459795187] - [0.038863219428051314, -0.1144810335113919, -0.04641645638728889, 0.12203421296118767]
A2: [0.03530744356734147, -0.02927347528951519, -0.07569734947004277, 0.06966340827403465] - [0.10289378667374821, 0.2828967375737484, -0.3926063614297103, 0.006816033704337848] - [-0.011187062371058714, 0.5390146285314485, -0.3594509798848722, -0.16837642492372512] - [0.09786282003032425, 0.017463337211784082, -0.16885099088319927, 0.05352490003015365]
B1: -2.526592207546153e-09 - 1.773718924990449e-08 - 9.039261712751805e-09 - 3.06371830141004e-09
B2: 1.6539471940007844e-08 - 7.801289179348765e-09 - 1.4191633628548985e-08 - -9.776705558272301e-09
