Number: 6054
Error: 6.343147570541858e-14
A1: [0.08043295873150635, -0.18046653684861524, -0.01958758445066382, 0.11962624563880091] - [0.03741692211856106, 0.13359772728226355, -0.13472484675020274, -0.03628448371795226] - [-0.001701329420704355, 0.22819160606917865, -0.12282689523170542, -0.10365742102810037] - [0.03886470777520059, -0.11447954934066552, -0.046414968988148196, 0.12203570038350764]
A2: [0.035307520708247685, -0.0292733979361273, -0.07569727612296648, 0.06966348901152336] - [0.10289260569538078, 0.28289554657196747, -0.39260750365541947, 0.006814797047005256] - [-0.01118899957681237, 0.5390126797715812, -0.35945281348938846, -0.168378466226179] - [0.09786157510989359, 0.01746208662882519, -0.16885217596496668, 0.0535235932685348]
B1: 5.907730133803135e-07 - 4.2024683570829893e-07 - -6.956039203971842e-08 - -1.297465329364598e-07
B2: -5.797102412222264e-07 - -8.998963818455266e-07 - 2.002622814537024e-06 - 4.1599848231066055e-08
