Number: 1226
Error: 1.2486787860015565e-07
A1: [-0.00562175373945817, -0.013410634501144289, 0.004625288336713056, 0.021061080490256342] - [0.06670369455774776, 0.1897664647857793, -0.14686269110318406, -0.10999904209919288] - [-0.11268234735533421, 0.4416926101269863, -0.07088423526573848, -0.25820620216682305] - [-0.024659074425770103, 0.014079252648583597, -0.031244181242865647, 0.037546784881912355]
A2: [0.1328754564077725, -0.22335897579412523, 0.023933615860538205, 0.07142093057183206] - [0.033296261113675944, 0.204389159532742, -0.11424121579429976, -0.12082226771844298] - [-0.09202775766069902, 0.5580964321249976, -0.2326547631843064, -0.22308517592627217] - [-0.01898722540783445, -0.017463178773903458, 0.009943299244335893, 0.033952762629829124]
B1: -8.327869948099642e-05 - 0.0005417709818942527 - -0.00010674638984562023 - -0.0003884159515939462
B2: 0.0005488550710102567 - 0.0005162302356115617 - -7.797263981834256e-07 - -0.0004236512800063489
