Number: 5342
Error: 1.2740938346983288e-15
A1: [0.06621317257338788, -0.1139520886142016, -0.023983959381348764, 0.07172285905652476] - [0.03740260152575979, 0.18819335930597667, -0.14740895720201463, -0.07818702060161324] - [-0.060229422482030365, 0.3289507509926981, -0.12775315974330914, -0.1409683719995271] - [0.0390460769715256, -0.053322764055791366, -0.037418669885685936, 0.05169504157040127]
A2: [-0.009108800856856641, -0.3468034242325077, 0.24945486343468695, 0.1064564439163324] - [0.0800399323869284, 0.036282371833439755, -0.050249995730158654, -0.06607184197596505] - [-0.04245283399024496, 0.2308318750493541, -0.04053126111823599, -0.14784785504482317] - [0.06813474680976206, -0.2934678874133473, 0.1417712060095456, 0.08356182461102063]
B1: 2.918336397428575e-09 - -6.717642666089134e-08 - 2.8758892775792912e-08 - 3.389085297458084e-08
B2: 1.2043790773031117e-08 - 4.601010544569604e-09 - 5.57599274556064e-08 - -3.252221760899022e-08
