Number: 2304
Error: 3.8201537317816965e-05
A1: [0.05354381186853547, -0.05553046240284984, -0.03577904833027388, 0.00018537113858352067] - [-0.0015061295451984117, 0.14724468423261364, -0.19079841049673626, -0.14147371134140058] - [-0.12499688249194077, 0.42107671850938316, -0.10093665750844925, -0.18186906829581415] - [0.040932498446316544, 0.030646837555288166, -0.020720619259612157, -0.013102736160166394]
A2: [0.09043708487326546, -0.15024710143124276, 0.11648307043851201, 0.05090956576912204] - [0.06890659164475509, 0.23793179944793205, -0.062391893337380294, -0.0897248708040535] - [-0.10643466595378659, 0.4992363631495454, -0.23991691540881246, -0.2119539089381994] - [0.023595947201392548, 0.0666809519463755, 0.00026240166121525507, 0.1058603208290619]
B1: -0.003460420192739881 - 0.017395203201365315 - 0.011350799112964547 - 0.002579888139193038
B2: 0.023334817285484394 - 0.0014828803832336018 - 0.008488382868801839 - 0.004084047588788095
