Number: 3236
Error: 0.00289006563414954
A1: [0.1840457004480725, 0.020793353562335574, 0.08368653468476482, 0.1837605187082293] - [-0.06433600566886474, 0.07897554760940635, -0.25210130399917935, -0.1784234815264413] - [-0.39805736560740707, 0.0652239263189534, -0.42584454955715656, -0.43336050627119016] - [-0.21634844457064567, -0.25967560850313626, -0.27387908387495097, -0.17817408488297115]
A2: [-0.03418375142819394, -0.4476709979608714, 0.207602879544914, 0.02144198824546681] - [-0.2279895736906597, -0.15916514625239436, -0.2673011967591999, -0.3082779420170509] - [-0.09107552381036008, 0.23647808340918458, -0.11446982148079812, -0.21793087848698028] - [0.022590591595382722, -0.25700079933055286, 0.07560038635934788, 0.02856456754504811]
B1: -0.10268972714340144 - -0.41872111274504076 - -0.18986799487246078 - -0.19176065389722086
B2: -0.2612195128886875 - -0.3413551249680029 - -0.0902631702648985 - -0.11025535314616113
