Number: 2779
Error: 4.531228077738871e-09
A1: [0.06338252897548753, -0.04792428397671798, -0.023495491229384324, 0.007803311003067068] - [0.043663519237070514, 0.1912723052862484, -0.14256276088320424, -0.09251037643120698] - [-0.12346204326171856, 0.41484500925987833, -0.10487514412867008, -0.18708854538467387] - [0.036712784958060095, 0.01887671284252702, -0.03342201399422296, -0.02333989366182572]
A2: [0.06377613980870815, -0.1733523300867002, 0.08665966555735774, 0.0242900024030934] - [0.0291879444414883, 0.20019819414913717, -0.10181187150242114, -0.12797290667613329] - [-0.09302799261003618, 0.514056849123305, -0.22522335443289374, -0.19472837190230916] - [-0.026009989975952406, 0.018438510770162845, -0.050371101999533596, 0.05689598209319867]
B1: -7.621587771569352e-05 - 3.5801263166962145e-05 - -0.00015555466050835393 - 6.064376135060387e-05
B2: 3.356257505635449e-05 - -0.00014629806358965665 - -1.0718573363241205e-05 - 3.602022039885905e-05
