Number: 2588
Error: 1.0411550036071737e-08
A1: [0.06337864057524505, -0.047922936757922016, -0.02349657864607274, 0.007802218295500581] - [0.04374301304268212, 0.191349264554315, -0.14248085277518002, -0.09242321840639889] - [-0.12374710951991409, 0.41456955452845695, -0.10515221366517315, -0.18736417175660375] - [0.03735926517185788, 0.019530739680774747, -0.032772851113926214, -0.02269372858716718]
A2: [0.06309265655317904, -0.1740377086282514, 0.08598209936207808, 0.02361435511198339] - [0.029327585552754894, 0.20033550543348938, -0.10167271183127552, -0.12783657417678548] - [-0.09322705293079847, 0.5138605731976198, -0.22542556466670052, -0.19492133340627535] - [-0.025605243890654203, 0.018843399034666114, -0.04997207130618416, 0.05728882202970087]
B1: -1.209904443128853e-05 - -9.349844750437205e-07 - -0.00011485712743527491 - -0.0002088265740850012
B2: -0.00023314986299974774 - 0.00013202894548857645 - 0.00014425132169052873 - -0.000321378982127428
