Number: 329
Error: 2.3602195378845922e-09
A1: [-0.012217892725049253, -0.014583417711824118, 0.018016003332154678, 0.008514206308912173] - [0.06578170270177168, 0.18944376380812067, -0.14537792433012908, -0.11006816648231431] - [-0.09664493747302519, 0.4214460339685313, -0.05383913092017745, -0.2724456877204904] - [-0.0016971455900196316, -0.018580501804966874, -0.0042349600341770755, 0.022942538970135602]
A2: [0.16157403174941068, -0.16776723984456457, 0.00848888761131405, -0.0023454583112413334] - [0.035438842869436625, 0.20747059861040987, -0.11725710304331903, -0.1258378803255944] - [-0.08624858784882737, 0.5815037928010772, -0.23542282947392545, -0.25996975010859535] - [-0.0038712295911883473, -0.004554925760381363, 0.0010744058671543339, 0.007208735577891343]
B1: 3.0470334724923812e-05 - -0.00022120016505292276 - 2.5893900868611236e-05 - -3.670269218355454e-06
B2: -4.808626261194561e-05 - -0.00029867136552232706 - 8.473703533443422e-05 - 7.473520216732297e-05
