Number: 8278
Error: 9.234915896248245e-16
A1: [0.08043169822310557, -0.18046779721358563, -0.0195888434510626, 0.11962498527510856] - [0.03741563859171581, 0.1335964447286179, -0.1347261277169437, -0.03628576653181823] - [-0.0017027946819903545, 0.22819014083703903, -0.12282835835003646, -0.10365888590016269] - [0.03886324838062845, -0.11448100464007364, -0.04641642745318429, 0.12203424189575798]
A2: [0.03530737077810093, -0.02927354828002046, -0.07569741867724313, 0.06966333209232428] - [0.10289371454776673, 0.2828966648356471, -0.392606431189011, 0.0068159581779192215] - [-0.011187118943856359, 0.5390145716211568, -0.35945103343227064, -0.1683764845364572] - [0.0978629043639548, 0.017463421928975004, -0.16885091060284543, 0.05352498855277985]
B1: 2.872957322449286e-08 - -3.1947950138324226e-08 - 3.927647711127016e-08 - 2.687572869269847e-08
B2: 1.1371430702586754e-09 - 2.295855650416232e-08 - 2.26069682384644e-08 - -6.813249164679076e-10
