Number: 638
Error: 1.0657603031775633e-14
A1: [-0.012152731986270997, -0.014516490312042931, 0.018088014943376952, 0.008583804608065383] - [0.06583556263880268, 0.1894955756676497, -0.14532223194564062, -0.11000819643021735] - [-0.09629223897018106, 0.4217868969870147, -0.053456427108911464, -0.2720347613325257] - [-0.0013216016110200448, -0.0182193423497157, -0.003835218625720412, 0.02337662642938167]
A2: [0.16158651704237, -0.1677549731938513, 0.008501134234589314, -0.0023332681355913904] - [0.03548554183899972, 0.20751654300604302, -0.11721060514203226, -0.12579220728805995] - [-0.08621391161071423, 0.581537762372652, -0.2353890836668041, -0.25993592598283904] - [-0.003834760301579757, -0.0045190862488313655, 0.0011104617597566028, 0.007243590807968622]
B1: -3.123496326268606e-08 - -5.473315179728367e-08 - 9.517099169840269e-08 - -4.897192338161825e-08
B2: -8.469165778482624e-08 - 3.9799403005292245e-07 - -1.9890539989697217e-07 - 6.880522879374692e-08
