Number: 3483
Error: 6.249042821913339e-10
A1: [0.06618841800942586, -0.11397629482521253, -0.02400870443353474, 0.07169814633722478] - [0.037377366909935275, 0.18816924449419942, -0.1474337515603528, -0.07821183445716508] - [-0.060363180965333545, 0.32882227702972366, -0.12788403072720356, -0.14109856982535676] - [0.039107396363033474, -0.05326456268102378, -0.03735931581791855, 0.051753894890813626]
A2: [-0.009076669342067776, -0.34676933710417707, 0.24948725580120518, 0.10649016101664319] - [0.08002388425977071, 0.0362650809221948, -0.05026753314923219, -0.06608951945651893] - [-0.04239912530077583, 0.2308911185816589, -0.040473738341698505, -0.14778846630804743] - [0.06810281223360205, -0.29350304616192263, 0.1417366073866845, 0.08352603278678912]
B1: -1.5426865941929715e-05 - 3.577199535935798e-05 - -0.00010052568255216343 - 2.692061940107727e-05
B2: -2.705272033569755e-06 - 3.532149850131691e-05 - -3.9534288013338715e-05 - -7.376578982514854e-06
