Number: 4551
Error: 9.100963731596834e-16
A1: [0.06621310694435822, -0.11395215277668837, -0.02398402495889248, 0.07172279353762842] - [0.03740253810766932, 0.18819329871417484, -0.14740901954694346, -0.0781870829520591] - [-0.060229281303847394, 0.32895088658704724, -0.12775302159442756, -0.14096823459377872] - [0.039046078413001485, -0.053322762687692093, -0.0374186684912229, 0.05169504295363842]
A2: [-0.009108600847199883, -0.3468032120543925, 0.24945506506284595, 0.1064566536148887] - [0.08003983271997653, 0.03628226446368846, -0.05025010466042969, -0.06607195183107248] - [-0.04245293576383619, 0.23083176272578015, -0.04053137018279674, -0.14784796760251184] - [0.06813474301499164, -0.29346789159162434, 0.14177120189572348, 0.08356182035621319]
B1: -2.551398547415335e-08 - -1.4535520223442492e-08 - -2.4389402648461346e-08 - 1.4800791065671236e-08
B2: -1.4823959921712396e-08 - -3.0721508574347436e-08 - -2.246395006365164e-08 - 1.5096362982202096e-08
