Number: 6515
Error: 9.54118270619478e-16
A1: [0.08043168553645154, -0.18046780989877786, -0.019588856122490044, 0.11962497258993726] - [0.03741557752783934, 0.1335963837109131, -0.1347261886593035, -0.036285827561956016] - [-0.0017028045512024823, 0.22819013096805138, -0.12282836820479298, -0.10365889576673668] - [0.038863213342948365, -0.11448103957941802, -0.04641646246851448, 0.12203420687986664]
A2: [0.03530744219400057, -0.02927347666665462, -0.07569735077579748, 0.06966340683668401] - [0.10289373251130891, 0.28289668295162473, -0.3926064138149035, 0.006815976988333726] - [-0.011187098295060548, 0.5390145923931735, -0.3594510138877059, -0.16837646277811727] - [0.09786280060197963, 0.017463317695066025, -0.16885100937771852, 0.05352487963670846]
B1: -2.2370064510370587e-09 - 1.2752469549898152e-09 - -1.8780658048282113e-09 - 8.120809765508029e-10
B2: 7.834871343696495e-10 - -6.986104367557124e-09 - 1.4991106643760802e-08 - -1.1395718066616148e-08
