Number: 7625
Error: 8.468499260636585e-16
A1: [0.08043172221218894, -0.1804677732272019, -0.01958881949061396, 0.11962500926148043] - [0.037415634189280095, 0.13359644032946727, -0.13472613211075937, -0.03628577093190473] - [-0.0017027795322686536, 0.22819015598644654, -0.12282834322249327, -0.10365887075447862] - [0.0388632685694686, -0.11448098450789189, -0.046416407277195725, 0.1220342620720548]
A2: [0.03530747710526416, -0.029273441658822678, -0.07569731758258216, 0.06966344337506888] - [0.10289379739040522, 0.2828967483813623, -0.3926063510646632, 0.0068160449262093204] - [-0.01118696588839908, 0.5390147255895598, -0.35945088856179325, -0.16837632325673607] - [0.09786291330434037, 0.017463430910066014, -0.16885090209228196, 0.05352499793740302]
B1: 5.066228817186083e-09 - -5.644125565334807e-09 - -2.65204311248599e-08 - -1.801904053398002e-08
B2: -1.794887177612307e-08 - -8.554586211601777e-09 - -1.135570643684152e-08 - -1.5909429209677224e-08
