Number: 1925
Error: 7.258486692369719e-07
A1: [-0.009298032499240692, -0.01707956592087618, 0.0008045248751439318, 0.01725178896884434] - [0.06939015906373901, 0.192357792069007, -0.14407433262869526, -0.10703613520108005] - [-0.11815814810762472, 0.4361829044303213, -0.07677349434284285, -0.2642193709644919] - [-0.030092845325405227, 0.008648137274818814, -0.03699127663011329, 0.03176044169641779]
A2: [0.1308817356448476, -0.2253392890627325, 0.021837320950774092, 0.06936980467375893] - [0.02949843512736738, 0.2006779179682413, -0.11800891367828699, -0.12451548973328014] - [-0.09507800602100276, 0.5550913100845031, -0.23565334476920982, -0.22602376789324008] - [-0.014481891207653282, -0.013076330339134738, 0.014308968248288888, 0.038187113429961984]
B1: 0.002655654941490204 - 0.00039959975880691275 - 0.0015273713300734554 - -0.0003274606112759492
B2: 0.0023773119990026497 - 0.0035235235408820824 - 0.00028573218439743625 - 0.00016564456219893557
