Number: 3591
Error: 4.525845338143723e-12
A1: [0.06621354293412199, -0.11395172661814543, -0.023983589490066626, 0.07172322874857003] - [0.03739994246528592, 0.1881908187494402, -0.1474115712646902, -0.07818963483393541] - [-0.06022709677079693, 0.3289529847104503, -0.12775088374713506, -0.14096610859450806] - [0.039055470921623536, -0.05331384769878369, -0.037409581607410335, 0.05170405601311599]
A2: [-0.009115771888995611, -0.34681081932831187, 0.24944783600353845, 0.10644913516653173] - [0.08004563796137637, 0.0362885184139254, -0.05024375986842813, -0.06606555317974037] - [-0.042449283003153045, 0.23083579410466384, -0.040527455896013136, -0.1478439279094481] - [0.06815073671596024, -0.29345028187929834, 0.14178854075774402, 0.08357975246575976]
B1: 4.895347042230369e-06 - -1.2172560380447508e-06 - 2.944710104458764e-07 - -1.8426496050697978e-06
B2: 1.8218485583363731e-06 - -2.3696103801462124e-06 - -1.658197225426945e-06 - 3.172121372479873e-07
