Number: 5500
Error: 7.649486961005283e-13
A1: [0.0662137019084112, -0.11395157110523614, -0.023983430460683068, 0.07172338750499858] - [0.03740349911251185, 0.18819421689022728, -0.14740807480459353, -0.0781861381258433] - [-0.0602279673977629, 0.3289521485223379, -0.12775173588194347, -0.14096695579518875] - [0.03904540370801109, -0.05332340309969505, -0.03741932126351172, 0.05169439548189054]
A2: [-0.00910780878575293, -0.3468023718045533, 0.24945586353116944, 0.10645748403786197] - [0.08004172740704106, 0.03628430558343079, -0.05024803387952058, -0.06606986346287715] - [-0.04245332735114394, 0.2308313305459329, -0.04053178981976041, -0.1478484006752674] - [0.06813428351295635, -0.29346839752285064, 0.14177070375448017, 0.08356130517888123]
B1: -3.669786718766746e-07 - 1.0909404340619193e-07 - -2.0973248348628137e-07 - -1.2693137090026842e-07
B2: 7.609976124163279e-07 - -2.596958429022237e-07 - 2.0444573436968612e-06 - 1.904573014950494e-08
