Number: 5394
Error: 1.1333546668141171e-15
A1: [0.06621316879709402, -0.11395209230607602, -0.02398396315465474, 0.07172285528659592] - [0.037402676523656614, 0.18819343096146218, -0.14740888347328113, -0.07818694686635881] - [-0.06022934059453055, 0.32895082964137257, -0.12775307961272112, -0.14096829229991825] - [0.03904608229563483, -0.05332275900234574, -0.03741866473471718, 0.051695046679558126]
A2: [-0.009108773328401631, -0.3468033950291528, 0.24945489118580635, 0.10645647277841785] - [0.08003974900472334, 0.03628217427854656, -0.050250196155969644, -0.0660720441037498] - [-0.04245291026224927, 0.23083179087119204, -0.04053134285432146, -0.14784793939844948] - [0.06813474954462274, -0.29346788440216864, 0.141771208974173, 0.08356182767723667]
B1: -1.895874352574275e-08 - -1.3457614047941462e-07 - 4.595112000864402e-09 - 1.722375807143621e-08
B2: -3.7361882390260765e-08 - 4.3876097559477775e-09 - 1.3927864943632079e-08 - -5.978267675101899e-08
