Number: 8244
Error: 8.456139257613772e-16
A1: [0.08043168901516871, -0.18046780642048493, -0.01958885264798887, 0.11962497606822026] - [0.03741556316529731, 0.13359636935929156, -0.13472620299307775, -0.036285841916453974] - [-0.001702837564317493, 0.22819009795562903, -0.1228284011695787, -0.1036589287710449] - [0.03886323922152825, -0.11448101377347573, -0.0464164366064474, 0.12203423274234709]
A2: [0.03530741872755113, -0.02927350019794679, -0.07569737308741602, 0.06966338227652566] - [0.10289372558588641, 0.28289667596744267, -0.39260642051307887, 0.00681596973642789] - [-0.011187119219656436, 0.5390145713437163, -0.35945103369331827, -0.16837648482707657] - [0.0978627654707197, 0.017463282403978632, -0.1688510428204683, 0.05352484276038199]
B1: -5.9582590847316994e-09 - 5.4015574249734054e-09 - -2.0461672838230125e-09 - -1.7015232146687002e-09
B2: 7.296167732414003e-09 - -1.63488736714745e-08 - -4.690290843205361e-09 - 7.277413369735812e-09
