Number: 2963
Error: 3.218660832726398e-08
A1: [0.06424236643194473, -0.047066609409717096, -0.022642620983288415, 0.008656132020338806] - [0.04341901682057703, 0.19103646732784457, -0.14281424790080113, -0.0927780221784051] - [-0.12308834530003146, 0.41522034596459906, -0.10449880874495925, -0.1867124509254356] - [0.037280479972826686, 0.019447126912084986, -0.03285595069544651, -0.022775308949957464]
A2: [0.06242546235260271, -0.1746967021749538, 0.08531242285676889, 0.02295434405799283] - [0.02908140105350996, 0.20009312608360097, -0.10191837014740013, -0.12807750858640063] - [-0.09325643576769943, 0.5138328463808279, -0.22544950812727566, -0.19494674410976964] - [-0.025469331794893572, 0.018974316126850323, -0.04982915710007947, 0.05742487113417694]
B1: -0.00024735226163311963 - -0.00017737659499888404 - -6.882282712410906e-05 - 7.38876596086165e-05
B2: 0.00012054977488525145 - -8.216586531169937e-05 - -5.745105708186623e-05 - 5.653225869915462e-05
