Number: 1015
Error: 0.0001414237673478732
A1: [-0.052472686675558045, -0.05779931219757637, -0.03671992428242366, -0.03328315786008619] - [0.07272957572706162, 0.19578158648515293, -0.1395389804613593, -0.10279527563065328] - [-0.10850050498847806, 0.40767844891645993, -0.08439980972320472, -0.2874738994955188] - [-0.0026006257892018285, -0.017709460557506006, -0.022660646244253277, 0.023590379234458763]
A2: [0.16552819487907391, -0.17897105277320685, 0.014837456645156111, 0.014270665600899178] - [0.037855762687597425, 0.206923630234312, -0.11444597862479272, -0.12158164119797922] - [-0.06614284693248973, 0.5987956324212644, -0.20713482572431013, -0.23140688818613503] - [0.006166997844226306, 0.004831239876930854, 0.016696117710352135, 0.02405247865152061]
B1: 0.008499331880572517 - -0.02035150556942461 - 0.025392734096503607 - 0.014200427017007558
B2: 0.004734088548702636 - 0.0016017829939914685 - -0.005131807408247875 - -0.01435604174424529
