Number: 1597
Error: 1.6438124945316667e-07
A1: [-0.00733872007728347, -0.015145719079142632, 0.002841885248527995, 0.01929469078356574] - [0.06512916056907321, 0.18825112812026615, -0.14849036779980126, -0.11175027172225277] - [-0.1090850515847525, 0.44521779090743674, -0.06713932541738805, -0.25430788742692223] - [-0.023395432010324554, 0.015316831989278681, -0.02996100636652317, 0.03888116612156759]
A2: [0.13164059757931545, -0.2245780169809752, 0.022719062965807883, 0.0702111728502265] - [0.03271371386081894, 0.2038154320199356, -0.11482080976949384, -0.12139118553694976] - [-0.09452021277768086, 0.5556419890379163, -0.2350982581895592, -0.22553432200424814] - [-0.02159473563786937, -0.020039796236417325, 0.007349855125074283, 0.0314398830126252]
B1: -0.00010535524560207759 - -0.0007566204812252325 - 0.0006248743800120059 - -0.0003963920642840099
B2: -0.00012237886651873342 - -0.0010619668727695375 - 0.0003921293738857276 - 8.015289531442481e-05
