Number: 4000
Error: 1.0104203850738578e-15
A1: [0.06621317721641673, -0.11395208407494956, -0.023983954741959867, 0.07172286369178302] - [0.03740258894908159, 0.18819334728971227, -0.14740896956594202, -0.07818703296660212] - [-0.06022939242558632, 0.3289507798607047, -0.12775313033161198, -0.14096834274629336] - [0.03904625641675216, -0.05332259373330544, -0.037418496278562724, 0.051695213767965195]
A2: [-0.009108682394387065, -0.3468032985632945, 0.24945498285595788, 0.10645656811710133] - [0.08003978367412745, 0.03628221162722346, -0.0502501582647954, -0.06607200589061432] - [-0.042452897805703375, 0.23083180461852304, -0.0405313295056019, -0.14784792562252014] - [0.06813471943587308, -0.29346791755332213, 0.1417711763338184, 0.0835617939195718]
B1: 3.540058808152711e-08 - -1.529119244150646e-09 - 2.6726519844649837e-08 - 1.911515135753991e-08
B2: 4.468847180624257e-09 - -2.079367224682233e-08 - 1.2233419895540697e-08 - 4.26590445007321e-08
