Number: 1334
Error: 5.3002906949439655e-09
A1: [-0.00714632021865622, -0.014952134990878703, 0.0030402326569423824, 0.01949704786656889] - [0.06674512637874684, 0.1898058742636695, -0.14681957905912996, -0.10995311877172505] - [-0.11195707005660736, 0.4424016988404502, -0.07013445189052722, -0.25741949929073066] - [-0.023331094915091517, 0.015381869195586059, -0.029895259970355414, 0.03895197791879117]
A2: [0.13182311025654045, -0.22439544976010456, 0.022899984555182086, 0.0703922515220083] - [0.03270081948824035, 0.2038029015839264, -0.1148340679918568, -0.12140410289080189] - [-0.09451527309712597, 0.5556460324376565, -0.23509654051853388, -0.225529423958783] - [-0.020693039929966024, -0.019143609642086598, 0.008251623504651992, 0.032310713573043486]
B1: 5.280223909271307e-05 - -9.644269630836375e-05 - -1.779318325597142e-05 - 5.888252154200806e-05
B2: 1.1791422335292453e-07 - 7.134534359307133e-05 - -1.6373454830589208e-06 - 0.00014776416869891656
