Number: 1242
Error: 1.745164574209636e-07
A1: [-0.0060347435395968685, -0.013830033699339366, 0.004199735680406664, 0.020638878345446483] - [0.06675628790990429, 0.18981697666678574, -0.14680828044576638, -0.10994063982501677] - [-0.11073030872429881, 0.4436044555274803, -0.06884941464016933, -0.25609093544910644] - [-0.021743334272921716, 0.016941756788211974, -0.02826867125086591, 0.0406274077902463]
A2: [0.13085420710497855, -0.22534739431146958, 0.021946382367129907, 0.06944453685345704] - [0.0326406444874165, 0.20374389476683452, -0.11489384583008523, -0.12146289210365598] - [-0.09700371647219673, 0.5532013162154125, -0.23754445738522323, -0.22797523577658027] - [-0.022375288011390677, -0.020802128077987755, 0.006582441947579555, 0.030694695044061138]
B1: 6.133213153116317e-05 - -0.00014128504105954652 - 8.562636307752892e-05 - 0.00040440821555349214
B2: -0.00027579668641668876 - 8.34831876946723e-05 - -0.00013503230204950985 - -0.00038069364774249347
