Number: 3798
Error: 1.0114272141229731e-15
A1: [0.06621321005631067, -0.11395205196892175, -0.023983921927846187, 0.07172289647655873] - [0.03740264266611847, 0.1881933986126822, -0.14740891675798493, -0.07818698015397667] - [-0.060229383490883075, 0.32895078844202097, -0.12775312158865199, -0.14096833405035314] - [0.039046214925449116, -0.053322633115280446, -0.03741853642001042, 0.05169517395247079]
A2: [-0.009108629012730653, -0.3468032419336864, 0.24945503666953087, 0.10645662408485278] - [0.08003981511144238, 0.03628224549422535, -0.050250123905593844, -0.06607197123965161] - [-0.04245282059804009, 0.23083188982974753, -0.04053124676679283, -0.14784784023369707] - [0.0681347669148274, -0.2934678652768727, 0.14177122780564497, 0.08356184715231656]
B1: -5.658839954926045e-09 - 2.971067223551241e-08 - -1.208226127654059e-08 - 1.4591109181217453e-08
B2: 7.525733244516228e-09 - 1.5066863657221517e-08 - -8.170572179351042e-10 - -3.61837072817739e-09
