Number: 6629
Error: 1.1716347140756012e-15
A1: [0.08043168143415745, -0.1804678140006073, -0.019588860219878882, 0.1196249684881118] - [0.037415593978226615, 0.13359640014885027, -0.13472617224169395, -0.03628581112068133] - [-0.001702845758671969, 0.22819008976146027, -0.12282840935192833, -0.10365893696320867] - [0.03886324063877703, -0.11448101236019137, -0.04641643519007886, 0.12203423415873055]
A2: [0.03530745910333584, -0.029273459710549808, -0.07569733469862237, 0.06966342453414295] - [0.10289374788945507, 0.28289669846028725, -0.3926063989413635, 0.006815993091503309] - [-0.011187092442275445, 0.5390145982808686, -0.35945100834791927, -0.1683764566108311] - [0.09786282419875819, 0.017463341399179072, -0.16885098691511954, 0.05352490440565206]
B1: -5.466529128583685e-10 - 5.906216053885661e-09 - -1.9324899972932754e-09 - -1.4533489127655879e-09
B2: 1.707744632129528e-09 - 7.353360282487331e-09 - -1.7691944036055747e-08 - 1.0806748380541097e-08
