Number: 6237
Error: 1.2387516097991915e-15
A1: [0.08043165791568024, -0.1804678375164169, -0.01958888371023393, 0.11962494497232333] - [0.03741556576643359, 0.1335963719584132, -0.13472620039727437, -0.03628583931684354] - [-0.0017028298929788806, 0.22819010562681807, -0.12282839350946573, -0.10365892110174744] - [0.03886321744362611, -0.11448103549024496, -0.046416458370450844, 0.1220342109779985]
A2: [0.03530743873911585, -0.029273480131097356, -0.0756973540606514, 0.06966340322076899] - [0.10289371794043625, 0.28289666825708626, -0.3926064279076567, 0.006815961730488917] - [-0.011187126526039594, 0.5390145639938086, -0.35945104060892347, -0.16837649252611275] - [0.09786278826909964, 0.01746330530608672, -0.16885102111781264, 0.053524866691187306]
B1: -4.546634130235803e-10 - -1.0124142732933524e-08 - -1.0027157510688558e-08 - -6.804212595852848e-09
B2: -1.0665580443612553e-08 - -1.3475057711824036e-08 - 3.435762849710069e-09 - -3.718970395093669e-09
