Number: 1949
Error: 1.0365924442124226e-05
A1: [-0.010461971589289102, -0.018111699215136952, -0.0004934936165238045, 0.01608025022600477] - [0.06315195211070923, 0.18631864870141904, -0.15056034356801082, -0.11404895283025554] - [-0.12556170372551, 0.4289735878878693, -0.08461305721718589, -0.2722388710787542] - [-0.03486979452610585, 0.004008979025245021, -0.04196750422324155, 0.026711862043349504]
A2: [0.13758333931537525, -0.21914128906454544, 0.028184414008844656, 0.07565100219307823] - [0.03435961681148622, 0.20549333478204052, -0.11318665082678343, -0.11978456271022755] - [-0.10217865363984052, 0.5479974259814423, -0.24268846929213814, -0.2330134921770974] - [-0.021601866293909276, -0.020263880959100068, 0.007194343135755807, 0.031320214935235915]
B1: 0.0011756445756224577 - 0.0011553713781310006 - 0.0016906415675800295 - 0.0036338571004580805
B2: -0.0029885904131664843 - 0.00387705740900508 - -0.0015058416284544078 - -0.0029690505835987544
