Number: 9318
Error: 7.010685781599287e-11
A1: [0.05319503568427058, -0.14797877926801084, -0.026976582186302465, 0.12185031694424257] - [0.005147659424736085, 0.13067046804275487, -0.11376677342613278, -0.022716062469755962] - [-0.014334124038323825, 0.22320200675328195, -0.1269309096275669, -0.08149553557232711] - [0.027078331806586295, -0.1000881645066872, -0.04949277517312403, 0.12222981545559686]
A2: [0.08925657115636114, -0.07291125846784109, -0.12362536394234866, 0.1072885189994142] - [0.10888892790453604, 0.24986139551622272, -0.4047990288725084, 0.046237476074007765] - [0.0366296659558773, 0.4625488847646012, -0.3777235662199662, -0.12147960082697667] - [0.1433886006315338, -0.04464432232960946, -0.20153648252134468, 0.10264146520543352]
B1: -5.228382800892519e-05 - -6.9491388376662366e-06 - -2.7597156500469322e-06 - 1.9455975254796973e-05
B2: -2.05787881644375e-05 - 5.69902262700078e-06 - -2.0796963251215694e-06 - -2.3721782628472942e-05
