Number: 198
Error: 2.8582425960369916e-06
A1: [-0.015145320414825959, -0.017614470233311284, 0.014728998899151633, 0.0053782034864007615] - [0.06816290413658947, 0.19173254626878178, -0.14290983478673824, -0.10741144877639883] - [-0.09169393527618228, 0.4263053192735413, -0.04845105231990909, -0.2666422156622065] - [0.02001355240351448, 0.0020594584731608084, 0.01879997049182011, 0.04785009328504394]
A2: [0.16158325733404616, -0.16776315402755881, 0.008612647461145232, -0.002484528874317691] - [0.04574270292395792, 0.21762084266030607, -0.10698162101604754, -0.11574553670634678] - [-0.07872266337801764, 0.5888362532925124, -0.22805913107230077, -0.252714499807735] - [0.004057519343660555, 0.003259233306884178, 0.008986442288727251, 0.014799316193122261]
B1: 0.005407328477225562 - 0.002400721188336492 - 0.002533434523583709 - 0.0016829214826373257
B2: 0.007999623697665601 - 0.0034370876373572236 - -0.0052707988839607745 - 0.0031459809053407542
