Number: 2512
Error: 6.08561974051621e-08
A1: [0.06338311597904794, -0.047921391340062604, -0.023493656889098987, 0.007802796333291512] - [0.0442005494393293, 0.1917894432747933, -0.14201546920150637, -0.09192531519823124] - [-0.12338451887894254, 0.41492454968005243, -0.10479249505801484, -0.18700825298788304] - [0.03728288347634073, 0.019452257173345415, -0.03285153610303664, -0.02277392272625139]
A2: [0.06284698193693611, -0.17428233324777692, 0.08573390278107924, 0.023373430871544584] - [0.02905536386336995, 0.20006957638546222, -0.10194322877780494, -0.1281020160005601] - [-0.09110677034219491, 0.5159525485027802, -0.22329914952226088, -0.19286298166034718] - [-0.023308024804415316, 0.021137659634859442, -0.047671662123852925, 0.059529684801789766]
B1: 9.131448231118794e-05 - -8.142189386750186e-05 - 0.0006535858866697358 - -8.603429884800756e-05
B2: 0.00016069780575182513 - 0.0003475180173150437 - 2.372956891158196e-05 - 0.00016521279771021264
