Number: 8757
Error: 6.198075255629731e-10
A1: [0.08040823440025274, -0.18049125759649431, -0.01961227818985744, 0.1196015244152778] - [0.037378467747844486, 0.13355930267804472, -0.1347632233207188, -0.03632291648898808] - [-0.0017163918778736523, 0.22817654461924192, -0.12284193483439552, -0.10367247922875474] - [0.038830960554276976, -0.11451320093391804, -0.046448693546890706, 0.12200197446586783]
A2: [0.035359816655314374, -0.029220959027894067, -0.07564755286109093, 0.06971822223894217] - [0.10292678392653738, 0.28293001432415177, -0.3925744465057354, 0.006850586600014261] - [-0.011172121193690737, 0.5390296586205793, -0.35943683750872846, -0.1683606810116078] - [0.0979033324082205, 0.01750403264974616, -0.16881242502390034, 0.05356742471089612]
B1: -1.3521999078190842e-05 - 8.470058834867806e-06 - 1.4491122521048299e-06 - -6.7065943800897396e-06
B2: -2.1582931398031832e-05 - -3.3160001591886224e-05 - -1.6218727707889817e-05 - -2.5858253396565546e-05
