Number: 9732
Error: 2.4640373285180926e-15
A1: [0.0531724293170504, -0.14800139184344993, -0.02699916801081354, 0.12182770110056745] - [0.00531364343091561, 0.13083661780236147, -0.11360082014699224, -0.02254983986997693] - [-0.014444543492079364, 0.223091553889477, -0.12704124645939063, -0.08160599993835721] - [0.027146308373048277, -0.10002018976058279, -0.04942466044225585, 0.1222979682955837]
A2: [0.08925445262568181, -0.07291337896460554, -0.12362742928019177, 0.1072863742883105] - [0.1088418959326715, 0.24981434827440296, -0.4048451257099952, 0.04618965003391441] - [0.0366358892098658, 0.4625550769203458, -0.3777174917432218, -0.1214733106743029] - [0.14342656107394222, -0.044606495924623554, -0.20149941062093046, 0.10267999226487237]
B1: 7.4263326757681956e-09 - -5.1503366551200376e-08 - -1.960492839043664e-08 - -3.92453480901817e-08
B2: 1.8494558503342463e-08 - 8.898198467197958e-09 - 2.8321708316294543e-09 - 2.000198616346444e-08
