Number: 8046
Error: 1.209926390568031e-15
A1: [0.08043171437381501, -0.18046778106468667, -0.019588827319611986, 0.11962500142400653] - [0.03741557694409056, 0.13359638312760783, -0.1347261892418286, -0.036285828145359175] - [-0.0017028071049427077, 0.22819012841436132, -0.12282837075478814, -0.10365889831978846] - [0.03886325137651456, -0.11448100165259371, -0.04641642445918323, 0.12203424488979388]
A2: [0.03530752280805657, -0.02927339582963661, -0.07569727412884142, 0.06966349120788048] - [0.1028937310377374, 0.2828966814655613, -0.3926064152401149, 0.006815975445303039] - [-0.011187151340029743, 0.5390145390317915, -0.35945106409598326, -0.16837651867339035] - [0.0978627865144987, 0.017463303543494405, -0.1688510227881056, 0.05352486484945444]
B1: 8.21354008101108e-09 - 2.2418585452677228e-08 - -3.3932937609389714e-08 - 3.6284977500559506e-09
B2: 5.803285072226586e-09 - -1.0694529891692532e-08 - 9.113800522136782e-10 - 5.77321373582466e-09
