Number: 7062
Error: 7.239320131068716e-16
A1: [0.08043169949833473, -0.18046779593847553, -0.019588842177298622, 0.11962498655022652] - [0.03741560082553906, 0.13359640699098144, -0.13472616540802249, -0.03628580427716147] - [-0.0017027993666377192, 0.22819013615250125, -0.12282836302782031, -0.10365889058355608] - [0.03886323830486134, -0.11448101468755462, -0.04641643752250682, 0.12203423182626559]
A2: [0.03530743227618264, -0.029273486611902225, -0.07569736020552724, 0.06966339645660916] - [0.10289378718210859, 0.2828967380864246, -0.39260636093801854, 0.006816034236654493] - [-0.01118710517921384, 0.5390145854679469, -0.3594510204036999, -0.16837647003220924] - [0.09786279933303589, 0.01746331642034955, -0.1688510105856697, 0.05352487830472967]
B1: 2.4031496647603164e-08 - -1.6339338559172853e-08 - -1.6409909037386e-09 - 1.1613678690773582e-08
B2: 4.96690857699834e-09 - 1.9875555144907406e-09 - 8.706917688923851e-09 - -1.0148318037084331e-09
