Number: 5299
Error: 9.762369122863779e-16
A1: [0.06621323454639479, -0.1139520280260657, -0.023983897456985065, 0.07172292092551678] - [0.03740258131468214, 0.18819333999564142, -0.14740897707107053, -0.07818704047242862] - [-0.060229365071874576, 0.32895080613210875, -0.1277531035650295, -0.14096831612338628] - [0.03904625310851009, -0.053322596872993504, -0.03741849947892213, 0.05169521059354736]
A2: [-0.009108539391803967, -0.3468031468598421, 0.24945512701521286, 0.10645671804755773] - [0.08003987710872743, 0.036282312283055326, -0.05025005614596605, -0.06607190290479714] - [-0.04245277866129718, 0.2308319361135668, -0.04053120182572588, -0.1478477938533694] - [0.06813478309778569, -0.29346784745881843, 0.1417712453491165, 0.08356186529636238]
B1: 3.741639016104758e-08 - 4.7559187998056195e-08 - -1.120106361256836e-08 - -6.859552992402768e-09
B2: 3.877772321341938e-08 - 9.716596930101851e-09 - 3.316716693110243e-08 - 5.06005199139024e-08
