Number: 4897
Error: 1.0968937594991832e-15
A1: [0.06621317130374654, -0.11395208985547865, -0.023983960649990383, 0.07172285778902965] - [0.03740257720449215, 0.1881933360685601, -0.1474089811117617, -0.07818704451346675] - [-0.06022945188224523, 0.3289507227558069, -0.12775318851242454, -0.14096840061398574] - [0.03904619914668876, -0.05332264809172384, -0.03741855168528869, 0.05169515881110361]
A2: [-0.009108543808699684, -0.34680315154553676, 0.24945512256285562, 0.1064567134166175] - [0.08003987758644414, 0.0362823127977091, -0.05025005562391014, -0.06607190237821638] - [-0.04245282955923513, 0.23083187993968654, -0.040531256369750794, -0.1478478501443824] - [0.06813471654291124, -0.293467920738405, 0.14177117319754826, 0.08356179067625549]
B1: -4.9940571465230645e-09 - 2.6824467323808175e-08 - -1.5493372171831368e-08 - -3.105711002487316e-08
B2: -1.6615733553659882e-08 - -1.0694360424675986e-08 - 2.9349619097930478e-08 - -7.3429087891996416e-09
