Number: 7147
Error: 7.61372407745043e-16
A1: [0.08043170322172118, -0.18046779221551093, -0.019588838458365072, 0.11962499027318726] - [0.03741561153072286, 0.1335964176880635, -0.13472615472416913, -0.03628579357790786] - [-0.0017027744240646647, 0.22819016109454776, -0.12282833812175903, -0.10365886564763513] - [0.03886324250237444, -0.11448101050182428, -0.04641643332767217, 0.1220342360211678]
A2: [0.035307311060834005, -0.029273608162514994, -0.07569747545557123, 0.06966326959163033] - [0.10289376924800243, 0.28289672000011096, -0.39260637828364986, 0.006816015457025629] - [-0.011187030737303783, 0.5390146603538689, -0.3594509499427902, -0.16837639159018983] - [0.09786278375659903, 0.017463300773060693, -0.16885102541343416, 0.05352486195454549]
B1: -3.619204955856681e-08 - 1.0876073591833469e-08 - 3.207844451544931e-08 - -1.7693600937120606e-10
B2: -5.4896779174143495e-09 - -7.007043544886743e-09 - 2.509710863242316e-08 - -6.208532574921387e-09
