Number: 3691
Error: 6.351471358066973e-15
A1: [0.06621342246833478, -0.11395184430345683, -0.023983709682448204, 0.07172310853207765] - [0.03740295470793001, 0.18819369674708802, -0.14740860999713087, -0.07818667336582676] - [-0.06022887445183019, 0.3289512773456442, -0.12775262347335503, -0.1409678386141164] - [0.039046817612830784, -0.05332206106822405, -0.03741795334035816, 0.05169575229786088]
A2: [-0.00910875100602591, -0.346803371350208, 0.24945491368896774, 0.10645649618067016] - [0.08004007846012669, 0.03628252919657995, -0.050249836080344064, -0.0660716809699844] - [-0.04245302157899407, 0.23083166801428115, -0.040531462145963246, -0.14784806251164773] - [0.06813445457680757, -0.2934682091756673, 0.14177088920066436, 0.08356149696228778]
B1: -5.1349740137229915e-08 - 4.6365714520109756e-08 - 2.2331757653972276e-07 - 4.04753470473679e-08
B2: -1.1817973637560268e-08 - -3.828082775106841e-09 - 7.835091849338616e-08 - -6.045800561238172e-08
