Number: 3043
Error: 1.2655873569760697e-07
A1: [0.06376901874802313, -0.047539762917805144, -0.02311330800776425, 0.008181551605981276] - [0.044708101129130255, 0.19228070939609695, -0.1414849164796261, -0.09135967199518251] - [-0.12178383792152264, 0.41652614154792444, -0.10318169026962108, -0.18539628105328335] - [0.036502038840216904, 0.018663529245289922, -0.033639479076837966, -0.02356033103672418]
A2: [0.06325028319993377, -0.1738781051410577, 0.08613886374136943, 0.023766197583390526] - [0.02928301997498955, 0.20029205136832462, -0.10171684619822714, -0.12788066554333338] - [-0.09269889699818672, 0.5143767055412554, -0.22489381628387214, -0.194405956427293] - [-0.02416675399988165, 0.02026409667076588, -0.04853563971349841, 0.05869390157911157]
B1: 0.00032657408794715265 - 0.0001420928663169102 - 0.0001240876969956968 - 0.0002520917842912128
B2: -0.0001636610969287221 - -2.8373694773033384e-05 - 0.00032788063653428634 - -0.00040289805126095214
