Number: 3250
Error: 0.0012677127049437137
A1: [-0.01990878021951807, -0.20337503734367912, -0.12213734376310302, -0.02320346263706273] - [0.0753159127558556, 0.2076942364549917, -0.11394482493820654, -0.04303539704624022] - [-0.36858202304594906, 0.06918429964476049, -0.4101709703500648, -0.42077959620351957] - [-0.19817515291648527, -0.2566765771350564, -0.2621953469342474, -0.16951622766733707]
A2: [-0.15942071681536635, -0.5432536798655169, 0.10115239645974451, -0.062335881026486635] - [0.11193905444779195, 0.10078564317433186, -0.030638900234874242, -0.044235511874863076] - [-0.11291624698761302, 0.13786794035197494, -0.16965188130981207, -0.2656009719677985] - [0.025761398879075317, -0.34624560328522164, 0.04119265415911212, -0.0025350923718328346]
B1: -0.028922166490822243 - -0.23697821003595507 - -0.06041753369620604 - -0.057562577538902884
B2: -0.14878199040568263 - -0.18855532024198687 - 0.024244044967487423 - 0.00447261258790577
