Number: 8225
Error: 1.5050900723659206e-15
A1: [0.08043166486747445, -0.18046783056544724, -0.019588876766810988, 0.11962495192328082] - [0.03741558594759372, 0.1335963921243445, -0.1347261802561789, -0.03628581914677836] - [-0.001702824103067372, 0.22819011141659246, -0.12282838772803883, -0.10365891531338679] - [0.03886321121952538, -0.11448104169689811, -0.046416464590607796, 0.12203420475774476]
A2: [0.03530755288274422, -0.029273365671718066, -0.07569724553411715, 0.06966352268422342] - [0.10289371775071873, 0.2828966680657787, -0.39260642809115814, 0.0068159615318731815] - [-0.01118715792997581, 0.5390145324025194, -0.3594510703335474, -0.16837652561741187] - [0.09786279546311798, 0.017463312532798304, -0.16885101426959379, 0.05352487424257735]
B1: 3.7504253888676125e-08 - 2.1881158867552879e-10 - -2.101449773277826e-08 - -5.8520804805464094e-09
B2: -3.1286734962395985e-09 - 9.26880022599064e-09 - 7.94566784542435e-09 - -2.3775539814541127e-09
