Number: 6661
Error: 1.2622044541002695e-15
A1: [0.08043167486159522, -0.18046782057242527, -0.01958886678458226, 0.11962496191630026] - [0.037415587987802125, 0.13359639416296018, -0.13472617822018268, -0.03628581710778766] - [-0.001702872217588149, 0.2281900633031069, -0.1228284357721041, -0.10365896341506325] - [0.038863242209156074, -0.11448101079421846, -0.046416433620700824, 0.12203423572813334]
A2: [0.03530742714499528, -0.02927349175728338, -0.07569736508419614, 0.06966339108626406] - [0.10289377773711608, 0.2828967285612694, -0.39260637007309995, 0.006816024346371709] - [-0.01118721893356943, 0.5390144710351035, -0.35945112807464374, -0.16837658989916482] - [0.09786275558578805, 0.017463272474110197, -0.16885105223020874, 0.05352483238435055]
B1: 3.4115263477058904e-09 - 2.4702702553650126e-08 - -3.3917694569698e-08 - -1.0371319885551918e-08
B2: -3.574564113818622e-09 - 6.673283561819254e-09 - -3.148803329923516e-08 - 9.755518536688274e-09
