Number: 786
Error: 1.3070367166292414e-13
A1: [-0.012152622651137958, -0.014516378013026163, 0.018088135787450967, 0.008583921444967415] - [0.0658361179679474, 0.18949610987088678, -0.14532165778325704, -0.11000757812628709] - [-0.09629259912542365, 0.42178654889711015, -0.053456817929503686, -0.27203518093226425] - [-0.001320256075506157, -0.01821804831964991, -0.003833786344027784, 0.023378181641707043]
A2: [0.16158663361885064, -0.1677548588150908, 0.00850124845616736, -0.0023331544882751764] - [0.03548603857055682, 0.20751703175565786, -0.11721011049150969, -0.1257917213554311] - [-0.08621375365921417, 0.5815379170793259, -0.23538892997529048, -0.2599357719621434] - [-0.0038346175626570353, -0.00451894588430468, 0.001110603030524823, 0.007243727374953764]
B1: -4.299138029658141e-07 - 1.7554842332493725e-07 - -5.343436566633283e-07 - -2.4245615323170135e-07
B2: -1.5604558874958377e-07 - -1.0778449475579802e-06 - -1.5712129912125787e-07 - -4.068265830911605e-07
