Number: 8131
Error: 9.928493656558503e-16
A1: [0.08043174114875991, -0.18046775429279438, -0.01958880057671939, 0.11962502819587179] - [0.037415523636836846, 0.13359632986073353, -0.1347262424428105, -0.036285881423048644] - [-0.0017027983289809165, 0.2281901371901305, -0.12282836199168572, -0.10365888954617425] - [0.03886324195155218, -0.11448101105111143, -0.04641643387815406, 0.12203423547068236]
A2: [0.035307303659340296, -0.02927361558440815, -0.07569748249299044, 0.06966326184536978] - [0.10289373991841858, 0.2828966904216107, -0.39260640665082885, 0.006815984744663051] - [-0.011187013132982074, 0.5390146780631208, -0.3594509332797898, -0.16837637304006076] - [0.09786280985090819, 0.01746332698602708, -0.1688510005733272, 0.05352488934504321]
B1: -4.3516430797065e-08 - -3.545654276101686e-09 - 3.767530192505501e-08 - 1.861862673494301e-08
B2: 3.927040634846169e-08 - -4.7204699850546776e-08 - 9.373121093918348e-09 - 1.1335919190705255e-08
