Number: 2185
Error: 0.001216747187986613
A1: [0.068113340931658, -0.017130377250047003, 0.019681295199815856, 0.06031073601688118] - [0.07787679364432021, 0.20963301936850628, -0.1307494462218567, -0.0781048835685554] - [-0.0706503867090593, 0.47390802438161406, -0.039914486268820014, -0.1556466407856657] - [0.01966259900838324, 0.04300493178717196, 0.005171070592058648, -0.003620608144544995]
A2: [0.3190092600659948, 0.019503320143769463, 0.3385097727376718, 0.2783115923577959] - [0.027462949561223873, 0.19426357174091588, -0.10714490836556696, -0.13399734508997072] - [-0.13340415853318555, 0.5010150273262441, -0.2523364968839469, -0.23395622098042418] - [0.07344789231139941, 0.16153667307588987, 0.10014891735926545, 0.17488650977631803]
B1: 0.0675954129138656 - 0.018387205888691346 - -0.01839302772433149 - -0.023786854626951487
B2: -0.014726547701795344 - -0.016214080940129275 - -0.0070593568234969106 - -0.013597514279531058
