Number: 4721
Error: 7.09192363193513e-16
A1: [0.06621317271229156, -0.11395208847843936, -0.023983959242579008, 0.07172285919517708] - [0.03740259721268361, 0.1881933551850243, -0.1474089614421844, -0.07818702484215166] - [-0.060229391420879436, 0.3289507808256346, -0.12775312934850688, -0.14096834176824788] - [0.039046200534552246, -0.05332264677449291, -0.03741855034266445, 0.051695160142840535]
A2: [-0.009108749111245639, -0.3468033693391602, 0.24945491559917427, 0.10645649816821674] - [0.08003990830447255, 0.03628234588980084, -0.050250022050897694, -0.0660718685201183] - [-0.042452815060474644, 0.23083189594136172, -0.04053124083237543, -0.14784783410931937] - [0.06813474010669227, -0.2934678947937629, 0.14177119874282992, 0.08356181709548971]
B1: 3.506344788883012e-08 - 4.015340632875266e-08 - -1.4401679855181633e-08 - -2.1734790721326113e-08
B2: 9.06896320953837e-09 - 1.0753206927078348e-08 - -9.167691179974084e-09 - 7.2705594392736855e-09
