Number: 4993
Error: 1.0314337615199297e-15
A1: [0.06621330680972615, -0.11395195737757022, -0.023983825250350334, 0.07172299306759815] - [0.03740265286783657, 0.18819340835977563, -0.1474089067288823, -0.07818697012401073] - [-0.06022938184863002, 0.3289507900192722, -0.12775311998163197, -0.1409683324517716] - [0.03904625290828373, -0.05332259706319144, -0.037418499672709424, 0.05169521040136433]
A2: [-0.009108620432679487, -0.3468032328314335, 0.24945504531893, 0.10645663308069009] - [0.08003982925428113, 0.0362822607301644, -0.05025010844816102, -0.066071955651009] - [-0.04245283872581656, 0.23083186982291198, -0.040531266193000876, -0.14784786028223573] - [0.06813475946772125, -0.2934678734764218, 0.14177121973208887, 0.08356183880277494]
B1: -3.53755846265958e-08 - 2.5955944049333154e-09 - 2.016742476325111e-08 - 9.390052738792248e-09
B2: 3.6906627251109016e-08 - 3.060163429324844e-08 - -3.9268327278117895e-08 - -2.452700109782521e-08
