Number: 5261
Error: 1.4692776761751682e-15
A1: [0.0662131959955103, -0.11395206571547006, -0.023983935977617356, 0.07172288243933213] - [0.03740252572840576, 0.1881932868866821, -0.1474090317166635, -0.07818709512285668] - [-0.060229579304941744, 0.32895060037281076, -0.12775331320099723, -0.1409685246318595] - [0.03904618344534612, -0.053322662994729285, -0.037418566875771095, 0.05169514374393376]
A2: [-0.009108482385515159, -0.3468030863852815, 0.2494551844827483, 0.10645677781540973] - [0.08003980069080487, 0.03628222995915586, -0.050250139666319485, -0.0660719871342885] - [-0.04245283749058393, 0.23083187118615994, -0.040531264869383785, -0.14784785891608054] - [0.06813473564226707, -0.29346789970921716, 0.1417711939028801, 0.08356181209020509]
B1: 3.5110689025656846e-08 - 7.840491030185815e-08 - -7.333304477397638e-08 - -7.369953400510611e-08
B2: 4.281889439027222e-08 - -2.9448495041111904e-08 - -7.496079107071783e-08 - 3.407992159575942e-08
