Number: 7429
Error: 9.737648471120445e-16
A1: [0.08043169864282725, -0.18046779679389138, -0.01958884303179086, 0.1196249856948139] - [0.037415603741079655, 0.1335964099043141, -0.13472616249829064, -0.03628580136323681] - [-0.00170278508834337, 0.2281901504304917, -0.12282834877043083, -0.103658876309068] - [0.038863254319738735, -0.11448099871762958, -0.04641642151784393, 0.12203424783118368]
A2: [0.03530721874715434, -0.029273700731505186, -0.07569756322634888, 0.06966317297545978] - [0.10289368425909105, 0.28289663428990103, -0.3926064604838313, 0.006815926461251922] - [-0.011187129117164336, 0.5390145613872215, -0.3594510430615028, -0.16837649525644002] - [0.09786274185185923, 0.017463258677717804, -0.16885106530406707, 0.05352481796824761]
B1: -1.1344626294173305e-08 - 2.7987033943588696e-08 - 5.9471158366786516e-08 - 2.8641959129899963e-08
B2: 8.976422457442313e-09 - 5.3690667116012045e-09 - 3.479204835951573e-08 - 1.4205786307410777e-08
