Number: 5527
Error: 1.3222332031703753e-11
A1: [0.06621469797338182, -0.11395059730936247, -0.02398243518284343, 0.07172438189263264] - [0.03741095586245627, 0.18820134134756217, -0.14740074423441207, -0.07817880691200574] - [-0.06024704353013416, 0.3289338268380796, -0.12777040270136408, -0.14098552221092983] - [0.03902132591701184, -0.05334625698916194, -0.03744261578230666, 0.0516712901058866]
A2: [-0.009121355780301212, -0.3468167429669487, 0.2494422068479662, 0.10644328062891402] - [0.08003676673711892, 0.036278961534760346, -0.05025345562425938, -0.0660753312656749] - [-0.04246232710264972, 0.23082139793222117, -0.04054143433842448, -0.14785835415797716] - [0.06812512977965018, -0.2934784761097046, 0.1417607801962923, 0.0835510420653947]
B1: 1.4532686061389256e-06 - 2.7745954955742383e-06 - 2.3509228815550777e-06 - 2.2307270518893804e-06
B2: -1.5545341389916732e-07 - -3.510373316672548e-06 - 2.1765321527505313e-06 - 2.2047812631770747e-06
