Number: 2716
Error: 2.93775572950256e-09
A1: [0.06347455000551308, -0.047832982141533906, -0.023404586922535206, 0.0078948725627772] - [0.04360574059841342, 0.191216498833876, -0.14262222037470582, -0.09257388656857815] - [-0.12382007509355984, 0.4144884410260522, -0.1052322689703609, -0.18744409502735307] - [0.036916707977148175, 0.01908073978273607, -0.03321799727910324, -0.02313698180673596]
A2: [0.06316980049354673, -0.17395514572917964, 0.08605671439014444, 0.023691768388367614] - [0.02914327173981096, 0.20015410455134094, -0.10185613550493734, -0.12801660473326176] - [-0.0930447172616296, 0.5140409490108087, -0.22524054856055598, -0.1947440749347537] - [-0.02544860611439428, 0.018997532630269837, -0.04981067690967346, 0.05744339585220608]
B1: 1.3445522630953618e-05 - 5.1428398269830414e-05 - 2.8571044329738344e-05 - 2.375025234731809e-05
B2: 8.880214459229148e-05 - 1.1630280179071698e-05 - 0.00011963315822900084 - -4.524508052493341e-05
