Number: 3372
Error: 2.0552413325038693e-08
A1: [0.06556891770724863, -0.11458295806453186, -0.02463071968265294, 0.0710784550222585] - [0.03937048821453317, 0.19007130624335658, -0.1454769707164793, -0.07625460764889878] - [-0.05599139368195536, 0.33304213601558613, -0.12359087519621424, -0.1368380420850794] - [0.03674195400490484, -0.05551316618822454, -0.039650430869929275, 0.049478581189241116]
A2: [-0.008062233438762122, -0.345692496215516, 0.25056136748015456, 0.10755285570786183] - [0.08078106545934487, 0.03708200293249451, -0.04944268082703686, -0.06525873664593963] - [-0.040625415036060514, 0.23284920041014776, -0.038562199321951034, -0.14583523577868496] - [0.0704774405853538, -0.2908844948876115, 0.1443419741922843, 0.08618804999543082]
B1: 0.0004833645402326038 - -0.00014121445977023872 - -0.00016743313545190418 - -0.00013199622011745313
B2: 4.30078630687587e-05 - 4.778461942288117e-05 - -0.00016545588873526367 - -0.0002796588761181158
