Number: 8884
Error: 0.0019170892358603476
A1: [0.06331219266667802, -0.1952695610640244, -0.034772026943248276, 0.10506384781417431] - [0.01767678560300086, 0.1166029712761528, -0.15085482333066755, -0.053396784526734964] - [-0.03909780454436156, 0.19238901632293626, -0.15792042902565998, -0.13942913557831657] - [-0.02316149026937135, -0.17335449070098563, -0.10603885309876508, 0.06338897138848848]
A2: [0.02638307882719604, -0.03803584484287722, -0.08539019292873103, 0.059019406264618886] - [0.09454892753149122, 0.2745949667690847, -0.39997104018175966, -0.002266414913844061] - [-0.002870393848929605, 0.5459349365636796, -0.3517859474841827, -0.1589502375694688] - [0.11150058059826712, 0.031448531210670816, -0.1552361201503392, 0.06821372237847009]
B1: -0.022891253391998233 - -0.02435648022914305 - -0.025886160738162085 - -0.026712159866748325
B2: 0.010099802300270303 - 0.007441704334022865 - 0.03321535178423682 - 0.0352287446406308
