Number: 1295
Error: 4.762727339126871e-09
A1: [-0.007415132637969181, -0.015223109804101662, 0.0027607217627223365, 0.01922102030057238] - [0.06664465054224193, 0.1897091313860485, -0.14692347623222773, -0.11006489757957794] - [-0.1126847852308321, 0.44168871113792124, -0.07089240365189689, -0.258207544838779] - [-0.023752175156073606, 0.014968492984909492, -0.030324851337055984, 0.03850746873786749]
A2: [0.13173203964211727, -0.22448571318914934, 0.02281054257787148, 0.07030331149475084] - [0.03235839186434153, 0.20346595381906862, -0.11517507196801662, -0.12173907227273283] - [-0.09499123354891392, 0.5551772260053877, -0.23556455950745928, -0.22599720804114468] - [-0.02076543146234732, -0.019215714104075424, 0.008180038870247429, 0.03224126148762741]
B1: 0.00012588865654683036 - 1.571931856087158e-05 - -5.8146089832325405e-05 - 0.00013168956230861508
B2: 8.00467463448161e-05 - -0.0001237434696259526 - -3.588540058739171e-06 - 4.424631531797045e-05
