Number: 9314
Error: 9.345062854502357e-11
A1: [0.05323635588190631, -0.14793744478982573, -0.02693530535093011, 0.12189165590559953] - [0.005189380613933132, 0.1307122345741345, -0.11372505316259192, -0.022674279281796907] - [-0.014310073460437245, 0.2232260663849381, -0.1269068762825191, -0.08147147695215276] - [0.027117918047203975, -0.1000485788793865, -0.04945310201852711, 0.12226950225232801]
A2: [0.08929233866492989, -0.07287557129293117, -0.12359040187819179, 0.107324727245241] - [0.10890190356253242, 0.2498743746394525, -0.4047863112093557, 0.04625067019003404] - [0.03665998106425534, 0.4625790406485928, -0.37769398777988245, -0.12144897313759706] - [0.1434529744451396, -0.04458019318628208, -0.20147362584213335, 0.10270679126143677]
B1: -2.7807618777533905e-05 - 3.8079484666082364e-06 - -5.313323644003546e-06 - 8.349182462817258e-06
B2: -1.0422075448012027e-05 - 6.8771042006107884e-06 - 1.5320189628653243e-05 - -2.1326602627326017e-05
