Number: 1182
Error: 9.545656721826406e-08
A1: [-0.008595284066452056, -0.01640626037014643, 0.001531820078627904, 0.017999729392632988] - [0.06819300352307989, 0.19119928487101526, -0.14532315073371027, -0.10834048251024168] - [-0.11293099413251588, 0.4414544745019551, -0.07114456700844324, -0.25847863253605946] - [-0.027409455710660155, 0.011385190833496909, -0.03404054980457187, 0.034634779687774876]
A2: [0.13105414389058045, -0.22515067655963594, 0.022145687145134246, 0.06964587090799697] - [0.03258204172687689, 0.203687624161418, -0.11495129288214201, -0.12152190868222836] - [-0.09427358993226602, 0.5558820868032748, -0.2348616441408163, -0.22530513031119856] - [-0.02285850728836965, -0.02128509882872374, 0.006102120626487303, 0.030232381513343513]
B1: -0.00038123899489102823 - -0.0002995663955638946 - 0.0007246755283178562 - 0.00014451980632590014
B2: 0.00028064614505242706 - -0.00020658670843392993 - -0.0005424975874071211 - 0.00023521633868197275
