Number: 2068
Error: 0.0001223572797406246
A1: [0.07014833746009744, 0.03771223363258326, 0.049351506921059475, 0.05762469081057149] - [0.045772074896154695, 0.17447725141835632, -0.16489986839379492, -0.13152318015530298] - [-0.13357018858733352, 0.4226923944457972, -0.08350098431064006, -0.23939055979813234] - [-0.02360948275204582, 0.0016652717560619989, -0.06734384209532576, -0.025636937909149025]
A2: [0.13933381646165888, -0.18485244282905908, 0.07835348891485232, 0.09257775785176295] - [0.034341008225987464, 0.19857135705647252, -0.12093767618109409, -0.12496264783625761] - [-0.11164115539469158, 0.5329199158382075, -0.24871061690553134, -0.2396601379120054] - [0.031077072451160453, 0.029422214713643736, 0.022835512735970696, 0.11400269978254376]
B1: -0.002543592380878721 - 0.01078003232709912 - -0.004092439557197226 - 0.02104506513482749
B2: 0.03227723442253616 - -0.0026827129360663922 - -0.0007750297126175337 - 0.0004290673827083251
