Number: 3924
Error: 1.3801467638563883e-15
A1: [0.06621314374586582, -0.11395211679753477, -0.023983988186246568, 0.07172283027740695] - [0.037402563729743106, 0.18819332319434465, -0.14740899435848623, -0.07818705776134223] - [-0.060229289502628576, 0.32895087871250384, -0.12775302961729723, -0.14096824257368426] - [0.039046105194377755, -0.05332273726782919, -0.03741864258113579, 0.051695068653357365]
A2: [-0.009108597646244075, -0.3468032086587282, 0.24945506828980352, 0.10645665697091869] - [0.08003978602904355, 0.03628221416414225, -0.05025015569100219, -0.0660720032949718] - [-0.042452932261924266, 0.23083176659046273, -0.04053136643028312, -0.14784796372984682] - [0.06813461460608523, -0.29346803297556234, 0.14177106268817027, 0.08356167638590659]
B1: -4.474171703886572e-09 - -3.310196334937567e-08 - 2.1308652890166602e-08 - 4.045257045521932e-08
B2: -1.6181660520191867e-09 - -1.2388634579199288e-08 - -3.1541084649482826e-08 - 1.5067343187887537e-08
