Number: 3044
Error: 1.6280751879912573e-07
A1: [0.06361312648568256, -0.047695178946350086, -0.02326785443282463, 0.00802651423833675] - [0.044594400134167024, 0.19217087037064673, -0.1416019971328255, -0.09148482652547389] - [-0.12198600117830237, 0.4163246304222795, -0.10338463919035695, -0.18559823517361118] - [0.03631290006924593, 0.01847393095886805, -0.03382850783320335, -0.023748896322559786]
A2: [0.06296442878210386, -0.1741626069304615, 0.08585368227482056, 0.023483938316345154] - [0.029376639885288817, 0.20038427306606948, -0.10162357603531068, -0.12778902789854055] - [-0.09266218181494144, 0.514412688287883, -0.2248570830089531, -0.1943703452699185] - [-0.023662767725081378, 0.020765260712032437, -0.0480316058640926, 0.059184785043206636]
B1: 0.00011719378038224136 - -1.4725167594187001e-05 - -0.0001295663875013739 - 0.00013473759688595316
B2: 0.0002018193386832571 - 0.0003843333434669294 - 0.0007655416958719931 - -4.748010154159742e-05
