Number: 1855
Error: 4.0623355896037214e-07
A1: [-0.0057287010559768795, -0.013497176627258646, 0.004555552071859647, 0.020942263303300342] - [0.06825531080438414, 0.1912650228748196, -0.14525719115043703, -0.10827175806983723] - [-0.11595314812416332, 0.43851136829548787, -0.07435582880341068, -0.26173823210129993] - [-0.02506046591392695, 0.01371868727268858, -0.031733119765031764, 0.037131837121217724]
A2: [0.13085716840840525, -0.2253855950954506, 0.021942325629191115, 0.06943426619997226] - [0.03297296563997951, 0.2040848714926081, -0.11456096226394191, -0.12112900365730842] - [-0.09648331658837637, 0.5537188203641616, -0.2369538853070307, -0.22735700188886182] - [-0.02289677896296457, -0.02135736653652992, 0.006044431268968043, 0.03016936086304928]
B1: 0.0006818432074760479 - 0.0006335012877834695 - 0.0009363317877571788 - 0.0001092071204656464
B2: -9.462615159792453e-05 - 0.0015515352332908983 - 0.0012910614461749113 - 0.0006462443572630633
