Number: 9539
Error: 8.548716155717619e-14
A1: [0.05317196735722442, -0.14800185398213453, -0.026999629461888584, 0.12182723893474373] - [0.0053143842222209145, 0.13083735934523477, -0.11360007948967508, -0.022549098042579596] - [-0.014443529177015938, 0.22309256856325266, -0.1270402329582727, -0.0816049852680812] - [0.027148187292093708, -0.10001831086027395, -0.04942277757133099, 0.12229985197390024]
A2: [0.08925269912131788, -0.07291512843603704, -0.12362914329587878, 0.10728459912995333] - [0.10884128066059826, 0.24981373289228148, -0.40484572880627673, 0.04618902439253693] - [0.036635089549252035, 0.4625542814242337, -0.37771827193655766, -0.12147411864346432] - [0.14342610174099532, -0.044606953547961854, -0.20149985911898846, 0.10267952611185421]
B1: -1.242273929100017e-07 - -1.9540687922019104e-07 - -5.12342252841177e-07 - -5.736249407366516e-07
B2: -9.092073481551595e-07 - -1.8058734600018562e-07 - -1.7348804717163895e-07 - -5.485077046610869e-07
