Number: 7091
Error: 8.05081765201631e-16
A1: [0.08043169498666439, -0.18046780044963456, -0.019588846683574267, 0.11962498203907153] - [0.037415596724990584, 0.13359640289353664, -0.13472616950040045, -0.03628580837543847] - [-0.001702803444865747, 0.22819013207436012, -0.12282836710007748, -0.10365889466069582] - [0.03886323992875839, -0.11448101306821534, -0.0464164358996448, 0.12203423344915318]
A2: [0.03530754070260608, -0.02927337788558796, -0.07569725711504822, 0.06966350993660185] - [0.10289367558617502, 0.28289662554336853, -0.3926064688721567, 0.006815917379419809] - [-0.011187119083071273, 0.5390145714811593, -0.35945103356400543, -0.16837648468318694] - [0.09786285821095282, 0.0174633755660805, -0.16885095453769433, 0.053524940107364395]
B1: 2.9482263949136962e-08 - -6.99692668465573e-09 - -9.64919195133242e-09 - 1.2604952862135987e-08
B2: 2.096475989695666e-09 - 2.4361363225948614e-09 - 8.86841904341727e-09 - 1.4520514355140227e-09
