Number: 6373
Error: 7.684661361023512e-16
A1: [0.08043170973024637, -0.18046778570772198, -0.01958883195762304, 0.11962499678096965] - [0.0374156027717388, 0.13359640893570782, -0.1347261634657022, -0.036285802332039194] - [-0.0017027919409385874, 0.22819014357804665, -0.12282835561299223, -0.10365888315983794] - [0.03886324298550959, -0.11448101002004468, -0.04641643284484156, 0.12203423650400493]
A2: [0.03530756158549192, -0.029273356944941042, -0.07569723725994713, 0.06966353179288878] - [0.10289376119282294, 0.28289671187656334, -0.39260638607452325, 0.006816007022078337] - [-0.01118707028194548, 0.5390146205733768, -0.3594509873726955, -0.16837643325970605] - [0.09786286461602758, 0.017463382000293914, -0.16885094844051485, 0.0535249468306497]
B1: 2.9507877871224892e-08 - 3.6530095303080972e-09 - -7.018757541471671e-09 - 1.58483441779938e-08
B2: 9.640173155575274e-09 - 1.4516902508850327e-08 - 6.508729088391448e-09 - 3.969778902019576e-09
