Number: 468
Error: 1.2109637377788775e-12
A1: [-0.012145895423808556, -0.014509468398237985, 0.018095571501713755, 0.008591110335931832] - [0.06583413841927103, 0.18949420562681762, -0.1453237044649334, -0.11000978216120379] - [-0.09628643035013755, 0.4217925110122949, -0.05345012395208468, -0.2720279939087677] - [-0.0013158196276559185, -0.018213781608109818, -0.003829063770938769, 0.023383309545804254]
A2: [0.16159110723867545, -0.1677504695022914, 0.008505631943177444, -0.0023287932485959] - [0.035486829111578945, 0.20751780960541913, -0.11720932325893747, -0.12579094799720844] - [-0.08621280852194523, 0.5815388428688443, -0.23538801030494141, -0.2599348502908247] - [-0.0038340362093600305, -0.004518374182261523, 0.0011111784554980408, 0.007244283588730225]
B1: 8.45348684916236e-07 - -3.1174277192586105e-06 - -7.765793557032813e-07 - -4.727396976506588e-07
B2: -5.306874291459595e-07 - 8.042662905366293e-07 - 3.978854269562425e-07 - 2.5421219538650168e-08
