Number: 5799
Error: 7.381177157676483e-06
A1: [0.07012744744630454, -0.19109212303910403, -0.030116087766103215, 0.1091384147812076] - [0.0024953945044892643, 0.0982680934634847, -0.17028479921401285, -0.07166562989907593] - [-0.00023683171093512312, 0.22976414024775593, -0.12125822325557586, -0.10213954966619376] - [0.06386945007757285, -0.08939909797045884, -0.02084910943088296, 0.14737352645566767]
A2: [0.03385444220787739, -0.030879655130179106, -0.0767211480051597, 0.06860133127143309] - [0.12259452662649489, 0.30247369886403686, -0.37357122618293215, 0.02770438829713173] - [-0.019958385022021997, 0.5306325294169781, -0.367843041221662, -0.17821876830744585] - [0.09334788686959146, 0.01313129515609351, -0.17309899073629337, 0.04856020171723716]
B1: -0.007746201979359902 - -0.0010803527205262263 - -0.0068643782676014896 - -0.00609940208640532
B2: -0.004028408679672706 - -0.0003739112046814645 - -0.008595129280694575 - -0.0019241529754724933
