Number: 1999
Error: 0.0001791251567926222
A1: [0.008085292242584113, 0.00010774677990571524, 0.016822985737681102, 0.03473627361218776] - [0.04879512456752098, 0.17258571814034998, -0.1652431535886614, -0.1298009619749035] - [-0.10822603411458476, 0.44620290330909523, -0.0668585639541778, -0.2524890841703012] - [-0.008024292804263082, 0.031075215595869298, -0.0139932892929855, 0.0567262444989495]
A2: [0.12027336323303497, -0.23721750677872872, 0.011380617536071221, 0.05912905267394003] - [0.021373462531679013, 0.19186084144452023, -0.12646789329919997, -0.1331235544123753] - [-0.08181618859256112, 0.5661019277086383, -0.22301018698016598, -0.21457549159651865] - [-0.03281009993626545, -0.03240221276022461, -0.004315673725062016, 0.019606938954922465]
B1: 0.0044460290712413225 - -0.002560236338883474 - 0.003524129373317371 - -0.0014684896913153885
B2: -0.010459403663951143 - -0.017441049530020333 - -0.011092540136774976 - -0.009586018780842465
