Number: 6852
Error: 9.675423131199783e-16
A1: [0.08043165994250544, -0.18046783548982484, -0.01958888168583421, 0.11962494699891393] - [0.037415558083289065, 0.13359636428108024, -0.13472620806511096, -0.036285846995735796] - [-0.0017028540239292396, 0.228190081496377, -0.12282841760508326, -0.10365894522625982] - [0.03886319956801374, -0.11448105331569344, -0.04641647623467292, 0.12203419311349246]
A2: [0.03530741896446058, -0.02927349996044444, -0.0756973728621444, 0.06966338252444736] - [0.10289375096156494, 0.2828967015584706, -0.3926063959700597, 0.006815996308451564] - [-0.011187067380339906, 0.5390146234922822, -0.3594509846262444, -0.16837643020220522] - [0.09786281544911578, 0.01746333260973533, -0.1688509952442055, 0.053524895221366664]
B1: 5.727714739886856e-09 - -2.2427215476128332e-08 - 1.626065418998354e-08 - 2.3502022264332756e-09
B2: 4.61498836777904e-09 - 1.2037197550977288e-09 - -6.091961312680069e-09 - 9.864873680595334e-10
