Number: 9451
Error: 4.518332016360867e-13
A1: [0.053173525721487695, -0.14800029506737353, -0.026998072841213017, 0.1218287980240711] - [0.0053129492577712115, 0.13083592287335696, -0.11360151422172693, -0.022550535004685675] - [-0.014442740781196853, 0.2230933572410348, -0.12703944519083887, -0.08160419660176924] - [0.027145710421952147, -0.10002078764572536, -0.049425259573485016, 0.1222973689260314]
A2: [0.08925833456267321, -0.07290950598723399, -0.12362363475461668, 0.10729030416694121] - [0.10884516007063592, 0.24981761300435656, -0.4048419262076177, 0.04619296910157246] - [0.036636548921600155, 0.46255573319120424, -0.37771684808091033, -0.12147264413726526] - [0.14342744230951643, -0.04460561800215971, -0.2014985501541705, 0.1026808865333201]
B1: -2.24420291656638e-06 - 2.538743059142523e-07 - 8.991709159298648e-07 - 9.481452187379946e-07
B2: 3.5302538906570554e-07 - -4.5494425408104316e-08 - 5.757235466164519e-07 - 3.644524742370427e-07
