Number: 5150
Error: 8.816122047893246e-16
A1: [0.06621311078231822, -0.11395214902450028, -0.02398402112396066, 0.07172279736913205] - [0.037402638245242786, 0.1881933943889068, -0.14740892110398465, -0.07818698450038924] - [-0.06022934407992913, 0.328950826293996, -0.12775308302335514, -0.1409682956922358] - [0.039046049727289284, -0.053322789915136365, -0.037418696243710754, 0.05169501542642516]
A2: [-0.009108439460570534, -0.34680304084868685, 0.24945522775511011, 0.10645682281978022] - [0.08003981309658033, 0.03628224332370851, -0.05025012610756702, -0.06607197346038511] - [-0.04245284635382006, 0.2308318614041727, -0.04053127436752976, -0.14784786871845765] - [0.06813476418646155, -0.29346786828092664, 0.14177122484751106, 0.08356184409337408]
B1: 1.303814571053419e-08 - 1.4207209143130597e-08 - 2.3984464464105314e-08 - 1.894418630498317e-08
B2: 2.1718063039436198e-09 - -4.092997966701636e-08 - 9.319393360371715e-08 - -2.1102529484134485e-08
