Number: 2549
Error: 3.938765798511774e-08
A1: [0.06269068928387495, -0.04860703238130764, -0.024177654427919356, 0.007119290525089796] - [0.04452790098086527, 0.19210614622841732, -0.14167424669073747, -0.09156215647184043] - [-0.12344665899072592, 0.4148680446224124, -0.10485076085847891, -0.18706400943870588] - [0.036229331849371604, 0.01840090839634431, -0.033899865724735766, -0.023815340016002995]
A2: [0.062008411294445856, -0.17512087357145084, 0.08489959658698473, 0.022543829430758763] - [0.029317047088943473, 0.20032501740988842, -0.10168299014922634, -0.12784679253589454] - [-0.09365190210813187, 0.5134431348961278, -0.22585238339522917, -0.19533278918980743] - [-0.025592143591823685, 0.01885655630852466, -0.04996090219535482, 0.05730095973298042]
B1: 2.3065360762409675e-05 - 9.524411202983479e-05 - -9.695007530388598e-05 - -0.0001868495162110124
B2: -0.0004288570938183651 - 2.081916301671416e-05 - -7.702003972751069e-05 - -0.00017654469117445835
