Number: 8120
Error: 1.4847352070444283e-15
A1: [0.08043172579202909, -0.18046776964778027, -0.01958881591507819, 0.11962501284090166] - [0.03741552822472892, 0.13359633444514374, -0.1347262378640766, -0.03628587683770936] - [-0.0017028051557935126, 0.22819013036346447, -0.1228283688085011, -0.10365889637116378] - [0.0388632403714764, -0.1144810126267505, -0.046416435457218685, 0.1220342338915916]
A2: [0.03530754053501793, -0.02927337805360904, -0.07569725727422112, 0.06966350976103527] - [0.10289374552494474, 0.28289669607571893, -0.39260640122826557, 0.006815990615508418] - [-0.011187178603077842, 0.5390145116061162, -0.3594510899011129, -0.1683765474013594] - [0.09786276871395376, 0.0174632856619657, -0.168851039733107, 0.05352484616470584]
B1: 3.31727508906504e-08 - -6.723856289069894e-10 - -2.564193395794451e-08 - -3.789512539818487e-09
B2: 2.9008518127023586e-08 - -4.27924125443983e-08 - 3.062325072542373e-09 - 1.217178105228509e-08
