Number: 6298
Error: 3.562125221583258e-16
A1: [0.08043164599958001, -0.18046784943116764, -0.019588895612085704, 0.11962493305758407] - [0.03741555451626618, 0.1335963607167609, -0.13472621162502466, -0.03628585056077873] - [-0.0017028375775215696, 0.22819009794243889, -0.12282840118275751, -0.10365892878423956] - [0.03886320572812584, -0.11448104717286728, -0.04641647007848597, 0.12203419926977944]
A2: [0.03530751384555786, -0.02927340481691888, -0.07569728265044598, 0.06966348182785068] - [0.10289379237239078, 0.2828967433207573, -0.3926063559180602, 0.006816039671651793] - [-0.011186929206049002, 0.5390147624907401, -0.3594508538413687, -0.1683762846030213] - [0.0978628669235728, 0.017463384318335596, -0.16885094624388297, 0.05352494925282425]
B1: -3.504515136026506e-08 - 5.127550252293756e-09 - -2.7497188911357266e-08 - -4.707294845418796e-09
B2: -2.5481318742771186e-08 - -2.2865701954970116e-08 - -5.670018476943883e-09 - -1.3460920116682837e-08
