Number: 1365
Error: 7.364618027613598e-10
A1: [-0.0073213964410148965, -0.01512886639376497, 0.002858013496711543, 0.019317293127828965] - [0.06686347587772933, 0.18991976741176977, -0.1466971889077545, -0.1098214549973516] - [-0.11259103197459869, 0.44177978354696074, -0.07079536534418457, -0.25810596583557166] - [-0.02344442217841681, 0.01527036802215282, -0.03001133750741391, 0.038832341462700405]
A2: [0.13171194112247328, -0.22450471981352, 0.022790371724968374, 0.07028352279431394] - [0.03262766927956571, 0.20373094155450613, -0.11490682994132856, -0.12147565974346397] - [-0.09479008759599471, 0.5553752383711511, -0.2353667478689731, -0.22579967012371083] - [-0.02081893735785549, -0.019267520629651903, 0.008126435502348515, 0.0321898027423068]
B1: 5.652131592781556e-05 - -0.00018809001986520285 - -5.778031917300067e-05 - 6.041085627629231e-05
B2: -0.00010574843917688834 - -1.8539109369535245e-05 - -1.730341158005875e-05 - -9.492215482817096e-06
