Number: 1194
Error: 5.152519907254959e-08
A1: [-0.0061242874312759255, -0.013916002465499056, 0.004097667959816578, 0.0205402415200503] - [0.06703008486728498, 0.19008073909626658, -0.14652506416946257, -0.10963516557195989] - [-0.11187690055312925, 0.4424853925569061, -0.07004687901285064, -0.25733731215387284] - [-0.02174747973111377, 0.016941260119987925, -0.02827102634946379, 0.040618528384170426]
A2: [0.13039392194765917, -0.22579836357304447, 0.02149580437680422, 0.06899689719851057] - [0.03262931737003644, 0.20373352698318056, -0.11490489870272506, -0.12147492578734101] - [-0.09449529251016844, 0.5556619028027282, -0.23508200163456855, -0.22551713711187987] - [-0.022263067795401638, -0.020695197007989, 0.006694887666875647, 0.030803279021483457]
B1: -0.00021373800002260908 - -0.00042437855860297566 - 0.00024429281027546474 - -0.00027088267832540476
B2: -0.00040977871376518744 - -0.00010413984632451016 - 0.00013743959504237808 - 3.30002766105037e-05
