Number: 488
Error: 2.779010819338147e-13
A1: [-0.01215286657019404, -0.014516628547353602, 0.018087866177242024, 0.0085836607879738] - [0.06583604393190098, 0.18949603864958628, -0.1453217343328467, -0.11000766056072354] - [-0.09629214043135116, 0.4217869922444202, -0.05345632016864608, -0.27203464651190457] - [-0.0013197534337086852, -0.018217564895971997, -0.003833251276585882, 0.023378762643280582]
A2: [0.161586415760129, -0.16775507256545016, 0.00850103502218049, -0.0023333668272830154] - [0.03548706980006334, 0.20751804641565863, -0.11720908358135484, -0.12579071254320393] - [-0.08621435630291249, 0.5815373267962012, -0.23538951636019628, -0.25993635961231437] - [-0.003835848997108863, -0.004520156844105359, 0.001109384218843342, 0.0072425492247929525]
B1: 2.5658829403267197e-07 - -1.58157050463477e-06 - -1.5453665808454127e-06 - -3.2878288979282496e-07
B2: -1.6245884084096346e-06 - -1.0164945139635078e-07 - -5.332708885782276e-08 - 3.174334243440409e-07
