Number: 2668
Error: 2.3538705689942827e-08
A1: [0.0637288067037752, -0.04757966704322627, -0.023152455527111843, 0.008147400488167013] - [0.044110953393756924, 0.1917041802907687, -0.1421019517949467, -0.09201824193641205] - [-0.12372495195170213, 0.41458464274000834, -0.10513491985905338, -0.1873469794382979] - [0.0378520088617786, 0.020018031363630777, -0.03228384595837885, -0.022207312267836943]
A2: [0.06274004858420033, -0.17438352128441198, 0.08562805720631747, 0.023267583296929458] - [0.029364749594332225, 0.2003722602694447, -0.10163581994992721, -0.12779993189548525] - [-0.09320314336236435, 0.5138853479570382, -0.22540039882278853, -0.19489687552780574] - [-0.025690266333360166, 0.018757200128771054, -0.05005393137919405, 0.05720889185575127]
B1: 0.00018904109991479875 - 0.000250971877457606 - -8.417794207910998e-05 - -5.033911911778681e-05
B2: 3.1223121493779103e-05 - 8.125362558724798e-05 - 0.0001494657396889392 - -0.0002715589473059245
