Number: 1763
Error: 3.247069441551034e-07
A1: [-0.00908418403168225, -0.01692598981610676, 0.0010427466009235633, 0.01748504604254384] - [0.06695476705510822, 0.19001156646922937, -0.1466098187030745, -0.10971742524136012] - [-0.11468599801623597, 0.4397080379867579, -0.07302864172775823, -0.26036176303523184] - [-0.02566150268628516, 0.013085611378169644, -0.03232577919690597, 0.03650124037925505]
A2: [0.1294725091980933, -0.2266977463516331, 0.020597135813089498, 0.06810311679081084] - [0.03298053720284025, 0.20408127874791676, -0.11455559869732074, -0.12112708433787214] - [-0.09255384020000104, 0.5576191799478977, -0.23311189539613608, -0.2235382465634855] - [-0.024750919395879336, -0.02315157329613718, 0.004213054297042985, 0.02839984751201175]
B1: 1.8966495138058735e-05 - 0.00030823118339708627 - -0.0017375654314733622 - 0.0006061876653289127
B2: 0.0001570360608675697 - 7.866623326951115e-05 - -0.0001287499916290199 - -0.00022098271700779487
