Number: 9359
Error: 3.647192776531955e-11
A1: [0.05316215973351017, -0.14801166253492462, -0.027009424810527795, 0.12181742910269025] - [0.005347858852042192, 0.13087086622546845, -0.11356661095799422, -0.022515577051624824] - [-0.014427306266304726, 0.22310879805175607, -0.12702402203309923, -0.08158875502835068] - [0.027137750752932108, -0.1000287455245712, -0.049433234457733836, 0.12228939155538278]
A2: [0.08925127485660198, -0.0729165518413862, -0.12363053738285437, 0.10728315731552841] - [0.10884404425359147, 0.2498164993264934, -0.404843020887601, 0.046191836499240455] - [0.036622741288266224, 0.46254199717266103, -0.3777303205411558, -0.12148659472106046] - [0.14340176230730725, -0.0446312010180208, -0.20152362509439062, 0.10265482633496895]
B1: -7.391125575223236e-06 - -9.496828605708597e-06 - -3.991401025413727e-06 - -4.946057882691068e-07
B2: 1.7099071220471735e-06 - -1.363839756794146e-05 - -2.9392850880548154e-06 - 3.6947769861716503e-06
