Number: 6022
Error: 7.869703420343476e-13
A1: [0.08043347621530546, -0.1804660194301323, -0.019587067589217508, 0.11962676306151378] - [0.037419730443577603, 0.1336005334572831, -0.13472204405263455, -0.03628167696658012] - [-0.0017013199287682808, 0.22819161558183743, -0.12282688572949495, -0.10365741152506502] - [0.03886512678808858, -0.11447913149815456, -0.04641455023442923, 0.12203611914038696]
A2: [0.035304113591944575, -0.029276814492719974, -0.07570051554593346, 0.06965992310010959] - [0.10289834971775737, 0.2829013393503117, -0.392601948121362, 0.006820811879806122] - [-0.011182953872925809, 0.5390187615527466, -0.3594470911115382, -0.16837209565358857] - [0.09786434439418765, 0.017464868513727572, -0.16884953978373052, 0.053526500120432474]
B1: -1.5851808412701962e-06 - 7.764001408026188e-07 - 7.10150501507452e-07 - 7.000132792861548e-08
B2: -9.737227868580238e-07 - -1.885402413192567e-06 - 2.7706137384102996e-06 - 2.906457517601185e-07
