Number: 3783
Error: 6.815222404715152e-16
A1: [0.0662132575444947, -0.11395200554195112, -0.023983874476932662, 0.07172294388504176] - [0.03740264754005191, 0.18819340326939393, -0.14740891196653635, -0.07818697536210244] - [-0.06022928760684724, 0.3289508805333072, -0.12775302776221883, -0.14096824072857342] - [0.03904620026131307, -0.05332264703391909, -0.0374185506070733, 0.051695159880612636]
A2: [-0.009108616012485447, -0.3468032281424462, 0.2494550497749663, 0.10645663771491254] - [0.08003982094875542, 0.03628225178268571, -0.05025011752574022, -0.0660719648056251] - [-0.042452765503337084, 0.23083195063573678, -0.040531187725093065, -0.14784777930097548] - [0.06813475361874591, -0.29346787991645257, 0.14177121339139845, 0.08356183224493409]
B1: 3.2639017994560306e-08 - 2.9508520289258488e-08 - 3.9342874114960235e-09 - 2.3491097001838107e-08
B2: 2.81130168160131e-09 - 2.4944289996586968e-08 - 5.936149982517151e-09 - 5.299652006106037e-08
