Number: 1710
Error: 3.791780584481313e-07
A1: [-0.00754850254656549, -0.015372585475511374, 0.0026212941283146217, 0.01906911752213596] - [0.06644131102733108, 0.18951357266701996, -0.14713424418284776, -0.11029166204895179] - [-0.1140669807200744, 0.4403097744561525, -0.07234313302517092, -0.2597108287345305] - [-0.023387561216367966, 0.015306657891143296, -0.02995491349444077, 0.03888116526110717]
A2: [0.13144556598088522, -0.22473950320653033, 0.02253765115369079, 0.07002378688156792] - [0.032072163372876966, 0.2031848174009931, -0.11546009852406522, -0.12201625669226508] - [-0.09539871530374698, 0.5548010405457201, -0.2359519226658956, -0.22639726754549297] - [-0.02074945099100334, -0.019179447456033644, 0.008202065053237914, 0.032257509300283704]
B1: -7.79893222252932e-05 - -0.0009487764950549791 - 0.00016356523989312344 - -0.0001570161804130923
B2: 0.00030726225382297857 - 0.00028840829361685303 - 0.0005070846427869772 - 0.00017380521555353733
