Number: 4811
Error: 5.697125205118869e-16
A1: [0.06621318426672576, -0.11395207718219674, -0.023983947697202367, 0.07172287073022901] - [0.03740260531380512, 0.1881933629251011, -0.14740895347815502, -0.07818701687741776] - [-0.06022935160461357, 0.3289508190670042, -0.12775309038663024, -0.14096830301593474] - [0.039046229535705274, -0.05332261924760872, -0.037418522284952356, 0.051695187972721234]
A2: [-0.009108495861381863, -0.3468031006810074, 0.249455170898077, 0.10645676368665025] - [0.08003987122312467, 0.0362823059425899, -0.050250062578663456, -0.06607190939202043] - [-0.04245278478467539, 0.23083192935555163, -0.04053120838766184, -0.1478478006254907] - [0.06813472144883477, -0.2934679153368306, 0.14177117851597382, 0.08356179617664973]
B1: 1.4132537896437512e-08 - 1.1408874261352715e-08 - -4.5925680024179786e-09 - -3.697282282841169e-08
B2: -6.243546664183378e-09 - -2.3722629656676676e-09 - -1.3203947031534375e-08 - 6.491326617352204e-09
