Number: 5190
Error: 7.478814096395254e-16
A1: [0.06621316977710143, -0.11395209134802893, -0.023983962175464273, 0.07172285626491645] - [0.037402590646443634, 0.1881933489114667, -0.14740896789726227, -0.0781870312978053] - [-0.06022947961363014, 0.32895069612110495, -0.12775321564879538, -0.14096842760434922] - [0.03904621353712322, -0.05332263443278159, -0.03741853776299863, 0.05169517262033632]
A2: [-0.00910872115205789, -0.34680333967856825, 0.24945494378448804, 0.10645652748225905] - [0.08003983035407682, 0.03628226191495946, -0.05025010724611557, -0.06607195443879392] - [-0.04245284170655509, 0.23083186653318127, -0.04053126938734033, -0.1478478635787689] - [0.068134719652193, -0.2934679173149157, 0.14177117656820404, 0.08356179416244719]
B1: 7.513473182197195e-10 - -3.506629573686232e-08 - -2.3092836788590765e-08 - -1.4653330617694677e-08
B2: -1.2014273973511998e-10 - -7.258913678399542e-08 - -2.0432125087267618e-08 - -5.742236594366968e-09
