Number: 2082
Error: 0.000267598128348311
A1: [0.16816595072830356, 0.12331534496074038, 0.13964115821020906, 0.15015797216763282] - [0.06120371553459624, 0.19022063187390956, -0.14694399935658764, -0.11089247462543553] - [-0.16697313487575216, 0.403703604284915, -0.12020449345742902, -0.26203749283405703] - [0.025512774610868476, 0.0522708132854892, -0.034943030594943386, 0.007654430866797547]
A2: [0.06062196434415852, -0.25559798394373034, 0.023522836950521604, 0.02028828753688124] - [0.04885476034995776, 0.2136975411182937, -0.10746042984974165, -0.11163251190192536] - [-0.13250948282104755, 0.4893281576996719, -0.27572593406746854, -0.2689791405371321] - [-0.05755205880338161, -0.059500034519170936, -0.056555287746695736, 0.05472189364148135]
B1: -0.019881103888422565 - -0.005450910549187574 - -0.045332665308751685 - 0.004620921421602399
B2: -0.0018997074352536383 - 0.007283861211831916 - -4.581673643839351e-05 - -0.027075003243548126
