Number: 7827
Error: 9.14219628702199e-16
A1: [0.08043166136113394, -0.18046783407136416, -0.019588880268894753, 0.11962494841738436] - [0.03741558719928551, 0.13359639337503484, -0.13472617900711384, -0.036285817895864186] - [-0.0017028337231082707, 0.22819010179676263, -0.1228283973339802, -0.10365892493085047] - [0.038863203047272116, -0.11448104984620955, -0.046416472757627246, 0.12203419659058912]
A2: [0.0353075272894788, -0.02927339133579603, -0.07569726986799613, 0.06966349589821857] - [0.10289375630110989, 0.28289670694335284, -0.3926063908056998, 0.006816001899731653] - [-0.011187074578958643, 0.539014616250718, -0.3594509914398432, -0.1683764377876915] - [0.09786285174268006, 0.01746336906839086, -0.16885096069502395, 0.05352493331773373]
B1: -3.7588312289053294e-08 - -1.900142061881559e-09 - -4.439086865093774e-09 - -1.65869401874466e-08
B2: -1.8294269732604538e-08 - 1.4873998226848381e-08 - -1.2406888171058657e-08 - -1.8182726538525347e-08
