Number: 3676
Error: 1.664611511518646e-14
A1: [0.06621410273269882, -0.11395117923994841, -0.023983029951437636, 0.07172378765475543] - [0.037402185099434354, 0.18819296143797987, -0.14740936658162823, -0.0781874300168715] - [-0.060229130334829885, 0.3289510315841835, -0.1277528738651184, -0.14096808765918067] - [0.03904536522041231, -0.053323439624956635, -0.037419358481536456, 0.0516943585668046]
A2: [-0.009107442016072434, -0.3468019827168878, 0.24945623326930605, 0.10645786858393708] - [0.0800392161160549, 0.03628160020513205, -0.05025077857354192, -0.0660726314653863] - [-0.04245261804436543, 0.23083211338095277, -0.040531029701820626, -0.1478476162166076] - [0.06813588201676868, -0.29346663750139423, 0.1417724366841441, 0.08356309738671255]
B1: -1.268504835321275e-07 - 2.657189652337291e-08 - 2.819647046612609e-07 - -3.6528032794888916e-08
B2: 1.7144882761972792e-07 - -2.8460977813966736e-07 - 1.6608975625055302e-07 - 1.4292782659117558e-07
