Number: 1813
Error: 1.5376032964426189e-07
A1: [-0.009436547880846875, -0.017255635148080754, 0.0007011038099985675, 0.017120674875551332] - [0.06709574126603726, 0.19014892439565573, -0.1464595854458017, -0.10956206159656746] - [-0.11415592640254728, 0.4402682245178643, -0.07246913103535216, -0.25979488429386804] - [-0.023545519020863076, 0.015205995928331148, -0.030183280666972723, 0.03873268920538233]
A2: [0.13361548239485369, -0.2226564668096173, 0.024675100448165458, 0.07215029081894957] - [0.0318732721825802, 0.20299880882298005, -0.11565611179095055, -0.12220675617085446] - [-0.09344666112130938, 0.5567379570346066, -0.23395789769616007, -0.22435379753637325] - [-0.020828347683484887, -0.019318145024824568, 0.008109113785444886, 0.03216193668706865]
B1: 0.00040121643151388965 - -0.0006139012949516947 - 0.0014234852731328526 - -0.00031437418303727904
B2: -0.00023100975337713846 - 0.0004408501935605743 - 0.00029172335630516877 - -1.796540745095738e-05
