Number: 2182
Error: 0.0007677122477857637
A1: [0.019819934846845043, -0.06991979214469818, -0.03288137417602175, 0.01141457459823711] - [0.06100526099909405, 0.19175814805383262, -0.14995027845824824, -0.09752610009979926] - [-0.08814943433723092, 0.4493873328441016, -0.06457319118874785, -0.17840004423132674] - [0.0008235317809700419, 0.024080986033996346, -0.013690191713042133, -0.02173246857968464]
A2: [0.3020774065611955, 0.00332814288932564, 0.3165522704381262, 0.2642228722389556] - [0.032352581628562214, 0.19919635344140124, -0.10158382436439072, -0.12932744874659685] - [-0.10247892904059705, 0.5312660921845848, -0.2204873135837939, -0.20470895365430508] - [0.1063641092427399, 0.19457379253770724, 0.13410262815880863, 0.20699728508848408]
B1: 0.04909862817890491 - 0.025348777732005865 - -0.011864497857724633 - -0.035410586149716664
B2: -0.02322727091820845 - -0.019007411186651935 - -0.01860997841803122 - -0.0030603095723145957
