Number: 4231
Error: 1.101130830131561e-15
A1: [0.06621320528027136, -0.11395205663822969, -0.0239839267001311, 0.07172289170853974] - [0.03740264206166672, 0.18819339803517904, -0.14740891735219372, -0.07818698074824493] - [-0.06022939310167114, 0.32895077921137256, -0.1277531309931895, -0.14096834340429715] - [0.03904620394541921, -0.05332264353706977, -0.03741854704279475, 0.05169516341593177]
A2: [-0.009108493204047063, -0.34680309786186286, 0.24945517357703978, 0.1064567664728864] - [0.08003985065526363, 0.03628228378510528, -0.05025008505821541, -0.0660719320624145] - [-0.04245287361887786, 0.23083183131264362, -0.04053130358601784, -0.14784789887275748] - [0.06813492511467341, -0.2934676910919619, 0.14177139930949625, 0.08356202452354972]
B1: -2.448329820462489e-08 - 2.621090108257601e-08 - -2.7657619203983026e-08 - 4.954853948600356e-08
B2: -7.671687236790895e-09 - 8.408341074209755e-10 - 6.178193180097988e-09 - 1.7810711360294805e-08
