Number: 7623
Error: 1.0465289752220078e-15
A1: [0.08043172338696049, -0.18046777205256337, -0.01958881831724712, 0.11962501043611778] - [0.03741563614610738, 0.13359644228481357, -0.1347261301578312, -0.03628576897616145] - [-0.001702779241704292, 0.22819015627700473, -0.12282834293235435, -0.1036588704639918] - [0.03886326998640589, -0.11448098309493102, -0.04641640586116136, 0.12203426348811143]
A2: [0.035307486277944, -0.02927343246077291, -0.07569730886130718, 0.06966345297526498] - [0.10289378472399646, 0.2828967356074538, -0.3926063633154534, 0.0068160316626363964] - [-0.01118696517879758, 0.5390147263033936, -0.35945088789013935, -0.1683763225090049] - [0.0978629094791686, 0.017463427067495162, -0.1688509057336009, 0.05352499392222133]
B1: 5.605823269527294e-09 - -6.2271735622003135e-09 - -2.517461794418346e-09 - -2.885771264673164e-09
B2: -4.8533900521774834e-09 - 3.811552898099764e-09 - 2.2854882485761244e-09 - -3.551172371137571e-09
