Number: 2322
Error: 3.73246575513689e-05
A1: [0.042514100237477204, -0.0725571270696172, -0.05168481581958146, -0.016542026266652316] - [0.021779974768286976, 0.17057249195696583, -0.16446829532555063, -0.11491512140671035] - [-0.1376225409419679, 0.40189769731918706, -0.11920539086555156, -0.20029680362278174] - [0.028225343631059635, 0.012038171964718434, -0.03997870082408198, -0.0305017755652572]
A2: [0.10112822553929743, -0.13342814761374572, 0.12671052962498075, 0.0628148297370559] - [0.022346481019225862, 0.19301187536158523, -0.10879962859150294, -0.13488733111223933] - [-0.08248517578873231, 0.5212657311829303, -0.2158979887649391, -0.1864159636447407] - [-0.05297679054422441, -0.009879034469340136, -0.0772259385537775, 0.030692521977497403]
B1: 0.01555350204009779 - -0.00040009996628204494 - -0.015539002844447484 - -0.010110032993024648
B2: -0.015929276990767974 - 0.028503976988577453 - -0.010132538441003511 - -0.007251399921105711
