Number: 9450
Error: 4.926189671056518e-13
A1: [0.05317312658412022, -0.14800069435058152, -0.02699847153945199, 0.12182839869351066] - [0.005312401665036197, 0.13083537470603077, -0.11360206173071735, -0.02255108336787091] - [-0.014443433684100499, 0.22309266408297793, -0.12704013754743457, -0.08160488975469958] - [0.027144972216850576, -0.10002152584883135, -0.049425999334166915, 0.12229662884818428]
A2: [0.08925791764029724, -0.07290992194548998, -0.12362404228433445, 0.10728988210437242] - [0.10884505968922965, 0.249817512605734, -0.40484202459987806, 0.046192867031399104] - [0.03663744197571466, 0.4625566215950228, -0.37771597677251134, -0.12147174182451313] - [0.1434284548429065, -0.04460460924457789, -0.20149756150212642, 0.10268191408333]
B1: -1.2480677803826437e-06 - 6.829816803027758e-07 - 1.3515493997379519e-06 - 1.4323134831297419e-06
B2: -2.4277142443932097e-08 - -3.729961580187095e-07 - 1.604116416654376e-07 - 9.73047588250948e-08
