Number: 5699
Error: 0.09601852760359716
A1: [-0.17635652459871437, -0.3404021713988077, -0.25780094403755666, -0.14734413373841815] - [-0.12888175160347562, 0.04317499733730418, -0.29784282051723665, -0.21655422617436287] - [-0.17129303006386726, 0.1871901744028542, -0.24766945619816266, -0.26852884993336] - [-0.5788289397959553, -0.6131620864277442, -0.6249720319339268, -0.5026822656861983]
A2: [0.36915243204496206, 0.10087433197726992, 0.5010793910159324, 0.4641385965956034] - [0.32256902894172984, 0.33673408066902555, 0.13129449689623088, 0.17605795434978683] - [0.26367276767372927, 0.614043131728082, 0.17042966701267032, 0.13784441353512197] - [0.4397139639783714, 0.16139537642018387, 0.43647795895979596, 0.429031261351295]
B1: -0.6680799216575093 - -0.7650535395435816 - -0.6892220708546439 - -0.702440762070573
B2: 0.30697952861795363 - 0.3616065357945279 - 0.2633822056444143 - 0.24556025257007746
