Number: 3810
Error: 8.422845943990565e-16
A1: [0.06621319775490637, -0.11395206399542696, -0.02398393421959504, 0.07172288419580121] - [0.037402666490284286, 0.18819342137505088, -0.14740889333700555, -0.07818695673092636] - [-0.060229426730411664, 0.328950746912858, -0.12775316390029093, -0.14096837613441512] - [0.039046250667042495, -0.05332259919072456, -0.03741850184122362, 0.05169520825048145]
A2: [-0.009108596907700372, -0.3468032078752454, 0.24945506903432782, 0.10645665774523974] - [0.08003981050114378, 0.03628224052761166, -0.050250128944389724, -0.06607197632123268] - [-0.042452836236504636, 0.23083187257015148, -0.040531263525599784, -0.14784785752926655] - [0.06813476007964749, -0.29346787280271064, 0.1417712203956447, 0.08356183948880895]
B1: -1.8308892724815124e-09 - 2.833302118557136e-08 - -2.819837039208858e-09 - 9.524170377010367e-09
B2: 2.978147828926043e-08 - 2.5409402416528523e-08 - -7.929788233823826e-09 - -8.333322338698081e-09
