Number: 8841
Error: 0.00018306650497987854
A1: [0.07657539075152965, -0.1842531515321952, -0.02396925229877656, 0.1158293730837088] - [0.03281846461035718, 0.12903722035864754, -0.13976606020492416, -0.040842440375540565] - [-0.005726990919028774, 0.22419056179765554, -0.12721412031063717, -0.10764444411746699] - [0.033495107463048436, -0.11972818910085675, -0.05241813973787437, 0.11674690692116692]
A2: [0.017048454602658067, -0.04771634476515088, -0.0929186885577988, 0.05059965701034515] - [0.0829008599287706, 0.2627090261986265, -0.4117441360693169, -0.014094172019259586] - [0.004992093632526173, 0.5549757503076581, -0.34429306438562496, -0.15125897450482254] - [0.06757907133292729, -0.013028345821575582, -0.19747855757984561, 0.021786561631861864]
B1: 0.008390564653339589 - 0.008699372283073072 - -0.003992838923444967 - 0.012412853687193779
B2: -0.0071788077622079085 - -0.00587989138904829 - -0.0018222690402551998 - -0.00707923440559232
