Number: 2280
Error: 0.00029934437146952045
A1: [0.09792391036963614, -0.005269429680074343, 0.01838367246549926, 0.04611667126272104] - [0.04527887809592768, 0.18748051207235844, -0.1517615657593434, -0.09917400068328584] - [-0.11736659390953791, 0.43312066610126804, -0.08888076342729645, -0.16896825007893682] - [0.052018348736256624, 0.048349939861119594, -0.0002511277970301349, 0.0012076632078163434]
A2: [0.05401793739479341, -0.18779534835867806, 0.08256737815281083, 0.014102767268704445] - [-0.0014139823955463, 0.17104578090245748, -0.13020953383265138, -0.15791661584348446] - [-0.2414249685729857, 0.3817532475829797, -0.3640881594106249, -0.33811220687858806] - [-0.1496678453927649, -0.09288743769391493, -0.17116661506918826, -0.06178726294005633]
B1: 0.0038821201062650915 - 0.003098515277422255 - 0.0004357971137888342 - -0.04340614968632836
B2: 0.004491133174117983 - 0.005580586717214267 - -0.010813166982334317 - -0.0006579381660145297
