Number: 9056
Error: 0.000541334943643911
A1: [0.032644740376107546, -0.17828690840371178, -0.04909190433000096, 0.09795497278263234] - [0.03949691775938478, 0.16250358585371488, -0.08172134310511943, 0.009573786816047447] - [0.003659763294603515, 0.2509700040665414, -0.09681971478026166, -0.0561957917445925] - [0.05891441289141386, -0.06643029440069165, -0.013482632849766868, 0.15509763357435505]
A2: [0.15267469223978086, -0.002705742333883961, -0.044474031522142264, 0.18026849960893415] - [-0.016000696618479825, 0.11047332631850666, -0.5423326723209911, -0.09550960031531076] - [-0.04838803691664295, 0.37840336022929943, -0.4677586682920834, -0.21120045850697677] - [0.13304569243296516, -0.05433474227604762, -0.2129880110038794, 0.09201856186836847]
B1: 0.01034862807641105 - -0.045910499455153714 - -0.046100523065832996 - -0.013391245786389477
B2: -0.04701093257806319 - -0.02547611859847182 - -0.015653842115297287 - -0.02531080646086293
