Number: 419
Error: 1.1960203666555026e-11
A1: [-0.012139431750241955, -0.014502828899067701, 0.01810271644014597, 0.008598018209413378] - [0.06584276006902805, 0.1895024993646152, -0.14531479037749795, -0.11000018288063597] - [-0.09626130204621922, 0.42181679787616194, -0.05342285613111272, -0.2719987176669222] - [-0.001286156320929964, -0.018185253044536515, -0.0037974874227442246, 0.02341759601866645]
A2: [0.16159677530311373, -0.16774490846861265, 0.008511186078847745, -0.002323267296727263] - [0.035479980322791926, 0.2075110708524258, -0.11721614332820852, -0.12579764788122322] - [-0.08620810116141822, 0.5815434538745848, -0.23538342951003957, -0.2599302596512659] - [-0.003835665562730011, -0.004519976254649537, 0.0011095662182810072, 0.0072427251160216855]
B1: 2.454043636239645e-06 - 3.3410011520877575e-06 - -1.5162005427099367e-06 - 3.2809764277376308e-06
B2: -4.415202107846195e-06 - -3.5648781114369414e-06 - 6.404272070830549e-07 - 1.3182504980824802e-06
