Number: 9412
Error: 1.3467893554824669e-11
A1: [0.05318251410460342, -0.14799130329983223, -0.026989094339481833, 0.12183779080631144] - [0.005323943466755633, 0.13084692888537627, -0.11359052148437433, -0.0225395249305765] - [-0.01443865942400862, 0.22309743974541094, -0.12703536725030604, -0.08160011409279017] - [0.027158664814320638, -0.10000783256896484, -0.04941227738419183, 0.12231035709862623]
A2: [0.0892749528617139, -0.0728929261183102, -0.12360739097560028, 0.1073071276961778] - [0.10882096599397013, 0.2497934146188433, -0.4048656410523672, 0.04616836774990561] - [0.03663870639894985, 0.4625578792824893, -0.3777147430805142, -0.12147046443903992] - [0.14341720311902403, -0.04461581931664484, -0.2015085477117559, 0.1026704949197176]
B1: -4.31279193101066e-06 - 6.532067677393079e-06 - -2.004268460986091e-06 - -5.5425451325363596e-08
B2: -3.258789096234234e-07 - -1.513902978981729e-06 - 3.7313973246120923e-07 - -2.5127942138565544e-06
