Number: 9940
Error: 7.184922305061449e-16
A1: [0.05317247114548243, -0.1480013499995699, -0.026999126228373815, 0.12182774294923801] - [0.005313703751656139, 0.13083667818647327, -0.11360075983510759, -0.022549779464080766] - [-0.014444604715041874, 0.2230914926441889, -0.12704130763381513, -0.08160606118310822] - [0.02714659731182082, -0.10001990082252886, -0.04942437089421177, 0.12229825796840536]
A2: [0.08925451827557927, -0.07291331346631764, -0.1236273651093649, 0.1072864407474382] - [0.10884176157750612, 0.24981421389559072, -0.4048452574039819, 0.046189513418155026] - [0.0366358784820903, 0.4625550662482932, -0.3777175022097202, -0.12147332151340424] - [0.1434263262031288, -0.044606729920528485, -0.20149963995190145, 0.10267975390940932]
B1: 3.842608656957234e-09 - 1.4799077935783683e-08 - 1.2752142323441757e-08 - 4.101093396752132e-08
B2: -8.97950776411687e-09 - -1.1052079754007607e-08 - 1.9158824142868362e-08 - 5.398919224012557e-08
