Number: 2460
Error: 7.452750164819e-07
A1: [0.06688659224542491, -0.04447893514387765, -0.01999642205180156, 0.011291621966177603] - [0.045114333716265866, 0.19265360692771855, -0.1411024338814117, -0.09094266193575858] - [-0.11741599902656168, 0.42080754756118616, -0.09885700514824375, -0.1811161822329444] - [0.037413058934311856, 0.01957334857946965, -0.03273286522740245, -0.022678751697678263]
A2: [0.05610021703115127, -0.18102127325916376, 0.07896177952175108, 0.016735296510212598] - [0.027995602923455137, 0.19901452666561498, -0.10301289409802666, -0.1291487593461012] - [-0.0965366555287464, 0.5106951473917141, -0.2287047266751478, -0.19806506512507419] - [-0.0284082323537517, 0.016106766891561652, -0.05273600319187302, 0.05462452386737296]
B1: 0.0015327060144790451 - 0.00018682584815024334 - -0.0009108455011243264 - -0.0008637862043590306
B2: 0.0024653569539141583 - -0.00045053754941407867 - 9.30650892951555e-06 - -0.0007724279329802724
