Number: 1110
Error: 2.3582258249476196e-06
A1: [-0.009145778216051125, -0.01692432996641324, 0.0010456694575849193, 0.01735736146504946] - [0.06227617318828353, 0.1854655415847782, -0.1514749328221593, -0.11488437049295158] - [-0.12462789595324765, 0.4300511105530201, -0.08322421372358647, -0.27130960090922096] - [-0.02310018872426953, 0.015591150294408013, -0.02946490770277064, 0.039159206068939585]
A2: [0.12729820697098337, -0.22882029408137589, 0.018527707000890896, 0.0658989548687398] - [0.012983274756094839, 0.18444273608364783, -0.1344506211144151, -0.1407262372707848] - [-0.09211409131818966, 0.5581194948696825, -0.23272736937840333, -0.22325867553899226] - [-0.031595138423695344, -0.029990094909408953, -0.0023520696513156616, 0.021637410206730427]
B1: -0.0003076585677056758 - 0.000491874986291566 - -0.0022551468036253147 - 0.0020405745140931906
B2: 0.0027462300481077935 - -0.005205043330887429 - 0.0002736261488629401 - 0.0026409465078459345
