Number: 6699
Error: 8.698533897500566e-16
A1: [0.08043166842821058, -0.1804678270050812, -0.019588873210274655, 0.1196249554836503] - [0.03741556479485697, 0.13359637098756907, -0.13472620136691588, -0.03628584028788553] - [-0.0017028331027535508, 0.22819010241710672, -0.12282839671453885, -0.10365892431066721] - [0.03886320132675498, -0.1144810515618873, -0.04641647447705209, 0.12203419487114088]
A2: [0.035307427184871475, -0.02927349171729688, -0.07569736504628223, 0.06966339112799877] - [0.10289377109367896, 0.28289672186144876, -0.39260637649854446, 0.006816017389720962] - [-0.011187154679924798, 0.5390145356719942, -0.3594510672571865, -0.16837652219283905] - [0.0978627769037575, 0.01746329388904783, -0.16885103193688614, 0.05352485476128346]
B1: -7.163559303342037e-09 - 7.0693157396393685e-09 - -2.4165116830739093e-08 - -1.2601569470305115e-08
B2: -9.264363386118377e-09 - -1.347546326169334e-08 - -3.3325983997205963e-09 - -1.7755355538658046e-08
