Number: 1611
Error: 6.228664094056595e-08
A1: [-0.00822945883962057, -0.016043900951966422, 0.0019155470459935263, 0.018376947651612723] - [0.06542341078033542, 0.18853449443722875, -0.1481863962670729, -0.11142243760150947] - [-0.11514709050723074, 0.4392734574122263, -0.07345525643738011, -0.2608731523752299] - [-0.024315874771079764, 0.014412908298327221, -0.030900455306593983, 0.03790748805282839]
A2: [0.13109271161370467, -0.22511829568712013, 0.022178005794868665, 0.06967495973854648] - [0.032543558083114585, 0.20364813058453454, -0.11498973753727716, -0.12155757267134576] - [-0.09493440566430825, 0.5552335157998499, -0.2355083060799513, -0.22594221096909115] - [-0.021266849714052415, -0.019720833608295744, 0.007673245722569107, 0.031753979370125154]
B1: 0.0003271709719608209 - -0.00011354273716028399 - 0.00010873878451815003 - 0.0003757878453167369
B2: 1.593310523355536e-05 - 0.00014265562511175305 - 0.00021094130445318545 - -0.000143091502856069
