Number: 6114
Error: 2.1662636868832034e-15
A1: [0.08043164012219714, -0.1804678553079036, -0.01958890148244771, 0.11962492718086393] - [0.0374155994851281, 0.13359640565156605, -0.13472616674577478, -0.036285805616834324] - [-0.0017028841249202716, 0.22819005139603038, -0.12282844766200508, -0.10365897531923705] - [0.03886288301499111, -0.11448136898035507, -0.04641679258599025, 0.12203387675720134]
A2: [0.03530756723922326, -0.029273351275567818, -0.0756972318844705, 0.06966353771014874] - [0.10289354850728306, 0.28289649738591777, -0.392606591781137, 0.006815784309150048] - [-0.011187151538487249, 0.5390145388321702, -0.3594510642837231, -0.16837651888261154] - [0.09786260889790628, 0.01746312511897759, -0.16885119186744996, 0.05352467840972876]
B1: 7.368508542654217e-08 - -1.0968223706771237e-08 - 4.401968281079123e-08 - -3.3523308020842146e-08
B2: 2.3607535338466404e-07 - 2.977257295920831e-07 - -3.505817124952049e-07 - -2.4346156667248313e-08
