Number: 8072
Error: 8.528962153493828e-16
A1: [0.08043170796811967, -0.180467787469656, -0.019588833717650245, 0.11962499501904247] - [0.03741558580686623, 0.13359639198367496, -0.13472618039670947, -0.036285819287492624] - [-0.001702808953010319, 0.22819012656633278, -0.12282837260015096, -0.10365890016736334] - [0.03886325276152644, -0.11448100027146806, -0.04641642307505575, 0.12203424627394477]
A2: [0.03530745734158661, -0.029273461477173312, -0.07569733637362763, 0.06966342269022381] - [0.10289378867719165, 0.2828967395941968, -0.39260635949194345, 0.006816035802167007] - [-0.011187132538035847, 0.5390145579459278, -0.35945104629946173, -0.1683764988611015] - [0.0978628492213594, 0.0174633665355778, -0.16885096309514275, 0.053524930671141974]
B1: 2.382831069478774e-08 - -1.597496897477342e-08 - -4.0634157553076415e-09 - -1.0300175521821462e-08
B2: 7.52385866857327e-09 - -7.166987783998691e-09 - 5.3694595857343605e-09 - -1.2465792066211277e-09
