Number: 3448
Error: 2.724817321780357e-09
A1: [0.0661359690644596, -0.11402774445248456, -0.024061373534358683, 0.07164564867397051] - [0.037265487503770824, 0.18806235433411456, -0.14754362292938178, -0.0783217302453492] - [-0.060180295423810794, 0.328997903800155, -0.12770512728991545, -0.1409208554446795] - [0.03867139025115638, -0.05367805961699873, -0.03778076169515349, 0.05133560934250863]
A2: [-0.008892521898513275, -0.3465738193717744, 0.24967302694147867, 0.10668370120564062] - [0.07987996493458333, 0.03611003300172487, -0.05042493813010734, -0.06624817531021447] - [-0.042269701352552556, 0.2310336487929758, -0.04033513438698339, -0.14764550469048907] - [0.06823173113618249, -0.2933612346785428, 0.14187665090370497, 0.08367078043559387]
B1: 5.7991110403371884e-05 - -8.914118871799122e-05 - -0.0001488489339913315 - 1.0313061513546467e-05
B2: -6.269417503817552e-05 - 0.00010026123566261039 - -3.094179732342194e-05 - 9.790075405780445e-06
