Number: 8062
Error: 9.418946468849598e-16
A1: [0.08043170699969464, -0.18046778843797143, -0.019588834684916682, 0.11962499405072816] - [0.03741558194939927, 0.13359638812912736, -0.13472618424649124, -0.0362858231428231] - [-0.0017028076623194356, 0.22819012785699627, -0.1228283713113494, -0.10365889887701674] - [0.03886324881431169, -0.11448100420760567, -0.04641642701975466, 0.12203424232918335]
A2: [0.03530744453843862, -0.02927347431573189, -0.07569734854671718, 0.06966340929036159] - [0.10289368015071265, 0.28289663014666605, -0.39260646445741604, 0.006815922159209741] - [-0.011187059129748059, 0.5390146317920498, -0.3594509768168036, -0.16837642150835624] - [0.09786278448099968, 0.017463301500746858, -0.16885102472386768, 0.05352486271494589]
B1: -1.288099343112892e-08 - 1.9181300725902932e-08 - 4.965384923637732e-09 - 9.346861450864284e-09
B2: 1.649877549159826e-08 - -4.3960042332239655e-09 - 1.1817535662705114e-08 - 7.868260660982976e-09
