Number: 2547
Error: 1.3433894331476109e-08
A1: [0.0633466038656705, -0.047953814117774954, -0.02352776290238669, 0.007770011539749576] - [0.04432786592078448, 0.19191288659231392, -0.14188043674699277, -0.09178233466752145] - [-0.12322472693020847, 0.41508917788602673, -0.1046279279122581, -0.18684204140440952] - [0.036669832389414805, 0.018842127012905496, -0.03345980000532465, -0.02337741651955301]
A2: [0.061921001838810635, -0.17520822095580704, 0.08481229888509832, 0.022457624210632052] - [0.029165656262599045, 0.20017588127079702, -0.10183385453436716, -0.1279949506902452] - [-0.09374108221564403, 0.5133557391025082, -0.2259417199002504, -0.19541912675190842] - [-0.0256289642875893, 0.018820092488874385, -0.04999772806452148, 0.057265080635437574]
B1: 0.0001665166116475463 - 8.405673513529199e-05 - -0.00015714153623668458 - -0.00024165137412735893
B2: -0.00018210075097339128 - -9.436000455634373e-05 - 2.1739108905666982e-05 - 1.777151957806048e-05
