Number: 4332
Error: 8.162939857397443e-16
A1: [0.06621330240520518, -0.11395196168372895, -0.023983829651420287, 0.07172298867046899] - [0.03740261440881378, 0.18819337161475677, -0.14740894453706505, -0.07818700793552165] - [-0.060229365723989056, 0.32895080550608463, -0.12775310420304262, -0.1409683167582234] - [0.039046277976752405, -0.05332257326929357, -0.037418475419955494, 0.05169523445721186]
A2: [-0.009108759724035635, -0.3468033805978349, 0.2494549049005996, 0.10645648704120118] - [0.08003984267264101, 0.03628227518554423, -0.0502500937827616, -0.06607194086101785] - [-0.04245283894150176, 0.23083186958477656, -0.04053126642434236, -0.1478478605208034] - [0.06813496673571087, -0.2934676452654534, 0.1417714444306866, 0.08356207118832414]
B1: 9.80774694594398e-08 - -5.371656032017387e-09 - -3.870141448387794e-08 - 4.222146878940912e-08
B2: 1.0720385382009514e-07 - 1.4250118624579806e-08 - 2.055843535418617e-08 - -3.814380279118666e-08
