Number: 4992
Error: 1.2611260071813017e-15
A1: [0.06621330616494187, -0.11395195800794604, -0.02398382589462877, 0.07172299242389583] - [0.03740265110749501, 0.18819340667788798, -0.14740890845943347, -0.07818697185471489] - [-0.060229379281747465, 0.32895079248462444, -0.12775311746983, -0.14096832995347927] - [0.03904625735570749, -0.053322592841859744, -0.03741849536997202, 0.05169521466916499]
A2: [-0.009108588171097613, -0.34680319860700853, 0.2494550778415322, 0.10645666690514344] - [0.08003983186806787, 0.036282263545959086, -0.05025010559144384, -0.06607195277003501] - [-0.042452840243729244, 0.23083186814765402, -0.04053126781965297, -0.14784786196098545] - [0.06813476306343924, -0.29346786951739007, 0.14177122363018532, 0.08356184283422631]
B1: -3.036832483655978e-08 - 5.313867705620692e-09 - 2.341816873421661e-08 - 1.2514132571993029e-08
B2: 3.259152295618175e-08 - 2.6247466337548022e-08 - -4.5729061466319485e-08 - -3.0672781187630866e-08
