Number: 7407
Error: 1.0358349214656612e-15
A1: [0.08043167898931734, -0.18046781644517432, -0.019588862661799954, 0.11962496604354969] - [0.03741557788528046, 0.1335963840680854, -0.13472618830257024, -0.03628582720471213] - [-0.0017028145269735897, 0.22819012099248795, -0.12282837816596057, -0.10365890573984313] - [0.03886322669776049, -0.11448102626208924, -0.046416449122219726, 0.122034220226374]
A2: [0.035307525267583795, -0.029273393363293893, -0.07569727179045865, 0.06966349378215457] - [0.10289369348107727, 0.28289664359015393, -0.39260645156444407, 0.006815936118014662] - [-0.01118722115281458, 0.539014468802624, -0.3594511301752999, -0.1683765922375614] - [0.0978627538654968, 0.0174632707460001, -0.16885105386785518, 0.053524830578648444]
B1: 4.712860015383418e-08 - -5.2566349843790265e-09 - -2.4664908640972843e-08 - -3.858342657033065e-09
B2: 6.237743453072352e-10 - -1.3581895912968119e-09 - 9.550464564609146e-09 - 1.5153846462622819e-09
