Number: 8595
Error: 1.032166652392337e-15
A1: [0.08043169683207407, -0.1804677986044099, -0.01958884484038922, 0.11962498388428466] - [0.037415555890770794, 0.13359636209028827, -0.13472621025303258, -0.03628584918691459] - [-0.0017027654270768374, 0.22819017009133175, -0.12282832913795787, -0.10365885665304207] - [0.0388632402923306, -0.11448101270559054, -0.046416435536292, 0.12203423381255357]
A2: [0.03530752714649634, -0.02927339147917768, -0.07569727000379907, 0.06966349574836828] - [0.10289363516582509, 0.2828965847800387, -0.39260650796627977, 0.006815875053574581] - [-0.011187143368166426, 0.539014547051215, -0.3594510565505135, -0.1683765102730776] - [0.09786277186653909, 0.017463288828893034, -0.1688510367320693, 0.05352484947389997]
B1: 5.873169306835085e-08 - -1.7940950397090375e-08 - 2.1547021650162186e-08 - 1.1441728181426502e-08
B2: 5.4749095844631116e-09 - -7.837977335359036e-09 - 2.1092530084469105e-08 - 1.0071969702711936e-08
