Number: 5345
Error: 8.587020077397368e-16
A1: [0.0662131527893268, -0.11395210795615955, -0.023983979149880628, 0.07172283930566921] - [0.03740256877271649, 0.1881933280126541, -0.14740898940076905, -0.07818705280321558] - [-0.060229481794971174, 0.32895069402581073, -0.12775321778349136, -0.14096842972755183] - [0.039046023304601364, -0.053322814994487606, -0.03741872180668841, 0.0516949900709724]
A2: [-0.009108553521968805, -0.34680316184968485, 0.24945511277067467, 0.1064567032327968] - [0.08003985118299954, 0.03628228435366289, -0.0502500844812874, -0.06607193148068145] - [-0.042452845724668585, 0.23083186209856857, -0.040531273693274944, -0.14784786802259964] - [0.06813474445954838, -0.29346789000102536, 0.1417712034616931, 0.08356182197600774]
B1: 3.0222083504557483e-09 - -1.4878971876984252e-08 - 4.9683315534017216e-09 - 2.8689430023787257e-09
B2: 1.2255289900068895e-08 - 1.1010836753739583e-08 - 8.353705434274165e-08 - -6.442164605802179e-08
