Number: 882
Error: 5.969437993319448e-09
A1: [-0.012046341079764565, -0.01440724291067, 0.018205596002756955, 0.00869748203645898] - [0.06579699603945516, 0.18945847765872273, -0.14536210572392358, -0.11005113511572162] - [-0.09626910451159164, 0.4218092454457852, -0.05343132832249373, -0.2720078109887142] - [-0.0014326751741754787, -0.01832617008646364, -0.003953453969970183, 0.023248247329574527]
A2: [0.16172308602344598, -0.1676209312330443, 0.008634978902593102, -0.002200067675645634] - [0.03549580154773263, 0.207526642890077, -0.1172003860260616, -0.12578216737217] - [-0.08609404893463833, 0.5816552064126438, -0.23527243094851324, -0.2598189915615567] - [-0.0037906551964458778, -0.004475688267772159, 0.0011541296915604166, 0.0072858156475141544]
B1: 1.0385430156229819e-05 - -4.659197465250671e-05 - -9.119037779674143e-07 - -2.950524162931969e-05
B2: 2.7749155327453517e-05 - 6.2831432711102e-05 - 4.698157054723894e-05 - 9.824243203695947e-05
