Number: 3645
Error: 2.36409725540619e-13
A1: [0.0662100809935034, -0.11395511109890212, -0.02398704853265978, 0.07171977266487253] - [0.03740380215817741, 0.1881945064266862, -0.14740777688854154, -0.07818584018385952] - [-0.06023152841811588, 0.32894872836616834, -0.12775522048029733, -0.14097042165794055] - [0.0390460930612092, -0.053322748788749444, -0.0374186543224526, 0.05169505701037484]
A2: [-0.009110094295897028, -0.34680479638588163, 0.24945355952374482, 0.10645508779436084] - [0.08004034397061888, 0.036282815228673285, -0.05024954589137598, -0.06607138831163463] - [-0.04245255466057359, 0.23083218332829114, -0.04053096178141304, -0.1478475461161308] - [0.06813409278539002, -0.29346860753460735, 0.1417704969775512, 0.08356109131280405]
B1: -3.90601964000614e-07 - -2.5192385521017683e-07 - -7.146747167181129e-07 - -5.974617891781269e-07
B2: -8.34134692168246e-07 - 8.588487185326674e-07 - -7.064403918096313e-07 - -1.511642211399994e-06
