Number: 2711
Error: 7.59264490849028e-09
A1: [0.06335467290905165, -0.04795247216385409, -0.02352345145076686, 0.007775820082294205] - [0.0437139445231638, 0.1913209967356712, -0.1425107720857019, -0.09245485820449953] - [-0.12291092427498841, 0.41539496122518604, -0.10431901317984432, -0.18653416060981134] - [0.03687823349481149, 0.01904230949969532, -0.03325631566755722, -0.023175119243771178]
A2: [0.0635345722310993, -0.17359213118971695, 0.08642069309522203, 0.024052201230815706] - [0.029026164298543086, 0.20003872833663358, -0.1019729105736283, -0.12813121877656514] - [-0.09362014857613427, 0.513476113994322, -0.22581743242418356, -0.1953014636807231] - [-0.02608549075533425, 0.018364049840839954, -0.05044833879425682, 0.056823229205981346]
B1: 5.268314941114611e-05 - -6.625660577551819e-05 - -8.222868735671899e-05 - -7.14369376023377e-05
B2: -8.545058044227239e-05 - -7.791343572450799e-05 - -0.00017074013809942223 - 4.173862013518127e-05
