Number: 1933
Error: 1.2411868691299644e-05
A1: [-0.0026844955187914406, -0.010326205291704698, 0.007685672195863835, 0.024047771384833997] - [0.07788096035680268, 0.20051175829535645, -0.13529972266079332, -0.09762655965931971] - [-0.10548787882640434, 0.4486212168953211, -0.06361670932334894, -0.25053340162204457] - [-0.014990582167223751, 0.023511925960669762, -0.021622314595836526, 0.047679947031445104]
A2: [0.13058235974080123, -0.22577258817767878, 0.021456456292958562, 0.06899994173502964] - [0.03175127068898295, 0.20290825482885022, -0.11576817132384436, -0.12231706031485404] - [-0.09732707988220204, 0.552769688692246, -0.23790189845425305, -0.22826560404720928] - [-0.0232093604411994, -0.021811853242858774, 0.0056148862300158435, 0.029769834259661253]
B1: -0.000413194414579798 - 0.0027377890559289707 - 0.000191463205214241 - 0.00019576614006696301
B2: -0.002451909357741988 - -0.00320026954047932 - -0.001777655174971535 - -0.0018355648356266254
