Number: 1212
Error: 3.508603693161634e-08
A1: [-0.009126822770406044, -0.016947039811887023, 0.0009778268980679288, 0.017459332747272446] - [0.06702155776950744, 0.19007247365424002, -0.14653397635913032, -0.10964538051525013] - [-0.11386256295775421, 0.44053719944518244, -0.07211667426686019, -0.25948632562460466] - [-0.02409441879839197, 0.014636057427325206, -0.030668596906000378, 0.03814103470626777]
A2: [0.13213118960994405, -0.22409136514440295, 0.023202463085670793, 0.07069397034137133] - [0.03302729565084999, 0.20412454394104973, -0.11450905206335184, -0.12108549935613923] - [-0.09576587600271488, 0.5544113754451512, -0.2363302578819413, -0.22676170089850722] - [-0.020998279732726402, -0.01944840528920944, 0.007949054395652766, 0.03202041514265203]
B1: 0.00043815656674718183 - 7.455038732373878e-05 - 0.0003362091352986287 - 0.0006500242825542035
B2: -0.0002588281658453985 - 0.000639027220310402 - 0.00027986765739478346 - 0.0005455139537849195
