Number: 345
Error: 4.4276942502622973e-10
A1: [-0.01213910736641177, -0.01450249444504056, 0.018103080800140052, 0.00859838422300792] - [0.06584139408854725, 0.18950118487653553, -0.14531620465317183, -0.11000170420235088] - [-0.0963176171286912, 0.4217623764310772, -0.05348395970716872, -0.272064336099057] - [-0.0014163912214138741, -0.018310500321407918, -0.003936112040729525, 0.023267055404924804]
A2: [0.16158934642917044, -0.16775220588144293, 0.008503903143407729, -0.002330516526074038] - [0.03547933894758333, 0.20751043606787448, -0.11721678739100273, -0.12579827810398636] - [-0.08619695231949862, 0.5815543723722535, -0.23537258265340896, -0.2599193947556441] - [-0.0038239711278294664, -0.0045084654459527675, 0.0011211629003011106, 0.0072539307147256975]
B1: 1.1513606711300919e-05 - -7.954509894049374e-05 - 1.6070896090295004e-05 - 1.889596213602883e-05
B2: 9.975671505233651e-05 - -1.6041156980632216e-05 - -5.080525660069992e-05 - -5.848958710277716e-05
