Number: 319
Error: 3.912698280296503e-09
A1: [-0.012093775798545937, -0.014455952090790465, 0.018153215015061425, 0.008646846633494213] - [0.06580024220627441, 0.18946159187806264, -0.14535875967917797, -0.11004753143194128] - [-0.09669887083940085, 0.4213939310064688, -0.05389764771087697, -0.27250852330563696] - [-0.0017258074861358779, -0.01860804731781044, -0.0042654633993398396, 0.02290940773245793]
A2: [0.16152499756040636, -0.16781535483030766, 0.008440840870234721, -0.0023932594288561546] - [0.03545019251744817, 0.20748176181275685, -0.11724581437104288, -0.12582678780447695] - [-0.08637679257370215, 0.5813782145097905, -0.23554757550415054, -0.26009476240583423] - [-0.003885069242241604, -0.004568526525359077, 0.0010607173629902844, 0.007195506469551481]
B1: -0.00011751993288396196 - -0.00032110280958279157 - -0.0001238866203518259 - -7.314785108608149e-05
B2: 0.00017094513472429675 - -0.0005337917738909806 - -0.00010320543432085848 - -6.693713266572803e-05
