Number: 5934
Error: 1.1292268687099698e-09
A1: [0.08050105101205635, -0.18039845779276492, -0.019519571983354696, 0.11969433076531504] - [0.0375605529466047, 0.13374124241064184, -0.13458148668407066, -0.03614092249084417] - [-0.0016025315793887595, 0.2282904011982739, -0.12272822945147978, -0.10355864279072714] - [0.03886891254736602, -0.11447534751953357, -0.04641076110401229, 0.1220399039697894]
A2: [0.035458751196290834, -0.029121757708009503, -0.07555349137777369, 0.06982176940693555] - [0.10301821646063102, 0.2830222118536012, -0.39248602613550965, 0.006946316176569333] - [-0.011286277878684987, 0.5389148140778613, -0.35954489867418493, -0.16848097670863615] - [0.09786566879272261, 0.017466191876118038, -0.16884828540123892, 0.05352788871179537]
B1: 6.0563570820136766e-05 - -3.778722538036245e-05 - -6.671374577992346e-05 - -1.0385472787001253e-05
B2: 2.0154879640653724e-05 - -8.510027558512903e-05 - -3.089977148301449e-05 - 3.184761810283001e-05
