Number: 9725
Error: 3.273827997678529e-15
A1: [0.05317260839149592, -0.14800121270323238, -0.026998989133815394, 0.12182788026132654] - [0.005313648844292463, 0.13083662322136824, -0.11360081473454936, -0.02254983444898686] - [-0.014444397797778442, 0.22309169963709838, -0.12704110088046802, -0.08160585419208576] - [0.02714655366104724, -0.10001994447306772, -0.049424414636981384, 0.12229821420681126]
A2: [0.08925455156427752, -0.07291328025483693, -0.12362733257075241, 0.10728647444682562] - [0.10884190137975812, 0.2498143537224263, -0.4048451203708042, 0.04618965557265251] - [0.03663607766751021, 0.4625552643973868, -0.37771730787457786, -0.12147312026202266] - [0.14342663647678705, -0.04460642080266896, -0.20149933699659392, 0.10268006878640883]
B1: -3.223719463741354e-08 - -5.2218227104281576e-08 - -2.3475460236532393e-08 - -6.559642242989236e-08
B2: -2.6771634150741225e-08 - 3.369638102933197e-08 - -1.4864008187699992e-08 - -5.0060841109141154e-08
