Number: 112
Error: 0.0004990626100125067
A1: [-0.05657638560752808, -0.06151167996253279, -0.030665760874600805, -0.03763054247388065] - [0.10845839060047183, 0.23282423999097165, -0.10250516948574455, -0.0646313573457806] - [-0.13815452532825695, 0.38208079883241286, -0.09853701799830941, -0.31992971456721747] - [-0.03781663583107217, -0.05234125247560814, -0.04177556032283254, -0.017603508509418345]
A2: [0.2368886152588395, -0.09419416099405681, 0.08230666880538402, 0.07071484221859765] - [0.045100994189181336, 0.2140042260494348, -0.11003262324405395, -0.11868212602577685] - [-0.01725902004692391, 0.6499530341678083, -0.16845519154915492, -0.1931997464318954] - [0.10211530787857195, 0.10198145315833163, 0.10615683041283218, 0.10862039563569677]
B1: -0.0006391060736700509 - 0.2545519415207689 - 0.001642195131465369 - -0.008389957612708375
B2: -0.006529790408783463 - 0.23409252254438961 - -0.004740630756825122 - -0.004841450270554699
