Number: 5697
Error: 0.05394188029938324
A1: [-0.42544454716234403, -0.5900741072214428, -0.5080958459862961, -0.40207993618465887] - [-0.34143652846186134, -0.16443083264681774, -0.5092940039819728, -0.43115919818253984] - [-0.6259448145059257, -0.26259741883974613, -0.7022806430205556, -0.7265999143692634] - [-0.6160717641495679, -0.660193772471494, -0.6645355876320361, -0.5497666833637157]
A2: [0.22188850335513982, -0.09773996641397253, 0.41624046610743176, 0.36202340678375144] - [0.25571782432261997, 0.233586154134434, 0.1038542362815984, 0.13367408820285875] - [0.15001835339582686, 0.447417506175294, 0.11265134051546535, 0.06486109314991029] - [0.32220228657753214, -0.00918060517122865, 0.37542747150414607, 0.35241307766298124]
B1: -0.3089212611555313 - -0.3884650703302704 - -0.32466801451657484 - -0.33666122700080414
B2: 0.20586820207572123 - 0.2380272631442707 - 0.21783040513412022 - 0.1550213142765045
