Number: 5561
Error: 9.550048556565355e-10
A1: [0.06623242063925389, -0.11393326022304437, -0.023964718356485566, 0.07174208117392064] - [0.03738141772615679, 0.18817312711808623, -0.1474297768666122, -0.078207843409907] - [-0.06022855105545504, 0.32895160316202704, -0.1277522956286274, -0.14096751428313953] - [0.039074042253417346, -0.053296210651058294, -0.0373916055220692, 0.051721885178992094]
A2: [-0.009154282922103543, -0.34685166895891, 0.249409015477301, 0.10640876976988345] - [0.08000936426662292, 0.0362494436719873, -0.05028340582600821, -0.06610553265401468] - [-0.04258331205033548, 0.23068787769781826, -0.040671088789419836, -0.14799215271732682] - [0.0680095214705452, -0.2936057602872448, 0.14163544812596535, 0.08342143065474747]
B1: -1.5212516939924571e-05 - 1.3381793597568973e-05 - 3.357698593711787e-05 - 2.7908806352349246e-05
B2: -1.1562754969085616e-05 - 7.87947654705585e-06 - -1.6709244606204255e-05 - -1.732504155571784e-05
