Number: 6815
Error: 9.58678647792382e-16
A1: [0.08043168583509053, -0.18046780960017153, -0.019588855824209217, 0.11962497288854183] - [0.03741558408452229, 0.13359639026263545, -0.134726182115686, -0.036285821008905594] - [-0.001702840292790825, 0.22819009522722344, -0.12282840389404942, -0.10365893149878584] - [0.03886322547681638, -0.11448102747959972, -0.046416450342379775, 0.12203421900619255]
A2: [0.03530747884811672, -0.02927343991115893, -0.07569731592553387, 0.06966344519919321] - [0.10289373706747414, 0.2828966875464581, -0.39260640940824276, 0.006815981759305863] - [-0.011187068720290088, 0.539014622144341, -0.3594509858945365, -0.16837643161415555] - [0.09786283609219121, 0.01746335334670892, -0.16885097559333584, 0.05352491688987739]
B1: -2.0549899062225945e-08 - -1.6154771443570053e-08 - -1.921259686771147e-08 - -1.8712351579396117e-08
B2: -1.3154167855523846e-08 - -1.8722234750614742e-08 - -1.9014864823706052e-08 - -1.7498881767154258e-08
