Number: 7602
Error: 7.680558022723113e-16
A1: [0.08043171944983801, -0.18046777598923994, -0.019588822249662383, 0.11962500649944471] - [0.03741562813464787, 0.13359643427941764, -0.13472613815332848, -0.0362857769831835] - [-0.0017027835243029492, 0.22819015199449735, -0.12282834720868263, -0.10365887474544751] - [0.0388632678807939, -0.11448098519463386, -0.046416407965432074, 0.12203426138380784]
A2: [0.03530742771826346, -0.0292734911824188, -0.07569736453915443, 0.06966339168625926] - [0.10289371927263778, 0.2828966696006097, -0.39260642661917844, 0.00681596312554007] - [-0.011187119323409657, 0.5390145712393904, -0.3594510337914988, -0.16837648493641963] - [0.09786278712633234, 0.017463304158126945, -0.16885102220567574, 0.0535248654916806]
B1: 5.592690400339369e-09 - 9.273856769490444e-09 - 1.7014376199585718e-08 - 1.295678318352386e-08
B2: 1.0507047666679527e-08 - 1.2945365860405045e-08 - 1.5254571139243642e-08 - 1.0713571879389945e-08
