Number: 2391
Error: 1.1138009800188605e-05
A1: [0.07055100382843327, -0.041843862654182676, -0.017589721649271726, 0.014499175517772335] - [0.04265375889091809, 0.1900559328511896, -0.14401509240815222, -0.09354589302951254] - [-0.11380241845819815, 0.4251599343050559, -0.09466651887502371, -0.17735101434889614] - [0.050465275446786396, 0.033313681804588414, -0.01899999254213565, -0.009469819453233117]
A2: [0.0747824698742967, -0.16245013724012614, 0.0980502373491498, 0.035313013489823755] - [0.03417638776931195, 0.20514924534479442, -0.09688141783824991, -0.12315500963188213] - [-0.10815560216984646, 0.500020232689084, -0.23963283087973145, -0.20874479698692341] - [-0.018724442942608315, 0.025623081865457323, -0.042487376332083576, 0.06410650012063952]
B1: -0.005874849963216955 - 0.006398281200812943 - 0.006983838221899227 - -0.0032223816987356755
B2: -0.0028622916768986815 - -0.0016846557902215084 - -5.2232749898390926e-05 - 0.001165832204008824
