Number: 6308
Error: 5.738231575674513e-16
A1: [0.08043164882182749, -0.18046784660923978, -0.019588892793212704, 0.11962493587950922] - [0.03741555291565265, 0.13359635911735887, -0.13472621322244857, -0.03628585216050553] - [-0.0017028404106980023, 0.2281900951093229, -0.12282840401178576, -0.1036589316166599] - [0.038863204332438214, -0.11448104856463805, -0.04641647147328421, 0.12203419787495927]
A2: [0.035307417961129545, -0.029273500966553574, -0.07569737381608663, 0.06966338147434109] - [0.10289380459940825, 0.2828967556515475, -0.39260634409225154, 0.006816052475130631] - [-0.011187099449176783, 0.5390145912321742, -0.35945101498009974, -0.16837646399425688] - [0.09786284336531766, 0.0174633606529209, -0.16885096866980578, 0.053524924524312255]
B1: 1.6504096745603347e-08 - 1.5630106639201402e-08 - 3.789450946108429e-08 - 1.2311137211638344e-08
B2: 1.551667962096962e-08 - 1.759371933341764e-08 - 2.952570603895977e-08 - 2.2359661219743234e-08
