Number: 470
Error: 3.826370101030814e-12
A1: [-0.01214671016268936, -0.01451030522640671, 0.018094670957475703, 0.008590239685192581] - [0.06583505611116282, 0.18949508840740223, -0.1453227556519443, -0.11000876040265516] - [-0.09628615973971537, 0.4217927725442772, -0.05344983031718025, -0.27202767863978755] - [-0.0013158489144927384, -0.01821380978316939, -0.0038290949573958287, 0.02338327568818293]
A2: [0.16159058916076, -0.1677509778161014, 0.008505124306745413, -0.0023292983066322505] - [0.03548729643002542, 0.20751826941210186, -0.11720885789885586, -0.12579049083939253] - [-0.086212232850399, 0.5815394067332753, -0.23538745015862406, -0.2599342889265026] - [-0.0038332662427926416, -0.004517617020709688, 0.0011119405325117353, 0.007245020235462781]
B1: 1.2291243236473346e-06 - -8.551735153141525e-07 - 1.0213648746251077e-06 - 4.0832588055747234e-07
B2: -6.56312729618246e-07 - -2.1765979789829293e-06 - -6.794762581591292e-07 - -1.4214448085942304e-06
