Number: 3737
Error: 1.146500932896366e-15
A1: [0.06621318880912458, -0.11395207274130273, -0.023983943158360336, 0.07172287526502391] - [0.03740258216428573, 0.18819334080728894, -0.14740897623593063, -0.07818703963717205] - [-0.06022932454533632, 0.328950845055951, -0.12775306390803345, -0.14096827667997866] - [0.039046077249440404, -0.05332276379212289, -0.03741866961692514, 0.05169504183711873]
A2: [-0.00910844589014002, -0.34680304766909725, 0.24945522127381292, 0.10645681607900173] - [0.08003981548393657, 0.036282245895512384, -0.05025012349848052, -0.06607197082907411] - [-0.04245283205485592, 0.2308318771852914, -0.040531259044367454, -0.1478478529045278] - [0.06813491918858683, -0.2934676976166448, 0.14177139288525883, 0.08356201787955124]
B1: -8.26516136921321e-09 - 1.5099665734628636e-08 - -9.246640177600347e-09 - 3.906596089894223e-08
B2: -2.9295746492506832e-08 - 3.131389317921164e-08 - 6.470496302406447e-09 - 1.302357495315742e-08
