Number: 598
Error: 1.6182281216633097e-14
A1: [-0.012153621403192292, -0.014517403835254695, 0.01808703186890852, 0.008582854162991047] - [0.06583523130200956, 0.1894952569356101, -0.1453225745189541, -0.11000856534050378] - [-0.09629378339848842, 0.4217854043249039, -0.0534581029976194, -0.27203656066707277] - [-0.0013219728228229797, -0.01821969935075016, -0.00383561376796248, 0.023376197370650612]
A2: [0.16158662725182876, -0.1677548650591733, 0.008501242224535188, -0.0023331606961514905] - [0.03548576985034026, 0.20751676735344066, -0.11721037808602319, -0.1257919842339024] - [-0.0862136621237473, 0.5815380067454029, -0.23538884090475598, -0.2599356826951511] - [-0.003834813672815895, -0.004519138731958526, 0.0011104089370808203, 0.007243539746402262]
B1: 6.724858108875476e-08 - 5.770726067821056e-08 - 5.929888152518703e-08 - 4.4019111717864576e-08
B2: 6.704793308727078e-08 - 1.212931517698722e-07 - 2.807749025654445e-07 - -2.0613342078121555e-08
