Number: 9283
Error: 9.37407124936448e-10
A1: [0.05297910421485348, -0.14819478371701458, -0.027192239948671388, 0.12163429064571304] - [0.0052320788042199634, 0.13075500016195496, -0.11368232753628733, -0.022631464274064143] - [-0.01463869965601035, 0.22289733736800355, -0.12723521441241842, -0.08180022655551994] - [0.026894127901999663, -0.10027235278299755, -0.04967729988485988, 0.12204520629007626]
A2: [0.08948946579046951, -0.0726787866694142, -0.12339774321582592, 0.10752432453104781] - [0.10899736843312836, 0.2499699252863914, -0.4046927732490693, 0.046347777905696] - [0.03662063939682663, 0.4625399796502013, -0.3777323852933623, -0.12148869556745126] - [0.1434112693485974, -0.04462170544976637, -0.20151433723573692, 0.10266445510098003]
B1: 3.0386804142207236e-05 - 1.2737780099988806e-05 - -2.2234830358534384e-05 - -1.3875107096833336e-05
B2: 3.626247054886337e-05 - -8.639035754461369e-05 - 7.374165345059917e-05 - -1.4540604035919017e-05
