Number: 3068
Error: 2.670180789391451e-07
A1: [0.06369904549097485, -0.04760846321433471, -0.023182634114903507, 0.008110274085865095] - [0.04309292117674539, 0.19072282751895156, -0.14314472464755576, -0.09313164314166344] - [-0.12360695533841458, 0.4147115633411654, -0.10501148927041835, -0.1872157338523969] - [0.036748419142609505, 0.018912371989629875, -0.03339520793264368, -0.023322016822675]
A2: [0.06528987553641165, -0.17184169043490274, 0.08816470912452695, 0.025781988658534403] - [0.02927581006877763, 0.20028728830237053, -0.1017260222607988, -0.12788797857161455] - [-0.09150171318490186, 0.5155537975448448, -0.2236941392454214, -0.19324617269283378] - [-0.02305986717738525, 0.0213642671898773, -0.04743023214550378, 0.05977335455481913]
B1: 0.0012252718817899538 - -0.00045403008069853 - 0.0006923086013664584 - 0.0005991901891204559
B2: 0.00016347995734333895 - 0.0005058137595601952 - 0.00029064805071030793 - 0.0005821672775782335
