Number: 1814
Error: 2.3413264254665492e-07
A1: [-0.009334884337426137, -0.017152358284970356, 0.0008074180720679938, 0.017225379400707043] - [0.06710519261128024, 0.19015796228875728, -0.14644977942730278, -0.10955159069974381] - [-0.11413884848777987, 0.44028508565947244, -0.07245065720207232, -0.2597764711989148] - [-0.02383848151366328, 0.014917758948564416, -0.030482787737873253, 0.03842322216533807]
A2: [0.13344602921374385, -0.2228239843824441, 0.024507962263534695, 0.07198389622055706] - [0.03180291758859154, 0.2029297501593004, -0.11572608443901002, -0.12227544316256757] - [-0.09314365237922927, 0.5570367306668724, -0.2336604929838862, -0.2240549913763217] - [-0.020964126253731584, -0.019452393601609167, 0.007974312083947362, 0.03203102981640927]
B1: 0.000245619768908074 - -0.0008311306311870913 - 0.0010526556521209178 - -0.00042129509883002644
B2: 4.719834562580692e-05 - 0.0006378462219225915 - 0.00040215203809936716 - 0.0001288234152751804
