Number: 8021
Error: 1.1093702285962138e-15
A1: [0.0804317613186385, -0.18046773412518097, -0.019588780430916414, 0.11962504836346921] - [0.03741553424093991, 0.13359634045677898, -0.134726231859899, -0.03628587082485631] - [-0.0017027893571829452, 0.22819014616174277, -0.12282835303301336, -0.10365888057676496] - [0.038863301902272954, -0.11448095126862906, -0.04641637396561682, 0.12203429538415086]
A2: [0.03530742905051669, -0.02927348984647693, -0.07569736327245413, 0.0696633930805962] - [0.10289370019002746, 0.2828966503560495, -0.39260644507563824, 0.006815943143275337] - [-0.011187120073738035, 0.5390145704845616, -0.3594510345017131, -0.1683764857270598] - [0.0978627749040157, 0.017463291880201643, -0.16885103384054911, 0.05352485266224432]
B1: 2.98751178999774e-09 - 1.63297718160132e-08 - 4.996558271427589e-10 - 6.834793922309692e-09
B2: 3.962791336692248e-08 - -5.345111828276236e-08 - 6.093117382071014e-09 - 2.987968580010487e-08
