Number: 9939
Error: 1.0315487004240863e-15
A1: [0.05317247574497958, -0.1480013453983835, -0.02699912163394804, 0.12182774755095115] - [0.0053137056151769235, 0.1308366800519475, -0.11360075797186997, -0.022549777597933113] - [-0.014444586663169794, 0.22309151070267008, -0.12704128959623562, -0.08160604312479576] - [0.02714661266506057, -0.10001988546931448, -0.04942435550858718, 0.12229827336066085]
A2: [0.08925451038377348, -0.07291332133987387, -0.12362737282336411, 0.10728643275832725] - [0.10884177257630397, 0.24981422489632904, -0.4048452466230353, 0.046189524602010944] - [0.03663589026547704, 0.46255507797036793, -0.3777174907132589, -0.12147330960780613] - [0.14342633832620988, -0.044606717842601236, -0.20149962811476096, 0.10267976621234706]
B1: -5.096215362955981e-09 - 9.822981314607411e-09 - 5.70254172217684e-09 - 3.036785721214079e-08
B2: -5.270727808307463e-09 - -5.762011819511526e-09 - 1.6871691862512886e-08 - 6.968503935987157e-08
