Number: 1252
Error: 2.3352583339279547e-08
A1: [-0.008009210686897847, -0.015822884425167497, 0.0021447703287983694, 0.018610398852270543] - [0.06707001608677471, 0.19011864307288182, -0.14648396203051686, -0.10959162959719324] - [-0.11387313626329464, 0.4405233664379189, -0.07212842459999894, -0.2594951743775855] - [-0.025074798543954623, 0.013668417524840245, -0.031673017651832384, 0.037109891641559596]
A2: [0.13227997493077068, -0.22394531319269836, 0.023349180036777606, 0.07083885537018006] - [0.0325466279231212, 0.20365109667412906, -0.1149874161978092, -0.12155467545729165] - [-0.09403269090187079, 0.5561241717177633, -0.2346230601141529, -0.22505466963051818] - [-0.02082543790226474, -0.019274809518998917, 0.008120696231964548, 0.032183939640987556]
B1: 5.350905599527893e-05 - -0.0005810312013408368 - 0.00027378081212495994 - 0.00018816185257763087
B2: -2.229534453906266e-05 - -0.0001697121032461322 - -7.547391319158855e-05 - -6.603974417442396e-05
