Number: 9480
Error: 1.9897802453638056e-13
A1: [0.053172443624036274, -0.14800137755893514, -0.026999153738394222, 0.12182771541272704] - [0.005315127471218376, 0.13083810337890375, -0.11359933634853962, -0.022548353738359755] - [-0.01444221195086751, 0.22309388627508467, -0.12703891677375695, -0.08160366757198172] - [0.027148504619079823, -0.10001799345899856, -0.04942245950300346, 0.12230017018900019]
A2: [0.08925871818687081, -0.07290912324506164, -0.12362325977925935, 0.10729069252175309] - [0.10884235901751817, 0.24981481145161183, -0.40484467179661376, 0.04619012092080368] - [0.03663660437117648, 0.4625557883776851, -0.3777167939836959, -0.1214725880812251] - [0.14342666611882196, -0.04460639126416104, -0.20149930804012547, 0.10268009887740569]
B1: 3.048506923395591e-07 - 2.2020784662920025e-07 - 3.4313441457643615e-07 - 5.655811121908328e-07
B2: -5.684185660756507e-08 - 9.16405143784575e-08 - 4.664572864948703e-07 - -3.3424702705354856e-07
