Number: 6789
Error: 9.300651519643272e-16
A1: [0.08043163954255535, -0.18046785588746403, -0.019588902061392032, 0.1196249266012938] - [0.03741554670990894, 0.13359635291630917, -0.13472621941582938, -0.03628585836281565] - [-0.001702861672859662, 0.22819007384761053, -0.12282842524281437, -0.10365895287314876] - [0.03886318797398913, -0.11448106487717993, -0.046416487821309624, 0.12203418152667384]
A2: [0.03530739143261711, -0.02927352756843798, -0.07569739903906589, 0.06966335370938165] - [0.10289368473866828, 0.28289663477353233, -0.39260646001997723, 0.006815926963396454] - [-0.011187128064390794, 0.5390145624462781, -0.35945104206501133, -0.16837649414711467] - [0.09786276281928677, 0.017463279740510953, -0.16885104534439074, 0.05352483997717318]
B1: 1.5507529132061358e-08 - 2.696672397220671e-09 - 1.800341084337868e-08 - 1.607147517373837e-08
B2: 1.1137618016282514e-08 - 1.078371201460127e-08 - 9.364684935105838e-09 - 1.1811849222343953e-08
