Number: 2632
Error: 3.749207436495327e-08
A1: [0.06237889394909585, -0.04892183896583333, -0.024487986595845324, 0.006811023244051812] - [0.04356236913258921, 0.19117387452426543, -0.1426669239588937, -0.09262124498111794] - [-0.12464888052382575, 0.41366755944439954, -0.10605943935601397, -0.18826655948548313] - [0.035715372339447604, 0.01788113241976682, -0.0344154683206234, -0.0243271675267822]
A2: [0.06365287320077616, -0.1734782327128987, 0.08654009767430443, 0.0241689281269215] - [0.029620453787689405, 0.20062440026023007, -0.10138111023544266, -0.1275498066771635] - [-0.09320287336994798, 0.5138857316666434, -0.22540061301573983, -0.19489739024773856] - [-0.02535197030076558, 0.019096100700188672, -0.04971681771470111, 0.0575366167781839]
B1: 0.0005106669397366884 - 0.0002270946023441104 - 0.0002630122140681509 - 3.7543806686784906e-05
B2: 0.00010668198733162717 - 0.0004690118793237325 - 0.00010955972563280307 - 0.00011972934651108765
