Number: 3950
Error: 9.926460459087695e-16
A1: [0.06621322094648585, -0.11395204132210238, -0.023983911046209956, 0.07172290734846505] - [0.03740258516226758, 0.18819334367166396, -0.14740897328867084, -0.0781870366896643] - [-0.06022926945354996, 0.3289508979685348, -0.12775300999845435, -0.14096822306035728] - [0.0390462504470437, -0.05332259939951493, -0.037418502054057355, 0.05169520803937909]
A2: [-0.009108570168355352, -0.34680317950896655, 0.24945509599002774, 0.1064566857799949] - [0.0800398137049164, 0.03628224397899407, -0.05025012544283816, -0.06607197278996572] - [-0.042452786540808335, 0.23083192741742403, -0.040531210269706755, -0.14784780256769006] - [0.06813476018755527, -0.2934678726839192, 0.1417712205126064, 0.08356183960976674]
B1: 1.5016093263402236e-08 - -1.1503019319771795e-08 - 1.1115035771759541e-08 - -1.0484207612577992e-08
B2: 1.2955730708161568e-08 - -3.203918742529388e-08 - -2.9309146845457312e-08 - 5.001909582363925e-08
