Number: 821
Error: 6.437926969059559e-12
A1: [-0.012151243681504808, -0.014514961671651314, 0.01808965994351274, 0.008585395023247172] - [0.06583819115688523, 0.18949810419652421, -0.1453195142879717, -0.11000526984119298] - [-0.09629357599800491, 0.4217856047824717, -0.053457877973733074, -0.2720363190486393] - [-0.0013078952903771612, -0.018206160721734335, -0.0038206287209862654, 0.02339246864164428]
A2: [0.16158215014902036, -0.16775925784338633, 0.008496855355924652, -0.0023375252051578595] - [0.03548624751039914, 0.20751723733907676, -0.11720990242869808, -0.1257915169575263] - [-0.08621740937471441, 0.5815343363174276, -0.23539248715289357, -0.25993933674894143] - [-0.003835647096333299, -0.004519958287025839, 0.001109584032731782, 0.007242742402978257]
B1: 5.181616676099475e-07 - 3.792542656950296e-06 - 8.377245893351783e-07 - 3.12028786896951e-07
B2: -5.510197314118194e-07 - -2.4885693606832363e-06 - -2.784309876501273e-06 - 2.1862271573557315e-06
