Number: 7532
Error: 7.06622921603141e-16
A1: [0.08043172177798062, -0.18046777366136108, -0.019588819924302777, 0.11962500882732185] - [0.03741561313995675, 0.133596419296075, -0.13472615311814298, -0.03628579196956872] - [-0.0017027710076271524, 0.22819016451090637, -0.12282833471033142, -0.10365886223211115] - [0.0388632579259802, -0.11448099512151108, -0.046416417913902594, 0.12203425143518111]
A2: [0.03530746907103506, -0.02927344971527258, -0.07569732522143807, 0.06966343496639005] - [0.10289379558845868, 0.28289674656412295, -0.39260635280748685, 0.0068160430393151995] - [-0.011187048150683113, 0.539014642836626, -0.35945096642491503, -0.16837640993928774] - [0.09786285656019522, 0.017463373907815837, -0.1688509561090878, 0.05352493837458229]
B1: 8.493039470044759e-09 - 1.6313610171203726e-08 - 1.8204011097214033e-08 - 1.386568589209224e-08
B2: 1.5858632316046368e-08 - 7.985232046979186e-09 - 2.584255171336342e-08 - 7.085521298793956e-09
