Number: 2706
Error: 2.5468972084071295e-09
A1: [0.06323136183873089, -0.0480753914820344, -0.023645697649200978, 0.007653383836796819] - [0.04377575028685875, 0.19138067544644327, -0.14244712291910894, -0.09238688059920905] - [-0.1233801899564225, 0.41492722348373307, -0.1047901874891335, -0.1870035975974377] - [0.03679261581440109, 0.01895669663612271, -0.033341717738938854, -0.023260125701304694]
A2: [0.06309738481397417, -0.17402724226106678, 0.08598468462475424, 0.023620514837732826] - [0.029193588982677834, 0.2002036585890025, -0.10180612423013485, -0.12796736476919046] - [-0.09341876913199408, 0.5136738085602914, -0.22561567483951775, -0.19510633033159566] - [-0.025851659196974835, 0.018596655196644236, -0.05021440419881777, 0.05705099177328739]
B1: -0.000150562106942006 - 7.531944946757084e-05 - 5.699898530170585e-05 - 6.15433156364053e-05
B2: 1.2611682332905535e-05 - -6.996748938405108e-05 - -2.0222407880631787e-05 - 3.905315226008002e-05
