Number: 8176
Error: 1.1502852275143495e-15
A1: [0.08043170903699931, -0.1804677864009222, -0.019588832650092695, 0.11962499608777014] - [0.03741559465665543, 0.13359640082681024, -0.1347261715644809, -0.03628581044255445] - [-0.0017028114910604439, 0.22819012402833058, -0.12282837513449661, -0.10365890270474382] - [0.038863254133335516, -0.11448099890351608, -0.04641642170413687, 0.12203424764489092]
A2: [0.03530747562445855, -0.029273443143697894, -0.07569731899045797, 0.06966344182519625] - [0.10289373055864005, 0.282896680982394, -0.39260641570349286, 0.006815974943617764] - [-0.011187066024288586, 0.5390146248563724, -0.35945098334264314, -0.16837642877336928] - [0.09786291430501326, 0.01746343191526048, -0.16885090113960627, 0.0535249989876659]
B1: 1.5841475964545248e-08 - 1.7077287926226273e-08 - 9.185459895988267e-11 - -2.4212793058642056e-08
B2: 2.979278610726418e-09 - -1.1725803701039327e-08 - -2.209914153399642e-09 - 1.1518139886517413e-09
