Number: 2683
Error: 1.8901946393611552e-09
A1: [0.06362387066279149, -0.047684390547588114, -0.023256541755912193, 0.00804313505207197] - [0.04377410196479393, 0.19137905813720696, -0.14244881089804443, -0.092388690832115] - [-0.12349352593363731, 0.41481414652505444, -0.10490365760593696, -0.18711659390059757] - [0.037143314743306996, 0.01930858144789753, -0.03299128938094091, -0.022911484231833132]
A2: [0.06365219545777304, -0.17347530516657717, 0.08653734911902354, 0.024169130257049913] - [0.02913526860170424, 0.20014622491185108, -0.10186438383870919, -0.12802439545192656] - [-0.09304344572141522, 0.5140423274129001, -0.22523989908778588, -0.1947422371709346] - [-0.025502073202492863, 0.018944552755731047, -0.04986500303345843, 0.057392152012319946]
B1: -6.656435715885995e-05 - 0.00012244608449673856 - 4.9474733594471215e-05 - 2.8395943262144023e-05
B2: 5.4815222444572185e-05 - -1.1412313665397787e-05 - 4.7260366333494496e-05 - -7.487374365444975e-05
