Number: 1594
Error: 1.8798594832788833e-07
A1: [-0.004925150545366654, -0.012710354794687514, 0.005351221810891023, 0.021775365943759364] - [0.06597934129785196, 0.18906907516234425, -0.14761137962885373, -0.1108045449464339] - [-0.11393730044455135, 0.440460885773176, -0.07219662402345212, -0.2595635906368723] - [-0.022235152146854863, 0.016456701774122312, -0.028776696778339852, 0.040107069638239484]
A2: [0.13125426847432747, -0.224957271889124, 0.022340287786281474, 0.0698337366912339] - [0.03264449524216231, 0.20374741578032013, -0.1148894105035406, -0.12145886426649306] - [-0.09533788904408948, 0.5548373172765536, -0.2359036754981749, -0.22633828082833884] - [-0.021742536503640223, -0.020183348872199053, 0.007206587207616042, 0.03129860699910211]
B1: -0.0003564195847713665 - -0.0007490011430903941 - 0.00017076357634924957 - -0.0005071312099144
B2: -0.0007088716169958084 - -0.0008553805669229313 - 0.001117967065335702 - -0.00023930871448050366
