Number: 4394
Error: 1.2152369420874409e-15
A1: [0.06621312182171125, -0.11395213823178815, -0.02398401009320922, 0.07172280839004364] - [0.03740266190149646, 0.18819341699078831, -0.14740889784811698, -0.07818696124245789] - [-0.0602293916583538, 0.3289507805975502, -0.12775312958089344, -0.1409683419995499] - [0.0390460193311731, -0.05332281876592388, -0.03741872565089372, 0.0516949862581047]
A2: [-0.009108695313821183, -0.3468033122686715, 0.24945496983196347, 0.10645655457184089] - [0.08003988101539151, 0.03628231649166818, -0.050250051876319195, -0.06607189859873873] - [-0.042452778086162116, 0.23083193674846839, -0.0405312012093662, -0.1478477932171312] - [0.06813473147124377, -0.2934679043017627, 0.14177118938137756, 0.0835618074135453]
B1: 3.220765402768899e-08 - 4.928896116494882e-09 - 5.495787449623309e-09 - -3.241023082083095e-08
B2: -5.324348918301554e-08 - 5.701932550735016e-08 - 6.4574249845984505e-09 - 1.9168454918899877e-08
