Number: 7573
Error: 1.092259269216444e-15
A1: [0.08043172059790138, -0.1804677748413068, -0.019588821102971485, 0.11962500764737713] - [0.03741561380991101, 0.13359641996552218, -0.13472615244952324, -0.03628579129998537] - [-0.0017027704767678248, 0.22819016504175405, -0.12282833418025065, -0.10365886170139425] - [0.038863257892709, -0.11448099515468885, -0.04641641794715238, 0.12203425140193072]
A2: [0.03530742856715653, -0.029273490331177758, -0.07569736373203696, 0.06966339257471708] - [0.10289374084701867, 0.2828966913580923, -0.3926064057527106, 0.006815985717056371] - [-0.01118711878376381, 0.5390145717822553, -0.3594510332807121, -0.16837648436777589] - [0.0978627910666493, 0.017463308116366826, -0.16885101845474626, 0.053524869627727574]
B1: 8.826566101297286e-09 - 1.0453600938340431e-08 - 1.6913124408699188e-08 - 1.4054042718348998e-08
B2: 8.939892634162554e-09 - 3.208277188743346e-09 - 1.8767328411748212e-08 - 2.6339277039136553e-09
