Number: 2409
Error: 4.850312969083605e-06
A1: [0.047650100978003256, -0.06423838521678749, -0.03989863879584961, -0.008246061164974191] - [0.040275693512471115, 0.1878171337706551, -0.14632290504601275, -0.0961808105864592] - [-0.11904170886975765, 0.4197576150034748, -0.100352211994372, -0.18257999540332095] - [0.03672672548928334, 0.01925629506444226, -0.033344052711652576, -0.023113887394862736]
A2: [0.06237242348686528, -0.1746463115373049, 0.08581868006783513, 0.023244266050707476] - [0.034077623317504975, 0.20508051972147856, -0.09694727900135043, -0.12321088296144582] - [-0.10968491992160762, 0.4982292517018971, -0.24117246811256465, -0.2102492150929855] - [-0.03387518487936648, 0.010625251210250087, -0.05765670127070719, 0.04935146128541243]
B1: -0.00283209351158498 - 0.00549604593908414 - -9.552159714078549e-05 - -0.002217103760077356
B2: 0.0035185869101682222 - -0.0018856464054949626 - -0.0020196338710221913 - 0.00048035667273615187
