Number: 4279
Error: 9.433095031912938e-16
A1: [0.06621321732563365, -0.1139520448620398, -0.023983914664216635, 0.07172290373368895] - [0.037402597104085264, 0.18819335508126112, -0.14740896154894287, -0.07818702494890087] - [-0.0602293210357281, 0.3289508484267325, -0.12775306047371998, -0.14096827326410977] - [0.039046107161368755, -0.05332273540083601, -0.03741864067813199, 0.051695070540889516]
A2: [-0.009108477650488986, -0.3468030813619767, 0.24945518925645258, 0.10645678277991971] - [0.08003979497959363, 0.03628222380646241, -0.05025014590855435, -0.06607199342944153] - [-0.04245278729961179, 0.2308319265799223, -0.04053121108288888, -0.14784780340692733] - [0.06813485853725386, -0.2934677643966102, 0.1417713271331628, 0.08356194987793102]
B1: 1.1909771103294285e-08 - -1.2807293362450046e-08 - 1.047078641670622e-08 - 2.9633762900201718e-08
B2: 3.7721834447260626e-08 - 9.75229237177883e-09 - 2.6874121303936377e-08 - -2.5422783114416323e-08
