Number: 8655
Error: 5.7222444524953466e-15
A1: [0.08043167144154617, -0.18046782399206338, -0.01958887020055589, 0.11962495849665777] - [0.0374155713789997, 0.13359637756678863, -0.13472619479565862, -0.03628583370726782] - [-0.001702818902644972, 0.22819011661690872, -0.12282838253522842, -0.10365891011433218] - [0.03886320750061279, -0.11448104540528593, -0.04641646830711059, 0.12203420104121669]
A2: [0.03530746259161987, -0.029273456212597644, -0.07569733138191995, 0.06966342818486151] - [0.10289374463783703, 0.2828966951811135, -0.39260640208624137, 0.006815989686555869] - [-0.011187085001676629, 0.5390146057658074, -0.359451001305192, -0.16837644877045216] - [0.09786282806714777, 0.017463345285123468, -0.16885098323258724, 0.05352490846608009]
B1: -3.1193910035503703e-09 - 2.4036877136289874e-08 - 4.442374383891764e-09 - 1.551037821929955e-09
B2: -7.757353914617307e-08 - -5.7652850698685534e-08 - -5.3849690722274917e-08 - -7.252444038845788e-08
