Number: 7501
Error: 1.134143382122579e-15
A1: [0.08043170497474046, -0.18046779046269773, -0.019588836707450916, 0.11962499202600142] - [0.03741561234059528, 0.13359641849731888, -0.13472615391591167, -0.03628579276848704] - [-0.001702802293760984, 0.22819013322544057, -0.12282836595065691, -0.10365889350989449] - [0.03886324807977853, -0.11448100494008046, -0.04641642775382985, 0.12203424159509942]
A2: [0.035307423143421585, -0.02927349576991322, -0.07569736888886062, 0.06966338689819582] - [0.10289372757714567, 0.2828966779755972, -0.39260641858716255, 0.006815971821567088] - [-0.011187083213462724, 0.5390146075647154, -0.35945099961262406, -0.16837644688613454] - [0.09786279600481788, 0.01746331307699674, -0.1688510137539259, 0.05352487481119302]
B1: -2.508337457955479e-09 - 1.496924275905345e-08 - 4.569373746701688e-09 - 1.0006774041936461e-08
B2: 7.1493633008599105e-09 - 1.9985761979546317e-09 - 1.1511386596544238e-08 - 7.290954420975819e-09
