Number: 8717
Error: 1.7769063529855895e-13
A1: [0.08043286006965454, -0.18046663549698422, -0.019587682992713334, 0.11962614698949867] - [0.03741584389260366, 0.13359664987465017, -0.13472592282476448, -0.03628556134444926] - [-0.001701710212504686, 0.2281912252842524, -0.12282727546787763, -0.10365780171983863] - [0.038864564884369665, -0.11447969183001395, -0.046415111787625564, 0.12203555758171133]
A2: [0.03530756536208259, -0.02927335315733683, -0.07569723366853445, 0.06966353574495149] - [0.10289452012803596, 0.282897477248813, -0.39260565204219144, 0.0068168017376085445] - [-0.011186749820257972, 0.5390149429453146, -0.35945068404775427, -0.16837609557872715] - [0.09786287731063122, 0.01746339475223773, -0.16885093635594703, 0.053524960155758916]
B1: 3.3243114315577834e-07 - 1.6134450328579624e-07 - 4.812069234256758e-08 - 2.0693979617128377e-07
B2: 1.339782540781444e-08 - 1.9754146504000968e-08 - -5.176234521329921e-07 - -2.2185179765755718e-07
