Number: 515
Error: 2.4413236864875534e-13
A1: [-0.012150659978109024, -0.014514362148251666, 0.01809030513920038, 0.008586018793372343] - [0.06583533261090581, 0.1894953543899706, -0.145322469774849, -0.11000845254361474] - [-0.09629057907594644, 0.42178850125229816, -0.053454625916563824, -0.27203282746631974] - [-0.001320476667639806, -0.01821826046640787, -0.00383402115504678, 0.023377926679286343]
A2: [0.1615870198751422, -0.16775447982870864, 0.00850162693706646, -0.002332777928553921] - [0.035485548500518695, 0.2075165495617701, -0.11721059850758077, -0.1257922007685376] - [-0.08621397601496843, 0.5815376992866396, -0.23538914633603983, -0.25993598878464924] - [-0.003835085726966219, -0.004519406265704588, 0.0011101396666390374, 0.00724327946275632]
B1: -2.3396155110445242e-07 - 3.2394102677814835e-07 - -4.011304953494692e-07 - -1.2337492956689044e-07
B2: 1.8677110840019726e-06 - 5.904196986073548e-08 - -3.2616413907551313e-07 - -8.90301443294709e-07
