Number: 5533
Error: 1.6303664417592584e-11
A1: [0.06621396243322868, -0.11395131642226253, -0.023983170145829905, 0.07172364758751185] - [0.03741201105659836, 0.18820234952997397, -0.14739970689293663, -0.07817776948105365] - [-0.0602069060724188, 0.3289723764625837, -0.12773112659952496, -0.14094645731196598] - [0.03906272725210109, -0.053306960561807025, -0.0374025613810674, 0.05171101931446808]
A2: [-0.00909424135681312, -0.3467879787536249, 0.2494695400808318, 0.10647170771335074] - [0.08004063813893136, 0.036283132168514684, -0.05024922453414651, -0.06607106428828013] - [-0.042447421741191836, 0.23083784844638688, -0.04052546158649986, -0.14784187001171764] - [0.06814236065110234, -0.2934595041438949, 0.14177945964273303, 0.08357036035018203]
B1: 2.4875027964829467e-06 - -1.4855372277185097e-06 - 7.428820406444542e-07 - 1.084127728555263e-06
B2: -9.438251938562326e-07 - -4.672618054658582e-06 - 5.1719295854315206e-06 - 1.0307857655673377e-05
