Number: 3703
Error: 5.511566047115024e-15
A1: [0.06621303222204948, -0.11395222582910737, -0.023984099622554267, 0.07172271894073405] - [0.03740282859465158, 0.18819357625460648, -0.14740873397606205, -0.07818679735581359] - [-0.06022965436264082, 0.3289505282848488, -0.12775338664774089, -0.14096859768378545] - [0.03904643894945572, -0.05332242048055688, -0.03741831968429492, 0.05169538892838744]
A2: [-0.009108687697248133, -0.3468033041890851, 0.2494549775101765, 0.10645656255704308] - [0.08004023422554246, 0.03628269700048805, -0.050249665837551805, -0.06607150928182588] - [-0.04245336889390313, 0.23083128469562314, -0.04053183434267117, -0.14784844662917634] - [0.06813436765763028, -0.29346830487724523, 0.1417707949719322, 0.08356139951023878]
B1: -2.1086330827899715e-07 - 3.2262214591990443e-08 - 3.1657781257961136e-07 - -8.989971819630503e-08
B2: 9.017967571325257e-08 - 1.1276555221648159e-07 - -1.6194585932083344e-08 - -1.0813149239746811e-07
