Number: 7012
Error: 1.1030328635227242e-15
A1: [0.08043170948941675, -0.18046778594852453, -0.019588832198162362, 0.11962499654016773] - [0.03741558706594303, 0.13359639324179884, -0.13472617914020263, -0.03628581802913575] - [-0.0017027911707274495, 0.2281901443482379, -0.1228283548439089, -0.10365888238983263] - [0.038863183334728366, -0.11448106950342238, -0.04641649245761379, 0.12203417689029648]
A2: [0.03530743535960188, -0.029273483519954627, -0.07569735727385106, 0.06966339968374209] - [0.10289371385592823, 0.28289666413791903, -0.39260643185814703, 0.006815957453435344] - [-0.011187101314852625, 0.539014589355357, -0.35945101674599783, -0.1683764659601978] - [0.09786280390233137, 0.017463321010429116, -0.16885100623599578, 0.053524883101001924]
B1: 1.431461284061705e-09 - 3.1665125714378874e-10 - -3.5320893625903163e-10 - -6.991681096965075e-10
B2: 1.422578500913052e-08 - -3.205358447707863e-09 - 2.324760882653695e-08 - -3.482853369055005e-08
