Number: 5463
Error: 1.133208023151218e-14
A1: [0.06621296986192766, -0.11395228679603522, -0.023984161934030638, 0.0717226566850422] - [0.037402426040523656, 0.18819319164151302, -0.14740912971765327, -0.07818719313246361] - [-0.060229129070568, 0.3289510327977043, -0.12775287262890342, -0.14096808642874717] - [0.039045929068263666, -0.05332290444053745, -0.03741881297767307, 0.051694899640403656]
A2: [-0.009108003159964562, -0.3468025780035763, 0.24945566758449325, 0.10645728025567881] - [0.08004110329207524, 0.03628363323157933, -0.050248715999235104, -0.0660705513793836] - [-0.04245214185621124, 0.2308326389276708, -0.040530519402600856, -0.14784708957441284] - [0.06813513159744877, -0.2934674637474977, 0.1417716231543857, 0.08356225602657272]
B1: 3.769445475543692e-07 - 5.3506761078976065e-09 - -4.840782834289609e-08 - -1.7736003124114e-07
B2: -7.003857402903315e-08 - -5.492162222992672e-08 - 1.5036387826555834e-07 - -5.2213682785035064e-08
