Number: 2733
Error: 2.3789533397220895e-08
A1: [0.0634696154739405, -0.047837657083847324, -0.02340913295071325, 0.007890345478366355] - [0.043467123369004323, 0.19108266724721806, -0.14276499542049806, -0.09272637812875416] - [-0.12275962110832431, 0.41554521977190845, -0.1041682412801812, -0.18638402960621958] - [0.03705157362033054, 0.019215794580969312, -0.033083506403979855, -0.023003153573402522]
A2: [0.06338122689968229, -0.17374506514468335, 0.08626673984912157, 0.023900089817161192] - [0.029535659975131398, 0.2005406584155754, -0.10146506824569296, -0.12763256891348182] - [-0.09348261425813209, 0.5136110928318279, -0.22567934047145916, -0.1951683863374451] - [-0.026018262762017654, 0.01843090301769018, -0.05038070813033978, 0.05688855181563899]
B1: 6.099301427433412e-05 - 0.000234922554173089 - 4.322200154122593e-05 - 1.4916697858022567e-05
B2: -7.291127946543649e-05 - 0.00015267868125426958 - -0.00020545778798418377 - -1.3435325745004439e-05
