Number: 6190
Error: 9.846776497563927e-16
A1: [0.08043163105482636, -0.1804678643742287, -0.01958891053896956, 0.11962491811453739] - [0.0374155349182727, 0.13359634113359994, -0.13472623118396893, -0.03628587014791621] - [-0.0017028160267183801, 0.22819011949278287, -0.12282837966350788, -0.10365890723918768] - [0.03886322625729261, -0.11448102670131294, -0.04641644956240052, 0.12203421978618707]
A2: [0.03530742673499083, -0.02927349216842433, -0.07569736547401316, 0.06966339065714451] - [0.10289372212169329, 0.2828966724738305, -0.3926064238636005, 0.006815966108878103] - [-0.01118706869846856, 0.5390146221663008, -0.3594509858739048, -0.1683764315911426] - [0.09786279041672044, 0.017463307463476543, -0.1688510190734177, 0.05352486894549184]
B1: -1.724807994962063e-08 - -3.4380246630800973e-09 - -1.0759308592393895e-08 - -4.625255260810993e-09
B2: -2.848713973557855e-08 - -3.63399003652399e-08 - 1.4608040142657466e-08 - 2.9432674405261453e-09
