Number: 7564
Error: 9.445163071121546e-16
A1: [0.08043172099892965, -0.18046777444032394, -0.019588820702422696, 0.11962500804835961] - [0.037415605494228316, 0.13359641165613317, -0.13472616074863697, -0.036285799611061785] - [-0.0017027608481300924, 0.2281901746701865, -0.1228283245657105, -0.10365885207532607] - [0.03886325157784113, -0.11448100145183501, -0.04641642425799647, 0.12203424509098755]
A2: [0.03530740047502358, -0.02927351850100805, -0.0756973904417011, 0.06966336317327615] - [0.10289369733222194, 0.2828966474739859, -0.39260644783966986, 0.0068159401507306115] - [-0.011187142003073438, 0.5390145484244551, -0.3594510552583123, -0.16837650883475277] - [0.09786276503596888, 0.017463281967284007, -0.16885104323428793, 0.05352484230400838]
B1: -1.5620174107234755e-09 - -7.674065721755501e-09 - 1.5501453162384114e-10 - -1.322771360036447e-09
B2: 2.4381695868291807e-09 - -9.193305754857718e-09 - 1.945903005748395e-08 - -8.287196164933023e-09
