Number: 4391
Error: 9.17046682018353e-16
A1: [0.06621315347582088, -0.11395210728504615, -0.02398397846394533, 0.071722839991029] - [0.03740264188003925, 0.1881933978616454, -0.14740891753074287, -0.07818698092682662] - [-0.06022940419932549, 0.3289507685526372, -0.1277531418527481, -0.14096835420540205] - [0.03904597700625698, -0.0533228589391409, -0.03741876659883514, 0.05169494564264443]
A2: [-0.009108684637554147, -0.3468033009428257, 0.24945498059461235, 0.10645656576531962] - [0.08003989108309827, 0.03628232733747069, -0.050250040872891366, -0.06607188750187985] - [-0.04245274557057194, 0.23083197263467078, -0.04053116636438999, -0.14784775725614138] - [0.06813470214322444, -0.2934679365931723, 0.1417711575869915, 0.08356177453144352]
B1: 4.420567163938271e-08 - 2.0602157196301605e-08 - 2.568998030389368e-08 - -3.585547149280399e-08
B2: -5.388960489854898e-08 - 4.077364584591471e-08 - 5.118781542601542e-09 - 4.003277165962098e-08
