Number: 5064
Error: 9.739907666817603e-16
A1: [0.06621330016609536, -0.11395196387273913, -0.023983831888770762, 0.07172298643511396] - [0.037402653081136224, 0.1881934085635762, -0.1474089065191855, -0.07818696991429679] - [-0.06022931216944245, 0.3289508569423198, -0.12775305179768254, -0.14096826463453174] - [0.03904616944212004, -0.05332267628616724, -0.03741858042344911, 0.051695130306284004]
A2: [-0.009108684677160084, -0.34680330098460177, 0.24945498055464502, 0.10645656572402783] - [0.0800398470770139, 0.03628227993033644, -0.050250088968947115, -0.06607193600639924] - [-0.04245279499151889, 0.23083191809065978, -0.04053121932571154, -0.14784781191388935] - [0.06813477629479875, -0.2934678549491248, 0.14177123797420246, 0.08356185766898146]
B1: -2.558284360071257e-08 - 5.223722186803389e-09 - 5.6891203774488934e-09 - 4.5046002668624776e-09
B2: 5.719138567541168e-08 - -1.9072234161507013e-08 - -5.583667542460307e-08 - 1.424906848317219e-08
