Number: 5802
Error: 1.5291740533374662e-05
A1: [0.06642915989525794, -0.1947051482896423, -0.03374342785616802, 0.10549067407110775] - [0.0005539623653040622, 0.096476867401701, -0.17204868023431055, -0.07348484589199712] - [-0.0038133508515810237, 0.22614704970253072, -0.12485361845316881, -0.10572880454950395] - [0.06019744867707622, -0.09313521249406058, -0.024644797598982998, 0.14362365235520705]
A2: [0.040183523451655837, -0.024542287726301133, -0.07077176510628977, 0.07520084245313972] - [0.12208373617237525, 0.3019541220681016, -0.3740189254465032, 0.027209892005022326] - [-0.014479171245939141, 0.5360407439612814, -0.3626332161210676, -0.17227110403092855] - [0.0980196783731017, 0.017758102336563372, -0.16865541821131644, 0.053566850891569484]
B1: -0.0067631390788564 - 0.0004698212384277188 - -0.006234888596626768 - -0.0053374350777300435
B2: -0.006243071602735114 - -0.00537979168680231 - -0.009324140091654083 - 0.0002669541063222519
