Number: 3329
Error: 1.2982409108837858e-06
A1: [0.06542882951120232, -0.1147524637717668, -0.024902807956740297, 0.07085411853672506] - [0.033339458239017496, 0.18428394444719481, -0.15139203417589242, -0.08217435623709898] - [-0.06714051712848602, 0.32246031897109606, -0.13429890933641944, -0.1475367448447692] - [0.04156493691688541, -0.05094631178390463, -0.035031562197674546, 0.05406292202233792]
A2: [-0.013589025895507893, -0.3514922421991369, 0.24516123360439274, 0.10183132811464929] - [0.07997610420818523, 0.036256083552632476, -0.05034994064404821, -0.0661353696367818] - [-0.039044217933678405, 0.23444051872877045, -0.03701852396416186, -0.14417422288175122] - [0.07119327756368536, -0.2901843497675861, 0.14502051914644237, 0.08695305017716448]
B1: -0.0013432106416035113 - -0.0014224369740239795 - 0.0019876783456281937 - 0.0009941890685196317
B2: 0.00030864242400209475 - 0.0021601138111474283 - -0.0002508215706408934 - -0.001997551690686922
