Number: 5001
Error: 8.901780594899992e-16
A1: [0.06621324108421006, -0.11395202163435396, -0.02398389092428476, 0.0717229274523878] - [0.03740264331829806, 0.18819339923583742, -0.14740891611681098, -0.07818697951276986] - [-0.06022932418118785, 0.3289508454057252, -0.1277530635516479, -0.1409682763252895] - [0.039046199711600726, -0.053322647555528534, -0.03741855113875722, 0.05169515935320151]
A2: [-0.009108683520315634, -0.3468032997574111, 0.24945498172087582, 0.10645656693685476] - [0.08003981047499674, 0.036282240499512806, -0.050250128972828614, -0.06607197634995451] - [-0.04245286908886397, 0.2308318363124566, -0.04053129873118405, -0.14784789386252886] - [0.068134723186979, -0.29346791342299333, 0.14177118040035186, 0.08356179812548967]
B1: -6.932329608998793e-09 - 3.19071917445092e-09 - 2.18326931508887e-08 - 1.298007490359251e-08
B2: 1.9566197457003287e-08 - 2.8940234457948345e-08 - 1.2136263174961415e-08 - -3.655911795457511e-09
