Number: 8574
Error: 1.2590334780234731e-15
A1: [0.08043166971797391, -0.1804678257154397, -0.0195888719220671, 0.11962495677327997] - [0.03741552712846942, 0.1335963333497501, -0.1347262389580263, -0.03628587793328827] - [-0.0017028188088844738, 0.2281901167106581, -0.12282838244160632, -0.10365891002060693] - [0.038863216962838336, -0.1144810359696136, -0.04641645885091601, 0.12203421049755891]
A2: [0.03530736623075099, -0.029273552839969505, -0.07569742300086595, 0.06966332733303146] - [0.10289361852714578, 0.28289656800015245, -0.3926065240590119, 0.0068158576304772735] - [-0.01118711058850811, 0.539014580026379, -0.3594510255237663, -0.1683764757321066] - [0.09786267901063413, 0.017463195550643188, -0.16885112512510186, 0.05352475200567999]
B1: 8.672354282947988e-09 - 2.2207684454769175e-08 - -1.9979795122038497e-08 - 2.0298279690129342e-08
B2: 2.7503622327618677e-08 - 5.083136253620753e-09 - 4.888809533115916e-08 - 2.895948611358246e-08
