Number: 8163
Error: 7.936532567086596e-16
A1: [0.08043166383226504, -0.18046783160053456, -0.019588877800770545, 0.11962495088820495] - [0.03741565340566768, 0.1335964595313551, -0.13472611293253378, -0.036285751726094176] - [-0.0017028194377755215, 0.22819011608178583, -0.12282838306957472, -0.10365891064933624] - [0.03886323421180953, -0.11448101876913423, -0.04641644161296593, 0.12203422773574928]
A2: [0.035307266408201345, -0.02927365293859604, -0.07569751791098012, 0.06966322285808134] - [0.10289370728084968, 0.2828966575070482, -0.392606438217487, 0.0068159505684000764] - [-0.011186967183832395, 0.5390147242863468, -0.35945088978782425, -0.16837632462192909] - [0.09786296390868365, 0.017463481744550695, -0.16885085392004232, 0.05352505105527831]
B1: -4.927493693113817e-08 - 1.0838015649199747e-08 - 3.4159326603109455e-08 - -2.8960268591547345e-08
B2: -2.973453910043722e-08 - 2.1652528129408582e-08 - -9.611053271954142e-09 - -1.150649199572377e-08
