Number: 5370
Error: 1.2207076523598089e-15
A1: [0.06621323233841404, -0.11395203018468308, -0.023983899663209195, 0.0717229187212658] - [0.03740265732344381, 0.18819341261694228, -0.1474089023485738, -0.07818696574332135] - [-0.0602297320052428, 0.32895045371241055, -0.12775346262455753, -0.14096867325179546] - [0.039046090377889656, -0.05332275133095175, -0.037418656915428866, 0.05169505443535179]
A2: [-0.009108613699035482, -0.34680322568791033, 0.2494550521067121, 0.10645664014065225] - [0.0800399836857347, 0.03628242709686852, -0.05024993966353102, -0.06607178543331998] - [-0.04245291541293804, 0.23083178518659384, -0.040531348373887915, -0.14784794509486973] - [0.06813469178991348, -0.2934679479923439, 0.14177114636280058, 0.08356176292390226]
B1: -3.024346382360281e-08 - 1.7133212458725681e-09 - -3.2366501080002954e-08 - -3.3099502090565456e-08
B2: 1.8548901557873926e-08 - 9.682901917487649e-09 - -1.0767434058609286e-08 - -6.454375525361699e-08
