Number: 2397
Error: 3.7966042542058576e-06
A1: [0.07770662625977824, -0.034702230538691356, -0.01045860182326615, 0.021600704334161995] - [0.049986527794011124, 0.19707897169552924, -0.13646869148238053, -0.08549001933253277] - [-0.1293760660686991, 0.40970888193226773, -0.11037969033416538, -0.19292598971614472] - [0.029526882242879898, 0.01236233565678461, -0.040102094406651405, -0.03028187132404462]
A2: [0.04726406314670957, -0.1898028621857711, 0.07073376428303106, 0.008256204731897287] - [0.03662988971104659, 0.20757115729500067, -0.09444040947640368, -0.12075119468080678] - [-0.0847138600591795, 0.5229240545225539, -0.21615130331034108, -0.18603619228194015] - [-0.03947025663498436, 0.0050087441794899705, -0.06319549411132377, 0.04393723312103837]
B1: 0.00209412499025775 - 0.004911829739800171 - -0.00969464954552117 - -0.002143575320539098
B2: -0.0023328549204578043 - 0.0011427336073258738 - 0.0008133646949866187 - -0.002222604544713308
