Number: 4800
Error: 1.349288907291809e-15
A1: [0.0662131335760162, -0.11395212674014918, -0.02398399834813634, 0.07172282012458446] - [0.037402575159141846, 0.18819333411435787, -0.14740898312250686, -0.07818704652439251] - [-0.06022939193204947, 0.3289507803346916, -0.1277531298487034, -0.1409683422657661] - [0.03904614722518664, -0.053322697373711404, -0.03741860191767436, 0.05169510898658824]
A2: [-0.009108434689890685, -0.3468030357877134, 0.24945523256449717, 0.10645682782154499] - [0.08003989732143882, 0.03628233405793387, -0.05025003405471168, -0.06607188062586747] - [-0.04245277691109872, 0.23083193804530483, -0.04053119995003331, -0.14784779191762687] - [0.06813473997052091, -0.29346789494368397, 0.14177119859524126, 0.08356181694283668]
B1: 1.7197829647869695e-08 - 8.72603187823081e-09 - 6.161639710163568e-09 - -1.996852523499184e-08
B2: 1.7531006617087353e-08 - 2.0650677265395252e-08 - 1.8578519686207466e-08 - 3.8039979419278985e-08
