Number: 7409
Error: 9.4085370572538e-16
A1: [0.08043167743449901, -0.1804678179998166, -0.01958886421475921, 0.11962496448890891] - [0.03741557801860027, 0.13359638420130424, -0.13472618816951618, -0.03628582707146623] - [-0.001702812795962794, 0.22819012272346195, -0.12282837643748405, -0.10365890400929417] - [0.038863226402983904, -0.1144810265560387, -0.046416449416808676, 0.1220342199317805]
A2: [0.03530742504005409, -0.029273493868035474, -0.07569736708557302, 0.06966338888323262] - [0.10289369381331528, 0.2828966439252118, -0.3926064512431077, 0.006815936465916412] - [-0.011187182420218373, 0.5390145077662409, -0.3594510935140328, -0.16837655142369642] - [0.0978627552773359, 0.017463272164261214, -0.16885105252387497, 0.0535248320606192]
B1: 2.3777949163311377e-08 - 3.1878123268395284e-09 - 1.2127355599599593e-09 - 5.369184547645843e-09
B2: 5.246920263791623e-09 - 3.2011356442824145e-09 - 1.7452273011471897e-08 - 7.26032847059753e-09
