Number: 6867
Error: 7.636031105554235e-16
A1: [0.08043165479556771, -0.18046784063617954, -0.019588886826617642, 0.11962494185256409] - [0.037415558598830015, 0.133596364796231, -0.1347262075505972, -0.036285846480480416] - [-0.0017028461808500492, 0.22819008933928878, -0.12282840977348762, -0.10365893738527385] - [0.03886320072852157, -0.11448105215844241, -0.046416475074904574, 0.12203419427327905]
A2: [0.03530739565738328, -0.029273523331985893, -0.07569739502221476, 0.06966335813106159] - [0.10289381776317563, 0.28289676892703364, -0.39260633136041617, 0.006816066259501944] - [-0.011187128722549395, 0.5390145617841923, -0.359451042687976, -0.1683764948406381] - [0.09786280988453562, 0.01746332701984379, -0.16885100054132532, 0.05352488938036868]
B1: 2.5373698827447847e-08 - -2.384020519914201e-08 - 8.866922919287224e-09 - 6.095541042058395e-09
B2: 2.0281764273627227e-09 - 4.175294616154219e-09 - -1.6251391895239893e-09 - 3.6529358994032673e-09
