Number: 6003
Error: 4.556080475127964e-12
A1: [0.08043075743132426, -0.18046873788484974, -0.019589783074432335, 0.11962404461843804] - [0.03741987129172486, 0.13360067419899374, -0.1347219035027562, -0.03628153620374087] - [-0.0016996733581093426, 0.2281932621235504, -0.122825241516642, -0.10365576536924793] - [0.03886400546317627, -0.11448024965198604, -0.046415670784686495, 0.12203499854471331]
A2: [0.03532053381090884, -0.029260348851472728, -0.07568490340166242, 0.06967710867807927] - [0.10289348974917446, 0.2828964380843098, -0.3926066486308387, 0.00681572277875344] - [-0.011185335093661515, 0.5390163661861901, -0.35944934499822456, -0.16837460483431432] - [0.09786762638429737, 0.017468165466865464, -0.16884641553458685, 0.053529945157349414]
B1: 3.984810845219724e-06 - -2.5945472475900024e-06 - 1.1234448441221516e-06 - 1.6228245664356448e-06
B2: -1.2563893673665684e-06 - 3.332659123182216e-06 - -1.7317309239239278e-06 - -8.151535424048893e-07
