Number: 804
Error: 1.415136556241753e-12
A1: [-0.012155145919404678, -0.014518969663299441, 0.01808534681263947, 0.008581225044708669] - [0.06583476957189055, 0.1894948127724305, -0.1453230519061146, -0.11000907942958435] - [-0.09629242439303327, 0.4217867177853631, -0.05345662832721799, -0.2720349773507414] - [-0.0013278004333628904, -0.018225303868843797, -0.0038418170640275163, 0.02336946163218205]
A2: [0.16158621935526146, -0.1677552652736739, 0.008500842545473142, -0.0023335583351306944] - [0.035486121337583686, 0.2075171131922397, -0.11721002807299315, -0.12579164038380716] - [-0.08621656256603275, 0.581535165758981, -0.23539166313760082, -0.25993851107076005] - [-0.00383597374873544, -0.004520279520688812, 0.0011092607316529309, 0.007242429881183561]
B1: 1.0485470207342163e-06 - 1.0539205312953475e-06 - 1.8130914206520983e-06 - 1.1688035841109357e-06
B2: 3.1873205537558425e-06 - -4.813465743245463e-07 - 4.494541042162263e-06 - -3.6873358197097745e-06
