Number: 5671
Error: 4.687575529736603e-05
A1: [0.061159200036629474, -0.11835983772816261, -0.028742252428539887, 0.06703952168919873] - [0.017760012756959095, 0.16962033227665363, -0.16668276515754316, -0.09771571559762188] - [-0.11446240402793913, 0.27481117758101087, -0.18211293054618888, -0.19636752278163372] - [0.03750307083790234, -0.05289576493238569, -0.037900545353581255, 0.05183195150993139]
A2: [0.0013716199653298136, -0.3365454288491543, 0.2574997256742767, 0.11941216085530663] - [0.0937715206089543, 0.05103195214107401, -0.03587638607379018, -0.05074078772294698] - [-0.019316714967328494, 0.255935674261858, -0.01723020462340838, -0.12121074844294831] - [0.11685358016403438, -0.24017698724902206, 0.19296462898385713, 0.13871296668165364]
B1: -0.0004906423357877716 - 0.007319202987421048 - -0.00016904171625125577 - -0.006373162937761689
B2: 0.0044092573180028296 - -0.00962881763869104 - 0.013988841683832824 - 0.003521457607871599
