Number: 2586
Error: 1.6397751436483842e-08
A1: [0.06313548964599383, -0.04816507730693792, -0.023737471829912603, 0.007560953146760884] - [0.04380305544523156, 0.19140724135300333, -0.1424190724081058, -0.09235726255055952] - [-0.12350758273307699, 0.4148083406132377, -0.10491162037742222, -0.18712441484101336] - [0.03695239393351715, 0.019123251395403006, -0.033179244451256806, -0.023098216239560126]
A2: [0.0631102360434125, -0.17402026747678925, 0.08599963531459726, 0.02363164389528203] - [0.029279016127042805, 0.2002876536362323, -0.10172109218410849, -0.12788410807153835] - [-0.0929448516356288, 0.5141375997755989, -0.2251428583507156, -0.1946478899723267] - [-0.025064232068619408, 0.019381576162078487, -0.049430812725692434, 0.05781581063319799]
B1: 0.00011254163745159061 - -7.240013389355493e-05 - -0.00011376108111663593 - -0.0002599472445428622
B2: -0.0002615845116464091 - 0.00018795947052039188 - 5.386269993892722e-05 - -0.0002881536928764399
