Number: 6711
Error: 1.1691961589400457e-15
A1: [0.08043167818873347, -0.1804678172456639, -0.01958886346142232, 0.11962496524305846] - [0.03741558268942256, 0.13359638886859074, -0.1347261835080053, -0.036285822403232325] - [-0.0017028283516608018, 0.22819010716809812, -0.12282839197040239, -0.1036589195608424] - [0.03886322238423794, -0.11448103056349998, -0.046416453432986865, 0.12203421591553647]
A2: [0.035307427660860445, -0.0292734912399914, -0.07569736459371813, 0.06966339162617298] - [0.1028937636825414, 0.282896714387412, -0.3926063836664992, 0.00681600962917593] - [-0.011187134930596409, 0.5390145555391193, -0.35945104856402205, -0.1683765013822773] - [0.09786278338219156, 0.017463300396950113, -0.16885102576983746, 0.05352486156153159]
B1: -5.86610195414757e-09 - 3.800885880143575e-09 - -1.6535783074599797e-08 - -9.338688390494633e-09
B2: -6.114970832822248e-09 - -6.4731269867880515e-09 - -3.3203959657993422e-09 - -7.200110512962969e-09
