Number: 9059
Error: 5.402181198789597e-05
A1: [0.031113593480686968, -0.1797334476233213, -0.05216671144211125, 0.09604411922658439] - [0.031667632261225986, 0.1533368421589213, -0.09069248955615417, 0.001137694922620969] - [-0.016777261341228714, 0.2289820343448405, -0.11890632360282097, -0.07732351514289117] - [0.046942244750151026, -0.07993502485691405, -0.027108346293985376, 0.1423693063154383]
A2: [0.08339208329999914, -0.075549909233424, -0.11526418042780567, 0.10651096738445609] - [0.12655802424591356, 0.2576253394934817, -0.39877847459219984, 0.05417998785395663] - [0.03778919378659024, 0.46447781268313704, -0.38337787808543417, -0.12318682183225915] - [0.15438694959935947, -0.03375251533718801, -0.19276986610794367, 0.11321518823503106]
B1: -0.010446011398929304 - -0.024840812775875062 - -0.016262340065579715 - -0.014681159178867233
B2: -0.03326075440169171 - -0.014187723584032842 - -0.002055363498169862 - -0.013493986419279215
