Number: 9739
Error: 1.3956751771478031e-15
A1: [0.053172489500869106, -0.1480013316375033, -0.026999107893304133, 0.12182776131340949] - [0.0053138689315496935, 0.13083684353947334, -0.11360059468046858, -0.022549614051373783] - [-0.014444518964695204, 0.22309157842584976, -0.127041221951411, -0.08160597540221824] - [0.027146440888083528, -0.10002005724576692, -0.04942452764766973, 0.12229810114734566]
A2: [0.08925418845013891, -0.07291364252922596, -0.12362768750366995, 0.10728610685543334] - [0.10884174083447731, 0.2498141931488532, -0.4048452777361636, 0.046189492326129226] - [0.03663593985446374, 0.46255512730140264, -0.3777174423318138, -0.12147325950445848] - [0.1434263489992374, -0.044606707209415536, -0.2014996176934947, 0.10267977704378801]
B1: 1.137136520436626e-08 - -1.5901519693107355e-08 - 8.35374700938318e-08 - 6.842743515810684e-09
B2: 5.4239258393560237e-08 - 6.545567775072875e-08 - -1.7415135161587864e-08 - 1.0922405673659813e-07
