Number: 1382
Error: 6.789215653120016e-10
A1: [-0.007212431096341208, -0.015018854810105934, 0.0029712849581281673, 0.019429218329825075] - [0.06683713421295968, 0.18989442759682568, -0.14672439469047738, -0.10985076139608622] - [-0.11264048546324733, 0.4417312906996128, -0.07084691976521323, -0.2581595216722712] - [-0.02354422976894694, 0.015172283381327598, -0.030113262277597298, 0.03872694714283383]
A2: [0.13152993753624898, -0.22468385311794067, 0.022611368370437618, 0.07010553952760298] - [0.03252714454986658, 0.20363205826892103, -0.11500690349327657, -0.12157396674709813] - [-0.09462035492378079, 0.5555422592581046, -0.2351999462744695, -0.22563284770089756] - [-0.021013213160679108, -0.019459098606797502, 0.007933714269406502, 0.03200308882533375]
B1: -5.1447406174985495e-05 - 1.517808012499193e-05 - -2.3589100397578286e-06 - -5.0568161286503055e-05
B2: -3.09991911096345e-06 - -3.790674361914428e-05 - -2.21051578510585e-06 - -5.366834317521131e-06
