Number: 6101
Error: 5.710491699319918e-15
A1: [0.08043173914754921, -0.18046775629379141, -0.019588802575512407, 0.11962502619488988] - [0.03741569687734624, 0.13359650297003792, -0.1347260695476352, -0.036285708278587785] - [-0.0017026362156574867, 0.22819029929998416, -0.12282820011571906, -0.10365872747616926] - [0.038862911171440924, -0.11448134090292104, -0.046416764447482405, 0.12203390489615362]
A2: [0.03530703240867723, -0.029273887585429145, -0.07569774039412566, 0.0696629779517234] - [0.10289400799346714, 0.2828969607718479, -0.3926061473721967, 0.006816265458484409] - [-0.01118735476983434, 0.5390143343886081, -0.3594512566464259, -0.16837673303466946] - [0.09786304137854138, 0.01746355956684724, -0.168850780174082, 0.05352513237384971]
B1: -3.921612787047953e-08 - 1.642035477579252e-07 - 4.343592275161306e-08 - 9.134674248935658e-08
B2: 3.9531722692462955e-07 - 5.278236709808979e-07 - -5.125924415405245e-07 - 1.126594951118219e-08
