Number: 3100
Error: 1.0785217398792493e-06
A1: [0.06424736723275136, -0.04716928819255773, -0.022749776878156266, 0.008615295863671948] - [0.04578983207981302, 0.19328982259093216, -0.14040585340957407, -0.09017387205753671] - [-0.12236469263569617, 0.4158349832280631, -0.10386630195721515, -0.1860270236579139] - [0.036489884887207384, 0.018508033617871407, -0.0337750267228881, -0.023586100926784596]
A2: [0.06651644147013741, -0.17052939237480189, 0.08937340070410688, 0.026951729796364628] - [0.030017225597117055, 0.2010100526136891, -0.10095975197648241, -0.12715126682485045] - [-0.08618960848180689, 0.5207742263147422, -0.21838031946984082, -0.18808697605286714] - [-0.027962726787465437, 0.016479812026048077, -0.052372191259432155, 0.05495116700100794]
B1: -0.0032018554818517143 - 0.0010997580382608586 - 9.97471670392176e-05 - 0.002513037723837457
B2: 0.00071800723454148 - 0.0014044554676639208 - 0.0004977908176460014 - -1.3151733755615238e-06
