Number: 4372
Error: 8.704862352847962e-16
A1: [0.06621303706411476, -0.11395222109534242, -0.023984094784295217, 0.07172272377468401] - [0.037402638705619044, 0.1881933948287014, -0.14740892065144326, -0.07818698404780028] - [-0.06022942750970362, 0.3289507461642998, -0.12775316466290837, -0.14096837689288735] - [0.03904616859742861, -0.05332267708798342, -0.03741858124074964, 0.051695129495673106]
A2: [-0.009108459030923966, -0.34680306160953783, 0.24945520802664534, 0.10645680230149775] - [0.0800398528927028, 0.03628228619547672, -0.050250082612816604, -0.06607192959622964] - [-0.04245272723490556, 0.2308319928710396, -0.040531146715178386, -0.14784773697760442] - [0.06813466929708638, -0.2934679727581878, 0.14177112197862948, 0.08356173770487753]
B1: -4.266018861352698e-08 - 2.492360179307386e-08 - 2.711585148671254e-08 - -3.9241759123942044e-08
B2: 2.7835699784652758e-08 - 3.686570650798632e-08 - -1.4375539578705935e-08 - -8.864796276155189e-08
