Number: 7068
Error: 9.466855908512657e-16
A1: [0.08043170249386246, -0.1804677929432871, -0.019588839185352692, 0.11962498954541212] - [0.03741560314130427, 0.13359640930499395, -0.13472616309687144, -0.03628580196267905] - [-0.0017027935443397221, 0.2281901419746749, -0.12282835721404718, -0.10365888476281197] - [0.03886323783118524, -0.11448101515990139, -0.04641643799588108, 0.12203423135288387]
A2: [0.035307374575147495, -0.02927354447252973, -0.07569741506694476, 0.06966333606622696] - [0.1028938174153246, 0.2828967685762322, -0.39260633169684456, 0.006816065895245839] - [-0.011187107616384667, 0.5390145830162395, -0.3594510227105354, -0.1683764726003409] - [0.0978627711343392, 0.017463288093387232, -0.1688510374290079, 0.053524848705282645]
B1: 3.499866133945054e-08 - -3.590364246028262e-08 - -6.858998794781885e-10 - 1.811732921733398e-08
B2: 5.7019449458302365e-09 - 1.4736957980962359e-09 - 1.0077584780809168e-08 - -2.6336932498952645e-09
