Number: 7244
Error: 9.766870386016652e-16
A1: [0.08043169337489692, -0.18046780206122015, -0.019588848293414483, 0.11962498042748788] - [0.037415593527147954, 0.1335963996981152, -0.134726172691869, -0.036285811571508855] - [-0.001702842967049279, 0.22819009255302544, -0.12282840656438535, -0.10365893417232618] - [0.03886324184854419, -0.11448101115382067, -0.046416433981085956, 0.12203423536774335]
A2: [0.03530739998764982, -0.02927351898974048, -0.07569739090507545, 0.06966336266316987] - [0.10289382222791259, 0.2828967734296638, -0.3926063270421598, 0.006816070934717294] - [-0.011187041151890766, 0.5390146498771615, -0.3594509598004205, -0.16837640256440814] - [0.09786280864889063, 0.01746332577857781, -0.16885100171758044, 0.053524888083341444]
B1: -1.2301344264105498e-08 - 2.4990466567095133e-08 - 2.427204345041759e-08 - 3.6257548128793147e-09
B2: 1.487251428152716e-08 - 1.3872348498272616e-08 - -6.988674015125134e-09 - 1.6816848224745927e-08
