Number: 4309
Error: 8.138179897421262e-16
A1: [0.06621324054696867, -0.11395202215963804, -0.0239838914611149, 0.07172292691605248] - [0.0374025886280814, 0.18819334698301587, -0.1474089698815031, -0.07818703328219914] - [-0.06022926119245101, 0.32895090590287046, -0.12775300191465067, -0.14096821501997608] - [0.03904603288246436, -0.05332280590356252, -0.03741871254048424, 0.05169499926202691]
A2: [-0.009108596379842685, -0.3468032073152108, 0.24945506956640662, 0.10645665829874107] - [0.0800399136634091, 0.03628235166292288, -0.050250016193906774, -0.0660718626133573] - [-0.042452713391550725, 0.23083200814941396, -0.0405311318800961, -0.1478477216674305] - [0.06813479082407801, -0.2934678389517555, 0.14177125372556662, 0.08356187395896343]
B1: 1.985944990567324e-08 - 3.517339364653137e-08 - 1.0118577406842541e-08 - -1.930990598426004e-08
B2: 3.296483646091276e-08 - 4.633606647348021e-09 - 2.8570641679290734e-08 - -1.0472852765851926e-08
