Number: 1545
Error: 2.016864258106126e-09
A1: [-0.007869539906572656, -0.015682223048817077, 0.0022876547666941405, 0.018753905242141263] - [0.06715592775441831, 0.19020110227511183, -0.14639491222241832, -0.1094961538174567] - [-0.11306021166376715, 0.44131939844369394, -0.071284570513024, -0.25861389788745415] - [-0.023445786621827714, 0.015268918888215747, -0.03001260437420404, 0.03883105947787131]
A2: [0.13167596044924496, -0.22454035203523123, 0.02275479851694491, 0.0702487206843262] - [0.03274929790813579, 0.20385052519020957, -0.11478561312483086, -0.12135676447477005] - [-0.09473152565367939, 0.5554322956291504, -0.23530969895024537, -0.2257426636446936] - [-0.020793858031866758, -0.01924283242679519, 0.008150704747055272, 0.03221395832595207]
B1: 0.00014952603556018325 - 2.597087206344763e-05 - 0.00011174138020947111 - 0.00012551064668057124
B2: 7.637006787823822e-05 - 9.670167825779603e-05 - 6.38941916289124e-05 - 0.0002069284901633299
