Number: 9306
Error: 9.104721100788506e-10
A1: [0.05325786212469746, -0.14791592963110559, -0.026913812838334394, 0.12191317335492269] - [0.005414001564809324, 0.13093709348102334, -0.1135004469026396, -0.022449332630510906] - [-0.014428972856191668, 0.22310712674461367, -0.1270256752338221, -0.0815904190473292] - [0.027265261021147076, -0.09990123470226142, -0.04930543256691658, 0.12241722487564402]
A2: [0.08933744954651364, -0.07283053645397475, -0.1235463181810009, 0.10737040612849043] - [0.10892129189711644, 0.24989378054567785, -0.4047673130339733, 0.046270389197825536] - [0.036612874496824585, 0.4625321856966669, -0.3777399451394194, -0.1214965695019798] - [0.14348322213157666, -0.044550063325885465, -0.2014440867932342, 0.10273748093590145]
B1: 6.20726450989538e-05 - 3.9456072159240215e-05 - -1.0565651947497982e-05 - -4.7052241503698e-06
B2: 2.1924223790492677e-05 - 5.524411883033422e-05 - 1.6204830831450028e-05 - 3.378676291507755e-05
