Number: 4997
Error: 8.417331476853741e-16
A1: [0.06621327100442692, -0.11395199238274786, -0.02398386102754935, 0.07172295732239024] - [0.03740264005844449, 0.18819339612126748, -0.14740891932149736, -0.07818698271773965] - [-0.06022932523727054, 0.3289508443914151, -0.12775306458506847, -0.14096827735315204] - [0.03904626541490315, -0.053322585192369654, -0.037418487572967576, 0.05169522240286142]
A2: [-0.009108713406595574, -0.34680333146202064, 0.24945495159278652, 0.10645653560277105] - [0.08003982017731791, 0.036282250951683116, -0.05025011836875483, -0.06607196565584005] - [-0.04245283714616381, 0.2308318715663091, -0.040531264500186466, -0.14784785853520388] - [0.0681347472066858, -0.2934678869763203, 0.14177120643997324, 0.08356182505593272]
B1: -4.8257603347946944e-08 - -2.967368684482336e-09 - 1.3376355859495853e-08 - 2.647788461819345e-09
B2: 1.8273885060881937e-08 - 2.9331267215947747e-08 - -1.7893929890719262e-08 - -2.8074660074195834e-08
