Number: 9088
Error: 0.00010645957958306373
A1: [0.040910856219722465, -0.16216586487679382, -0.0398266171029205, 0.10798286570394455] - [-0.008821455920244399, 0.11548888456556221, -0.12910434929085718, -0.03812959048935785] - [-0.03309671593557948, 0.20586243510220503, -0.14200977489099947, -0.09722613223700513] - [0.015039967225781067, -0.11314900660499277, -0.061432541370778505, 0.10935942922972838]
A2: [0.02818138514646063, -0.1337968101747492, -0.17819096248062896, 0.04604082665114666] - [0.05351306581988621, 0.193404175813235, -0.457625052108853, -0.010554436194923245] - [0.021141559130526295, 0.44804781398895277, -0.3946625840332816, -0.13737750751518543] - [0.12265830229788767, -0.06545975910710362, -0.22351284966974788, 0.08124352423541353]
B1: -0.012761147764147518 - -0.0002932370480131863 - -0.00637208177453306 - -0.0014937534652530223
B2: 0.006124216624367176 - 0.0035440063283608617 - -0.0041547004520006555 - 0.005178289237137377
