Number: 7088
Error: 1.0639529454653289e-15
A1: [0.08043169512826316, -0.18046780030805185, -0.01958884654214482, 0.11962498218065411] - [0.03741559637509392, 0.1335964025439047, -0.13472616984959998, -0.03628580872514134] - [-0.001702802054340501, 0.2281901334648558, -0.12282836571158808, -0.10365889327054163] - [0.03886324009685697, -0.1144810129005885, -0.04641643573165332, 0.12203423361714727]
A2: [0.03530758460114569, -0.029273333865631513, -0.0756972153768684, 0.06966355588117673] - [0.10289366249487174, 0.28289661234095836, -0.3926064815338955, 0.006815903670914025] - [-0.011187135828260133, 0.5390145546360929, -0.35945104941369405, -0.1683765023281739] - [0.0978628728153393, 0.017463390236897042, -0.16885094063526118, 0.05352495543721314]
B1: 3.894497747253038e-08 - -1.808880710154852e-08 - -1.6622132663352033e-08 - 1.5468000359417136e-08
B2: 4.962104316884143e-09 - 5.305017399408985e-09 - 1.190849222878283e-08 - 3.916549149639868e-09
