Number: 7646
Error: 1.8927540625245824e-16
A1: [0.0804316896581851, -0.18046780577751834, -0.019588852005685074, 0.11962497671119969] - [0.03741562856242053, 0.13359643470686672, -0.13472613772639905, -0.036285776555642246] - [-0.0017027871774038807, 0.2281901483414746, -0.12282835085642987, -0.10365887839757051] - [0.03886324017691409, -0.11448101282076618, -0.04641643565165016, 0.12203423369715168]
A2: [0.03530755173567268, -0.02927336682200066, -0.07569724662487563, 0.06966352148381785] - [0.1028938567839012, 0.28289680827893005, -0.39260629362002525, 0.006816107119840782] - [-0.01118729989425024, 0.5390143895915422, -0.3594512047058909, -0.1683766752100371] - [0.09786273246946219, 0.017463249252646272, -0.1688510742355249, 0.05352480811981336]
B1: 2.837749666915041e-08 - 7.07366560100995e-08 - 2.3237139503528618e-08 - 4.097430595101559e-08
B2: 3.2120411862587484e-08 - 4.5238351311158354e-08 - 5.5344464597335335e-08 - 3.009167450370502e-08
