Number: 6803
Error: 1.0171307767604e-15
A1: [0.08043167658750464, -0.18046781884670998, -0.019588865060737704, 0.11962496364201214] - [0.03741557377357888, 0.13359637995949603, -0.13472619240608455, -0.036285831314137366] - [-0.0017028449346008817, 0.2281900905855125, -0.12282840852906314, -0.10365893613935707] - [0.03886321643168855, -0.11448103649934338, -0.04641645938174393, 0.12203420996668639]
A2: [0.03530740412566315, -0.029273514840284818, -0.07569738697068126, 0.06966336699403246] - [0.1028936529735833, 0.28289660273885336, -0.3926064907427509, 0.006815893700707944] - [-0.011187097477645003, 0.5390145932154606, -0.3594510131139951, -0.16837646191678832] - [0.09786277685401837, 0.017463293839081684, -0.16885103198423623, 0.053524854709074]
B1: -1.1081839846089011e-08 - -3.1749552201677684e-08 - 1.5160089032207531e-09 - -8.28492876483557e-09
B2: -7.331969417876258e-09 - -1.3593668524991981e-08 - -1.3997450017539136e-08 - -1.207879561596537e-08
