Number: 6745
Error: 8.083852043977335e-16
A1: [0.08043162167060401, -0.18046787375739182, -0.019588919911973448, 0.11962490873138373] - [0.037415545536431165, 0.1335963517437192, -0.13472622058696881, -0.036285859535643325] - [-0.0017028612678452466, 0.22819007425261598, -0.12282842483839272, -0.10365895246824236] - [0.038863186221466776, -0.11448106662478441, -0.04641648957271506, 0.12203417977524081]
A2: [0.035307428178602135, -0.029273490720817696, -0.07569736410145589, 0.06966339216804587] - [0.10289374913706975, 0.28289669971849096, -0.39260639773468814, 0.006815994397939737] - [-0.01118713422746584, 0.5390145562464433, -0.3594510478984937, -0.1683765006413639] - [0.09786278763873764, 0.017463304672857803, -0.16885102171788172, 0.05352486602952006]
B1: -1.7513732952343966e-08 - -8.609526339954076e-09 - -2.3272854914225115e-08 - -2.043104963437422e-08
B2: -2.7106123452961894e-08 - -1.3427759867929972e-08 - -1.2986780140126085e-08 - -1.2913545021920592e-08
