Number: 9483
Error: 2.6405131808458467e-14
A1: [0.053172278956851844, -0.14800154228602672, -0.026999318223606197, 0.12182755066663783] - [0.005313938170739541, 0.13083691283060925, -0.11360052547014683, -0.02254954471767473] - [-0.014443359690303258, 0.2230927381139241, -0.1270400636063439, -0.08160481572293073] - [0.027147355862413056, -0.10001914221432412, -0.049423610684008704, 0.12229901851108159]
A2: [0.08925733379176426, -0.07291050444006553, -0.12362461298540053, 0.10728929105497183] - [0.10884077548084001, 0.2498132276339875, -0.40484622397011105, 0.04618851073822189] - [0.03663541997349549, 0.4625546101420896, -0.37771794954239446, -0.12147378476401012] - [0.14342562314417598, -0.0446074303545508, -0.2015003264158087, 0.10267904042887571]
B1: -1.815267425254569e-07 - -3.8846206001973744e-07 - -7.172046131870243e-08 - 1.5311835263859385e-07
B2: 5.750654327074635e-08 - -1.4953835762747817e-07 - 1.2385632356600129e-07 - -4.136820905060645e-07
