Number: 5652
Error: 5.1232815009926226e-05
A1: [0.06860731964331641, -0.11163819534388773, -0.02160903542304621, 0.07405699471870045] - [0.04502404949941997, 0.19545928381333458, -0.13992699937276482, -0.07072104113029397] - [-0.06344443034792335, 0.32575312249068133, -0.13095538745832713, -0.14419974767323376] - [0.0387794891195123, -0.053572576659625, -0.03768254325604176, 0.051351204428128475]
A2: [-0.002286571149466751, -0.33954786703396433, 0.25615477013116794, 0.1137351669566822] - [0.08477019542560701, 0.04138243535234201, -0.04513599193102478, -0.06082803099037912] - [-0.03683418099683818, 0.23704230160521925, -0.03464002929438652, -0.1415522199364454] - [0.07626716940926491, -0.2845175935324022, 0.15045332935855749, 0.09286979734930853]
B1: 0.006171329047812302 - 0.004200707820719822 - 0.005173017825324786 - 0.004229357273591497
B2: -0.002453215156370443 - 0.001899192517078643 - -0.0045264063003206696 - -0.0014482417960415177
