Number: 2705
Error: 4.3067071683776225e-09
A1: [0.06331670618662588, -0.04799037616317297, -0.023561126591540197, 0.007738082386343786] - [0.04377174265691746, 0.19137680735761808, -0.14245124749987428, -0.09239128589147165] - [-0.12350571796335058, 0.41480210882150653, -0.10491622077780666, -0.18712916594544576] - [0.03676455733049775, 0.01892861548664391, -0.03336972970784289, -0.02328800813084562]
A2: [0.06291694411836415, -0.17420683084252545, 0.08580469868187635, 0.023442302245619863] - [0.029235388963808007, 0.2002448354292396, -0.1017644836164954, -0.12792645535505007] - [-0.09336840394752215, 0.5137232525441817, -0.22556521236429952, -0.19505752322351227] - [-0.025777711424773267, 0.018670216367037813, -0.050140410578242416, 0.057123023871852995]
B1: -0.000150556303868913 - 9.058422294216054e-05 - 6.304467430836658e-05 - 6.235905921596678e-05
B2: 3.065356443289808e-05 - -6.120108334595293e-05 - -2.689324416034164e-05 - -1.6380233345015344e-05
