Number: 5432
Error: 1.4518731643942821e-15
A1: [0.06621324923965077, -0.11395201366106404, -0.023983882775210484, 0.07172293559417223] - [0.03740270249576952, 0.18819345577607502, -0.14740885794070221, -0.07818692133152479] - [-0.06022948032946327, 0.3289506954333919, -0.12775321634910544, -0.1409684283008221] - [0.039046081024435034, -0.053322760208918484, -0.03741866596456494, 0.051695045459695964]
A2: [-0.009108226133751004, -0.346802814543135, 0.24945544280750467, 0.10645704648050251] - [0.08003991130153353, 0.0362823491184767, -0.050250018775017995, -0.06607186521675219] - [-0.04245285856471554, 0.23083184792753608, -0.04053128745352506, -0.14784788222320056] - [0.06813465011992209, -0.2934679938726277, 0.14177110118841604, 0.08356171620438448]
B1: 2.346559883770533e-08 - -3.4823028464368174e-08 - 4.062157033044321e-09 - -2.0762849914916e-08
B2: -5.927280798776954e-08 - -3.979543290701025e-08 - -3.569571829898935e-08 - 4.2044213244651174e-08
