Number: 3573
Error: 2.8882631627685705e-11
A1: [0.06620622959765061, -0.11395887656423179, -0.02399089713954179, 0.07171592770859257] - [0.03739893531946643, 0.18818985644707345, -0.14741256144183618, -0.07819062494558886] - [-0.06022995590822506, 0.32895023869977286, -0.1277536813360118, -0.14096889145257155] - [0.03905925600718944, -0.053310254955361555, -0.03740591964591656, 0.05170768820703037]
A2: [-0.009107844351981777, -0.34680240946334673, 0.24945582771938243, 0.10645744672534764] - [0.08004707355895298, 0.036290065001279195, -0.05024219083970662, -0.06606397084783261] - [-0.04242089698415529, 0.23086712280937288, -0.040497036435232114, -0.14781253361192004] - [0.06811584915972427, -0.29348869473695965, 0.14175071936658432, 0.08354063660374095]
B1: -2.593018480366072e-06 - 5.613213914961976e-07 - 9.578606412363877e-06 - -1.2855858234603793e-05
B2: 5.211741793601033e-06 - 6.65863024970519e-07 - -6.7467835692028055e-06 - 1.7405421799249878e-06
