Number: 2792
Error: 5.244985700920491e-09
A1: [0.06343887401418391, -0.0478679662399412, -0.023439494072307155, 0.007859268612661795] - [0.04372821048014659, 0.1913348809669638, -0.14249603452215778, -0.09243908531509308] - [-0.12318054983791178, 0.41512509788076274, -0.10459298987988892, -0.18680753262383687] - [0.03714723648680361, 0.019311420320323087, -0.03298869433479661, -0.022908562287590282]
A2: [0.06353466553866668, -0.17359304750204757, 0.08641762639661787, 0.024050666102771075] - [0.029481532278184595, 0.20048747073396156, -0.10151921135307297, -0.12768549070219232] - [-0.09327233120774223, 0.513816996092492, -0.22546823941654395, -0.19496487507269056] - [-0.0251652363368012, 0.01927880755218332, -0.049525323858362634, 0.05771871707888346]
B1: 0.00010772675900360398 - 2.5058698080036332e-05 - -9.769249351704758e-06 - -0.00020513739313656146
B2: 6.754145270466714e-06 - -7.007121821011987e-05 - -1.5903740381196984e-05 - -3.8085248679161165e-05
