Number: 9544
Error: 5.314710495484809e-14
A1: [0.05317262616225565, -0.14800119493523664, -0.02699897138499995, 0.12182789805330847] - [0.005312724812290042, 0.13083569819826227, -0.11360173864487988, -0.022550759789011735] - [-0.0144447920571052, 0.22309130522268067, -0.12704149483647725, -0.08160624859648748] - [0.027145312825171505, -0.10002118532151533, -0.049425658100350545, 0.1222969702046973]
A2: [0.08925721526984311, -0.07291062272852573, -0.12362472889802877, 0.10728917096483807] - [0.10884329768478575, 0.24981575027177239, -0.40484375173348386, 0.046191075353546704] - [0.03663755868173098, 0.4625567377055352, -0.3777158629310347, -0.1214716239055271] - [0.1434281343578245, -0.044604928508275785, -0.20149787445087491, 0.10268158887746814]
B1: 1.2001933148574888e-07 - -2.089567394350405e-07 - -2.3905089777188655e-08 - 2.2960722085667502e-07
B2: 5.311400896869758e-07 - -4.5743595758197246e-08 - 2.5266096405851223e-07 - 1.0457148226519465e-07
