Number: 3452
Error: 4.683375214561671e-09
A1: [0.06608548022660218, -0.11407703488716127, -0.024111720432199776, 0.07159530857746624] - [0.03704005036223428, 0.187846963352921, -0.14776525612879393, -0.0785434106069593] - [-0.060237098804338696, 0.32894336762337184, -0.12776065871127032, -0.14097603128961922] - [0.03852310766018847, -0.05381892054036333, -0.03792430028784008, 0.05119329731170426]
A2: [-0.009051045162946249, -0.34674203530856956, 0.24951317386174854, 0.10651734038880373] - [0.07990382333330295, 0.03613573554800517, -0.05039882428197176, -0.06622184867225465] - [-0.042225735563183646, 0.23108224759837248, -0.040287989260124335, -0.14759684647218693] - [0.06822088217315782, -0.2933731219890827, 0.14186480035871643, 0.08365853219739039]
B1: -1.4937963993052636e-05 - -0.00011532381543268685 - -0.00010522253250591083 - -1.2967341409249273e-07
B2: -0.00017157064684648256 - 0.00020898564517867466 - -4.127053798820358e-05 - -3.088373979982724e-05
