Number: 2021
Error: 4.123570077019423e-05
A1: [0.018922386515076627, 0.010450729927111, 0.027060454372924224, 0.04568247404234227] - [0.044185869271075075, 0.1679434446621864, -0.1705029500472518, -0.13511093073685893] - [-0.09804021776509132, 0.45807483131854737, -0.057776585096076506, -0.24222372903760706] - [0.0045950807090946915, 0.0436773169610932, -0.002363751151426911, 0.06889573353003811]
A2: [0.11732481701120738, -0.24026683999892978, 0.01098683834446812, 0.057557011412319004] - [0.045536464055772885, 0.21543241080073652, -0.10225317735716156, -0.10915514738597192] - [-0.12405090446014397, 0.5240366901791916, -0.26202224016172376, -0.25445293739879105] - [-0.06229909874242988, -0.0644430427900274, -0.032637747552666574, -0.007529110401216982]
B1: -0.00147902948290897 - 0.005601144994643883 - 0.00900196636545199 - 0.00014053358569163536
B2: -0.003304600694418531 - 0.010608802977231395 - -0.002199816204300582 - -0.0033410170783340744
