Number: 6934
Error: 1.0809013306437318e-15
A1: [0.08043165845242284, -0.18046783697973803, -0.019588883174132224, 0.1196249455090026] - [0.03741559667131844, 0.1335964028399035, -0.1347261695539675, -0.03628580842908175] - [-0.001702803020737154, 0.22819013249848005, -0.12282836667656753, -0.10365889423667995] - [0.03886323889965903, -0.1144810140944281, -0.04641643692808967, 0.12203423242069251]
A2: [0.03530740334648487, -0.029273515621616678, -0.07569738771151631, 0.06966336617854334] - [0.10289373048058342, 0.28289668090366665, -0.39260641577899724, 0.006815974861873185] - [-0.011187108752765526, 0.5390145818730839, -0.35945102378614424, -0.1683764737977815] - [0.09786278763573318, 0.017463304669839273, -0.16885102172074523, 0.05352486602636922]
B1: 3.276945707769836e-09 - -1.1965485903788513e-08 - 7.909676775925774e-09 - 3.3858870518349274e-11
B2: -2.3227760175679743e-08 - 6.100970820577504e-09 - 1.1912691871112345e-08 - 6.973410959896448e-10
