Number: 3148
Error: 1.141706056131863e-05
A1: [0.06700737467976192, -0.044341115894448786, -0.019782654182036962, 0.011703753792620352] - [0.04188075633981657, 0.18953772375718428, -0.14437760203766875, -0.09450495785074589] - [-0.11898209902502437, 0.4192747143555771, -0.10022400926854373, -0.18226805702110654] - [0.02943437649080423, 0.01139305289267386, -0.04091207964540351, -0.03031926320549919]
A2: [0.050189099129398396, -0.18688245733574738, 0.07286899784567599, 0.010204839458390198] - [0.033137575478149245, 0.2040502769996857, -0.09786071194700101, -0.12417224256426064] - [-0.0860720069441476, 0.5209433603125645, -0.21825264929474553, -0.18792249780403728] - [-0.012543949887725978, 0.03203128266720132, -0.03679989633722186, 0.07011029628044929]
B1: -0.0036181173679820065 - 0.0027823911996146026 - -0.0025038550581117256 - -0.0010607870932223718
B2: -0.000873432750194717 - -0.0040349559797303695 - -0.0028627378796966447 - -0.008387526380217959
