Number: 8287
Error: 1.0063939873674473e-15
A1: [0.08043170119945674, -0.18046779423757126, -0.019588840478270256, 0.11962498825111988] - [0.037415604703942826, 0.13359641086649376, -0.13472616153719533, -0.036285800400817976] - [-0.0017028120677789428, 0.2281901234516223, -0.12282837571036964, -0.10365890328131012] - [0.03886325099757884, -0.11448100203046702, -0.0464164248379015, 0.12203424451108189]
A2: [0.035307562976479745, -0.029273355550068398, -0.0756972359370889, 0.06966353324837196] - [0.1028937788049525, 0.28289672963817575, -0.39260636904024, 0.006816025464490104] - [-0.011187076419907084, 0.539014614398732, -0.35945099318234125, -0.16837643972758418] - [0.09786267197630714, 0.01746318848431388, -0.1688511318212669, 0.05352474462187955]
B1: -2.3793229832125317e-08 - 3.776650111884764e-08 - -3.924848728178226e-08 - -2.7890085666823307e-08
B2: -1.389793330712907e-08 - -1.6719515868484786e-08 - -5.759599437566069e-09 - -1.4884734523247936e-08
