Number: 3831
Error: 8.980099475127872e-16
A1: [0.06621315665554096, -0.11395210417635121, -0.023983975286706018, 0.07172284316541226] - [0.037402601691089526, 0.18819335946382854, -0.14740895703957754, -0.07818702043913262] - [-0.060229125764627835, 0.32895103597377573, -0.12775286939300326, -0.14096808321116092] - [0.0390460396641836, -0.053322799466605016, -0.03741870597938963, 0.05169500576988262]
A2: [-0.009108587561429992, -0.34680319796030734, 0.24945507845622003, 0.10645666754429783] - [0.08003975300798534, 0.03628217859098998, -0.050250191781165646, -0.0660720396915678] - [-0.0424528505243223, 0.23083185680121535, -0.04053127883699872, -0.1478478733310683] - [0.06813472438147132, -0.2934679121079952, 0.14177118169534608, 0.0835617994645141]
B1: 4.071327696500463e-11 - 3.041108408550353e-08 - 9.904694296685094e-09 - 8.848816081004973e-09
B2: -8.623615473851438e-09 - -5.099920144151416e-09 - 3.684188619694452e-08 - 2.697384014117164e-08
