Number: 7493
Error: 8.372580489136184e-16
A1: [0.08043172157469201, -0.18046777386462576, -0.019588820127348024, 0.11962500862405748] - [0.03741562622220855, 0.13359643236842614, -0.1347261400619578, -0.036285778894563005] - [-0.0017027844520640593, 0.22819015106675744, -0.12282834813508313, -0.10365887567295869] - [0.03886326557927513, -0.11448098748969338, -0.046416410265484216, 0.1220342590837203]
A2: [0.0353074291216104, -0.029273489775189832, -0.07569736320487085, 0.06966339315501455] - [0.1028937015700679, 0.2828966517477971, -0.3926064437408768, 0.006815944588369367] - [-0.01118707690988555, 0.5390146139058903, -0.35945099364614685, -0.16837644024384] - [0.09786276182097908, 0.017463278737669632, -0.16885104629474915, 0.053524838929314734]
B1: 8.139413880908116e-09 - 2.8520797231093656e-08 - 2.4242020903212848e-09 - 2.574517798742552e-08
B2: 1.5317302856339243e-08 - 1.0917643678046204e-08 - 2.0255122836261147e-08 - 1.4385516489489554e-08
