Number: 9232
Error: 6.991995025728959e-08
A1: [0.05381017948892972, -0.14736501857045653, -0.02636316061082531, 0.1224658848408321] - [0.006775876222590162, 0.13230087603141946, -0.11213790383555222, -0.021084471882764994] - [-0.013221201022695781, 0.2243152837261678, -0.12581870058445868, -0.08038146132434777] - [0.02774076247621299, -0.09942772142486116, -0.04883050242472126, 0.12289436104206088]
A2: [0.08913593286995626, -0.07302903259735516, -0.12374162243436942, 0.10716636732663276] - [0.1088635063516456, 0.24983499716177485, -0.4048245023126901, 0.0462119736387312] - [0.036198634159572154, 0.4621194037137147, -0.37814411998497305, -0.12191451395961715] - [0.14317404735391917, -0.044856415599691224, -0.20174454526657806, 0.1024235376750633]
B1: 0.00015283697022907484 - 0.000192474302124614 - 0.000147560464518285 - 0.0001132395810229625
B2: 0.0002854884082692986 - 0.0003383678518841522 - 0.000236915299042598 - 0.00020550033046947178
