Number: 4770
Error: 9.14361522421946e-16
A1: [0.06621327381928709, -0.11395198963083035, -0.02398385821492911, 0.07172296013248773] - [0.03740270326158271, 0.18819345650757194, -0.14740885718797894, -0.07818692057872612] - [-0.0602294454138648, 0.32895072896832744, -0.12775318218286766, -0.14096839431845515] - [0.03904613300734218, -0.05332271086876657, -0.03741861567297804, 0.051695095342972196]
A2: [-0.009108596809314104, -0.3468032077708328, 0.24945506913337864, 0.10645665784836934] - [0.08003986547095064, 0.03628229974585335, -0.050250068865464084, -0.06607191573219881] - [-0.04245277024095451, 0.23083194540687624, -0.040531192802058476, -0.14784778454071126] - [0.06813482772345351, -0.2934677983240643, 0.14177129372773073, 0.08356191532986669]
B1: 2.5293360227384598e-08 - 3.0137203262179086e-08 - 1.0030488372976487e-08 - 1.4439101261579997e-08
B2: 2.7264808112737013e-08 - 5.2268449411629474e-08 - -1.752453826279585e-08 - 1.9932568701062494e-09
