Number: 2230
Error: 0.0002959358582337497
A1: [0.09115456135885877, -0.01484476711746975, 0.009598344450409566, 0.04080288238184991] - [-0.009122065399534807, 0.12780578468899328, -0.21886056696445655, -0.17416207479139056] - [-0.14452697558307798, 0.3989490374224472, -0.1162652658546744, -0.20715715257336265] - [0.05097740058270364, 0.04676308052562108, 0.0013422420737671907, -0.003601408621169865]
A2: [0.27103142225732896, -0.006703106055896125, 0.27992819993797985, 0.22303391852722154] - [0.12247113975350513, 0.29004434675639096, -0.006790563839723973, -0.03886998740245392] - [-0.016729062919979, 0.6034014897152076, -0.13938176027921664, -0.12437584901080881] - [0.002704403662889626, 0.0682401526204229, -0.013182679296706981, 0.09610062468397107]
B1: 0.03913821004549622 - -0.010432461707395832 - 0.005499739688135515 - -0.022662591648845848
B2: -0.0024858097332158217 - -0.00888984406714283 - 0.011662224488172453 - 0.000522362993677361
