Number: 3397
Error: 3.4150734651639275e-08
A1: [0.06684676402161603, -0.11333257416009013, -0.02335149753435141, 0.07235607571600418] - [0.037224165353427915, 0.18802277800398162, -0.1475844240693354, -0.07836214033306489] - [-0.06527068235519438, 0.3241056695766513, -0.13269087339355995, -0.14588482983148526] - [0.03747910515375315, -0.054808487510920406, -0.03893423520015321, 0.05018808357279905]
A2: [-0.010242931612720815, -0.348005562880002, 0.2483194262757155, 0.10527095416905809] - [0.07976960369300097, 0.03599105966143059, -0.05054607336353884, -0.06637316076471766] - [-0.04302816735666013, 0.23019668684642688, -0.04114759317716647, -0.14848678807857743] - [0.06717234546224941, -0.2945257447775896, 0.14074012767978755, 0.08248891571793406]
B1: -0.00024737925043815377 - -0.00035426960466235945 - -0.00015857169419624458 - -7.490484425738481e-05
B2: -0.00012444620990838503 - -5.1863323245817e-06 - 0.00020866271259986757 - -0.0009609070655803798
