Number: 4872
Error: 7.718945902185005e-16
A1: [0.06621316871697795, -0.11395209238444531, -0.023983963234731988, 0.07172285520659477] - [0.03740259771740149, 0.18819335566725678, -0.14740896094599854, -0.07818702434592106] - [-0.06022932738890071, 0.32895084232490224, -0.12775306669052594, -0.1409682794472895] - [0.03904625107305542, -0.05332259880513324, -0.037418501448235435, 0.05169520864025063]
A2: [-0.009108571305370659, -0.3468031807151574, 0.2494550948437053, 0.10645668458790018] - [0.0800398927131735, 0.03628232909351834, -0.05025003909127124, -0.06607188570519462] - [-0.04245278204044327, 0.230831932384258, -0.040531205446816286, -0.1478477975905042] - [0.06813482630361183, -0.29346779988735905, 0.1417712921885105, 0.08356191373795853]
B1: -6.935159090054233e-10 - 4.784229613094016e-09 - -8.755446502433046e-09 - 2.2608184333227083e-09
B2: -3.332611724420304e-08 - -2.8235725669987957e-08 - -2.2566859128919216e-09 - 2.8195531812505938e-08
