Number: 4620
Error: 8.903029528278046e-16
A1: [0.06621319490257788, -0.11395206678403759, -0.023983937069711834, 0.07172288134822352] - [0.037402623700833464, 0.18819338049264853, -0.14740893540230607, -0.07818699879996625] - [-0.06022954916914199, 0.32895062931708535, -0.12775328371168287, -0.1409684953011935] - [0.039046144056481116, -0.0533227003813539, -0.037418604983324076, 0.05169510594585813]
A2: [-0.009108638138477822, -0.3468032516145698, 0.24945502746982748, 0.10645661451702422] - [0.08003987509223583, 0.036282310110732435, -0.050250058349971434, -0.06607190512740667] - [-0.04245278528654685, 0.23083192880167455, -0.0405312089254805, -0.14784780118050334] - [0.06813480859482975, -0.2934678193854591, 0.14177127299046136, 0.08356189388322864]
B1: 1.7362929788389933e-08 - 1.0453043490584033e-08 - 3.6547363051003876e-10 - 3.84326906968949e-09
B2: 2.6656300686642865e-08 - 3.034575380661625e-08 - -1.773359173125683e-08 - 2.1424944416040452e-08
