Number: 8949
Error: 0.00864898497921523
A1: [0.00681786227531762, -0.259138118545464, -0.09117739549852727, 0.05165140583604513] - [-0.038518762013505445, 0.062050885344085135, -0.18699508469345452, -0.08968254539840585] - [-0.017444707019926623, 0.20828133503222407, -0.14342678952691865, -0.12145630657454805] - [-0.0757445039707052, -0.24281329201348967, -0.16975873126334748, 0.0005914964512905088]
A2: [0.17492915870806935, 0.12295254552168172, 0.04491297645564971, 0.22744218824023715] - [0.1885728034314946, 0.36610830137632816, -0.3154623112012436, 0.11230079334637154] - [0.13068309739193976, 0.6588749005156461, -0.2190920262283957, -0.005537425451534812] - [0.23969145706383863, 0.14302977586473048, -0.028600406392612313, 0.2193859642559469]
B1: 0.0004270594067484895 - -0.0009643566110171878 - 0.009275882803494409 - 0.011083008642259175
B2: 0.1090306981354413 - 0.11639969826871095 - 0.09404596752595179 - 0.1350969472074469
