Number: 2592
Error: 1.5899894435887694e-08
A1: [0.06293129476742321, -0.04836861131071881, -0.023939892112547274, 0.007358187897922629] - [0.04381386972439231, 0.19141767492584466, -0.14240780527930355, -0.09234515204877088] - [-0.1232743575181971, 0.4150407153622615, -0.10467757550930547, -0.18689129436575452] - [0.03652820128042257, 0.018698474426143932, -0.033602843109203744, -0.02351983746424518]
A2: [0.0634514191602401, -0.17368061440407914, 0.08633984194695261, 0.02396891692697477] - [0.029338030100222103, 0.20034580082961356, -0.1016623212010424, -0.12782636640124462] - [-0.09381438253752186, 0.5132840077217212, -0.22601400594448215, -0.19549042333555725] - [-0.026828872566000632, 0.017626185203353007, -0.05119640212251357, 0.056096948236729456]
B1: -0.0002927998774038005 - 5.020155669424321e-05 - -2.1769353519986344e-05 - 7.853497696977148e-05
B2: -4.49170108018894e-05 - 0.00017732551616380916 - 6.450415632012715e-05 - 5.984840768479799e-05
