Number: 3970
Error: 1.1403562058099376e-15
A1: [0.06621320396730282, -0.11395205792185664, -0.02398392801206706, 0.07172289039777693] - [0.037402630537833964, 0.18819338702493502, -0.1474089286810136, -0.07818699207805921] - [-0.06022928212269078, 0.3289508858005274, -0.12775302239572445, -0.14096823539094486] - [0.03904614135516736, -0.05332270294539189, -0.037418607596783386, 0.0516951033536316]
A2: [-0.009108499884940132, -0.34680310494922184, 0.2494551668421195, 0.10645675946834735] - [0.08003978471642191, 0.03628221275007586, -0.05025015712562155, -0.0660720047417764] - [-0.0424527302776658, 0.23083198951295086, -0.040531149975875466, -0.14784774034273956] - [0.06813473735369745, -0.2934678978250037, 0.14177119575848396, 0.0835618140087732]
B1: 5.729983577484997e-09 - -2.5857472890266627e-08 - 1.971080771364276e-08 - -1.6240925384399333e-08
B2: 3.269022241183128e-09 - -1.524995871365379e-08 - -2.3843094606274123e-08 - 8.427402685960881e-09
