Number: 2159
Error: 0.00041047967666763273
A1: [-0.06995274872377505, -0.14354136450718016, -0.08946614413551524, -0.08080345883314816] - [0.0546989102785219, 0.18060486857480604, -0.16569809260451576, -0.10805498992138661] - [-0.17116492204833317, 0.3689553032277749, -0.12115567562796806, -0.27413840295804526] - [0.0486245015167636, 0.0597846102886984, 0.015164629676583198, 0.027933544003055526]
A2: [0.10107984331913505, -0.22601832117908263, 0.07664350487689506, 0.03386396235564056] - [0.04253316788121991, 0.21162472677186905, -0.08544904057129692, -0.11846975661313926] - [-0.1282148655334391, 0.5304337984771565, -0.2410329377729948, -0.20785888520279835] - [-0.17473894740863738, -0.09980048161867004, -0.1544839004575424, -0.0884975776947152]
B1: -0.04273592079747023 - -0.010531808871367525 - 0.0037916859948468338 - 0.015025640814459996
B2: -0.03372539880166091 - 0.022792730413133 - -0.022352232485729692 - 0.03078275092121936
