Number: 6348
Error: 9.995508296401935e-16
A1: [0.08043171243927134, -0.18046778299900307, -0.019588829251836644, 0.11962499948968566] - [0.03741563013662373, 0.133596436279882, -0.13472613615534215, -0.03628577498231229] - [-0.001702759908990848, 0.22819017560931, -0.12282832362794587, -0.10365885113643944] - [0.03886329267762414, -0.11448096046738644, -0.046416383184392805, 0.12203428616523472]
A2: [0.035307388504448936, -0.02927353050470857, -0.07569740182310845, 0.06966335064471331] - [0.1028938315652725, 0.28289678284627556, -0.39260631801122575, 0.006816080712341334] - [-0.01118700710899874, 0.5390146841231269, -0.35945092757815966, -0.16837636669213019] - [0.09786282124501466, 0.01746333843199912, -0.16885098972689244, 0.05352490130518297]
B1: -2.4893738651480486e-08 - 3.1792628244394263e-08 - 2.2638592890817884e-08 - 1.0933581984420242e-09
B2: -8.621123981392332e-09 - -1.0596222835398249e-08 - 2.6298734183561378e-08 - 1.1025464463685175e-08
