Number: 9659
Error: 1.0734627529565172e-14
A1: [0.053172864493511135, -0.14800095650846928, -0.026998733315340594, 0.12182813648724095] - [0.005313945480254422, 0.1308369201664024, -0.11360051814605196, -0.022549537394065105] - [-0.014444223329021665, 0.22309187416831353, -0.12704092655156252, -0.08160567966087255] - [0.027146759467671887, -0.10001973866833808, -0.04942420839777328, 0.12229842053639418]
A2: [0.08925355646463116, -0.0729142730542242, -0.12362830525089621, 0.10728546707653913] - [0.1088424372707628, 0.2498148897081165, -0.404844595093518, 0.046190200480851304] - [0.03663627223852432, 0.4625554579565045, -0.37771711804029595, -0.12147292367232967] - [0.14342501064056218, -0.044608040584867385, -0.20150092448616908, 0.10267841882765867]
B1: -1.608011460202659e-07 - -1.9373890437909757e-08 - -7.712701885717298e-09 - 3.8123637996160514e-08
B2: -1.678939904439637e-07 - -3.1690239731700314e-08 - -5.697015868710645e-08 - -8.425175648641375e-08
