Number: 3510
Error: 6.56080982102698e-11
A1: [0.06620780966694145, -0.11395733279215772, -0.023989319647304937, 0.07171750586008797] - [0.037424992746362594, 0.1882147509231623, -0.14738694371782549, -0.07816500631505909] - [-0.060274612462975455, 0.3289073554355053, -0.12779737660474122, -0.14101235619316962] - [0.03906268640658214, -0.05330700333157822, -0.037402602791965334, 0.05171098105726073]
A2: [-0.009132812027179422, -0.3468288978115264, 0.2494306636973502, 0.10643126820192114] - [0.08003635658413491, 0.036278520659787344, -0.050253905772582236, -0.06607578283192597] - [-0.042516081192222145, 0.23076206845672945, -0.04059903603213648, -0.14791780623492387] - [0.06812550700655647, -0.29347806266256143, 0.1417611948937974, 0.08355146467958176]
B1: 1.2660756823318727e-05 - -2.0002610573453927e-05 - -7.986692075148659e-06 - 1.4637960323287272e-05
B2: -7.110920058259418e-07 - -7.986968879880876e-06 - -3.188361702029132e-06 - -1.671198477989085e-05
