Number: 2590
Error: 6.45637528395199e-09
A1: [0.06329513064193491, -0.048006166786876504, -0.023579356262909315, 0.007719302991902062] - [0.04375870339795275, 0.19136441252594658, -0.14246465036383824, -0.09240588735204712] - [-0.1236115847924713, 0.4147046085294834, -0.10501617875313293, -0.1872286602063376] - [0.03717683780074585, 0.019348057460690928, -0.032955022539026935, -0.022875040789686205]
A2: [0.06321454471068166, -0.17391636163662702, 0.08610365202370025, 0.023734837265219234] - [0.02935126798841086, 0.20035883880792077, -0.1016491255993668, -0.1278134002062682] - [-0.09359719598110636, 0.5134972154166895, -0.2257964182897061, -0.19527997861674387] - [-0.026399197724164568, 0.0180536105318808, -0.05076651033144432, 0.056515483144906176]
B1: -0.00014433678375032577 - 0.00010747605848474741 - -1.4160934545342425e-05 - -2.517731634534355e-05
B2: -0.00020341756251070596 - 8.170040837020422e-05 - 9.237137601076414e-05 - -0.000233160065540031
