Number: 3176
Error: 0.00010034329686044742
A1: [0.013716791841675718, -0.09769946913094725, -0.07260569804585815, -0.041227382232264] - [0.03534449026515429, 0.18321242606422378, -0.15106258885070933, -0.10170323414076173] - [-0.16324606660829435, 0.37553320343768054, -0.14446195702811, -0.2262516308488428] - [-0.001536777601440404, -0.019393314181859474, -0.07164155541134581, -0.06063043557157473]
A2: [0.05933141248814962, -0.17825110592276802, 0.08267215250064548, 0.02023986123267164] - [0.025104605980951576, 0.19631411567676887, -0.10592145384197328, -0.13221489309787535] - [-0.10337910827532494, 0.5045538761127029, -0.23571396564812788, -0.2043672834448167] - [-0.05156973371427726, -0.005917612172085642, -0.0761961353069684, 0.032365543369247164]
B1: -0.009594066095274675 - -0.009542693900077922 - -0.001913250385213029 - 0.00631346508180014
B2: -0.0029015503023295955 - -0.007072838598609569 - -0.009502241987247936 - -0.018936980097701325
