Number: 3592
Error: 3.7887943922993404e-12
A1: [0.06621416928700134, -0.11395111425691011, -0.023982963619632622, 0.0717238540466966] - [0.03740048857189609, 0.18819134051934627, -0.14741103439691247, -0.07818909792447239] - [-0.06022669135349265, 0.32895337409496156, -0.12775048703757044, -0.14096571399589877] - [0.039054910264664955, -0.053314379854885054, -0.037410124026651094, 0.05170351800380715]
A2: [-0.00911609727308383, -0.3468111645133831, 0.249447507987761, 0.10644879400551073] - [0.08004614286201789, 0.03628906233640229, -0.050243208038586055, -0.06606499666074059] - [-0.042445352472034265, 0.2308401320856865, -0.04052324375714063, -0.1478395808593677] - [0.0681462853355023, -0.2934551830463839, 0.14178371500474812, 0.08357476160979063]
B1: 4.386318045239269e-06 - -1.325750712215408e-06 - 2.1208821404414667e-06 - -3.686023775908818e-06
B2: 1.9890957089843593e-06 - -1.907703076551398e-06 - -6.997555591674068e-07 - 6.911590033457958e-07
