Number: 1224
Error: 3.581346743653033e-08
A1: [-0.005867587389201086, -0.013658495233375778, 0.004369110880691381, 0.020808269745866855] - [0.06660939552390534, 0.1896756839138138, -0.14696008190913162, -0.1101038763543267] - [-0.11197703617463876, 0.44238443874347677, -0.07014989316870536, -0.2574429078523286] - [-0.023813911044222105, 0.014910023842200434, -0.030381993635080616, 0.03843864152807801]
A2: [0.13266648344600268, -0.22356477976140912, 0.023728164680191524, 0.07121669043467084] - [0.03322911946883407, 0.20432313030709945, -0.11430807991217574, -0.12088794552191788] - [-0.09257841743655705, 0.557553538417965, -0.23319622458879347, -0.22362676182661262] - [-0.0192628888270857, -0.0177356041191059, 0.009669877419601833, 0.03368781913779086]
B1: -2.0668515549962966e-05 - 0.00047292453916584733 - -7.975799219414068e-05 - -0.00028416195113787566
B2: -3.341873801747009e-05 - 0.00059655308736288 - -0.0003354746240316974 - -0.00044079295919104394
