Number: 2563
Error: 2.4327127106931075e-08
A1: [0.06365497402383237, -0.047647124594501204, -0.02322283549143085, 0.008075902847836953] - [0.04314194876781719, 0.19076879483180845, -0.14310036167905563, -0.09308507806975043] - [-0.12309743664449743, 0.4152164446683815, -0.10449992060386844, -0.18671416741528923] - [0.03705005771270034, 0.019221455097924767, -0.03308159735837092, -0.023001220955051097]
A2: [0.06397146720838827, -0.17316448103203796, 0.08685820377403158, 0.024482110617265497] - [0.0297364237323767, 0.2007381214291313, -0.10126502880924872, -0.12743638980633018] - [-0.0926831294441426, 0.5143937216498429, -0.22488137521264695, -0.19439459649410512] - [-0.02521353061163037, 0.01923214450385944, -0.049581711850194894, 0.057669852314168095]
B1: 8.051912841014093e-05 - 6.33731427704577e-05 - 9.329686369719074e-05 - 8.984479454926921e-05
B2: 0.00016457653554131254 - 0.000314399418195857 - 0.0001116399965587051 - 0.00016830233167976487
