Number: 3558
Error: 1.7514760395653e-11
A1: [0.06620833875893346, -0.11395681459471613, -0.023988789835929343, 0.07171803352356128] - [0.037404188689091004, 0.18819487561003287, -0.14740739704501088, -0.07818545984762831] - [-0.06023082155574338, 0.3289494074765656, -0.12775452790883726, -0.14096973441782926] - [0.039034176916200994, -0.05333405903231402, -0.03743018309680971, 0.051683622064190464]
A2: [-0.00910380991591144, -0.3467981294298628, 0.2494598950933659, 0.10646167655564037] - [0.08005673856274236, 0.036300477107639915, -0.050231627457994386, -0.06605331791423688] - [-0.042440591373461935, 0.23084538682553588, -0.04051814223878944, -0.14783431546058717] - [0.06810686371484964, -0.29349858814254454, 0.14174097881549383, 0.08353056313604129]
B1: 4.005499065144514e-07 - -1.0386547750094756e-05 - 4.43317225045991e-06 - 6.811102430812819e-06
B2: 8.647748537249007e-07 - 1.1379369683221349e-06 - 3.0043347729190516e-06 - 1.1863083306351853e-06
