Number: 6583
Error: 8.24722245505086e-16
A1: [0.08043167945506247, -0.18046781597947828, -0.019588862196607548, 0.1196249665092428] - [0.03741555681022329, 0.1335963630089774, -0.13472620933563928, -0.036285848268095736] - [-0.0017027697952610328, 0.22819016572325168, -0.12282833349973968, -0.10365886102007088] - [0.03886318516751223, -0.114481067675783, -0.04641649062599693, 0.12203417872194196]
A2: [0.0353074386610894, -0.029273480209337288, -0.07569735413484299, 0.06966340313910792] - [0.10289373749593449, 0.2828966879785554, -0.39260640899383936, 0.0068159822079661946] - [-0.011187101187460665, 0.5390145894835215, -0.3594510166254241, -0.16837646582594193] - [0.09786280979553078, 0.017463326930435664, -0.16885100062605535, 0.05352488928694708]
B1: -1.8313567820812002e-09 - -2.4514560228282904e-09 - -4.602763814153983e-10 - -2.0681344364499454e-09
B2: -2.1366394016436802e-09 - -2.0229052991988354e-08 - 4.429307779017695e-08 - -2.872541524716301e-08
