Number: 3073
Error: 1.8178067329840804e-06
A1: [0.06342458932751399, -0.04788474581346748, -0.02345657201353434, 0.007836028732799788] - [0.04276313822786638, 0.1904056194093351, -0.14348425825254474, -0.09349460711111912] - [-0.1240104142163195, 0.4143075035941252, -0.10541895594485705, -0.18762192200985545] - [0.03654241283167911, 0.018702249311359637, -0.033603423861912375, -0.023529210032610166]
A2: [0.06440919927573555, -0.17271413276194156, 0.08728789865339928, 0.024911226279616512] - [0.0312801117857748, 0.20226165928337586, -0.09972894102187557, -0.12592660861015376] - [-0.08927996006099849, 0.5177362845896845, -0.22146643692739257, -0.1910944383359884] - [-0.019712034299557465, 0.024695590618407575, -0.04407834531167965, 0.06303320629420368]
B1: -0.0008254512867401044 - 4.8955935248230146e-05 - -0.0013201893573469967 - -0.002195801252162846
B2: 1.079842340340675e-06 - -0.0006946247525333568 - 0.00012114313037342949 - 0.00025291760062125896
