Number: 4131
Error: 9.078856560136983e-16
A1: [0.06621318258384534, -0.11395207882746293, -0.023983949378742972, 0.07172286905020582] - [0.03740261529479595, 0.18819337246125156, -0.14740894366608037, -0.07818700706445778] - [-0.060229407123340316, 0.3289507657443299, -0.1277531447139708, -0.14096835705128194] - [0.03904609253880211, -0.05332274928003829, -0.037418654824985, 0.051695056508916044]
A2: [-0.00910845924592022, -0.34680306183759035, 0.24945520780992828, 0.10645680207613316] - [0.08003984266529113, 0.036282275177616743, -0.05025009379079938, -0.06607194086914878] - [-0.042452797864520574, 0.2308319149198554, -0.04053122240466706, -0.14784781509130726] - [0.06813482297798577, -0.29346780354889473, 0.14177128858349042, 0.08356191000947004]
B1: -2.4593544250152853e-08 - -1.5748140089146225e-09 - -1.7352963040820888e-08 - -7.277373570886466e-09
B2: 1.3065196520502607e-09 - 7.305025191891653e-10 - -2.2529214576928786e-08 - -2.76835466416603e-08
