Number: 2127
Error: 0.000836650359897605
A1: [0.1113801979429789, 0.06417182917532388, 0.03940142192786672, 0.14122236745122868] - [0.10512867080686836, 0.23358489620715242, -0.10420515969964718, -0.05517857453063805] - [0.13243262734649774, 0.6414371925743793, 0.10689315860789289, 0.07366569982184726] - [-0.15133340505683304, -0.11894858723133747, -0.11147463426787513, -0.1955941527445402]
A2: [0.04137124069341391, -0.30685961362578346, -0.04053381442231506, -0.04674757323593014] - [-0.00996914597536925, 0.15166990419354667, -0.14419644748666424, -0.17811297270620535] - [0.026555278202978528, 0.5725276385631111, -0.16968140537074095, -0.20398316016857665] - [-0.22215798223522537, -0.17541511751371275, -0.2359959787759672, -0.1427785688352072]
B1: 0.02406102130303845 - -0.02948528472549803 - 0.061948778984387075 - 0.02507034811277565
B2: 0.055489112187639834 - -0.00890487944006282 - -0.037080896366852606 - 0.0605199735867579
