Number: 460
Error: 6.664426067272576e-12
A1: [-0.012157556042894058, -0.014521445038358767, 0.018082683002561866, 0.008578649612562437] - [0.06583085863272845, 0.1894910506144667, -0.14532709547305123, -0.11001343387518202] - [-0.09630020001319992, 0.4217792029131804, -0.053465065652195526, -0.27204403625461643] - [-0.001330445208869973, -0.01822784722295773, -0.003844632187432179, 0.023366404801379047]
A2: [0.16158429279260153, -0.1677571556161677, 0.008498954923628866, -0.002335436351921204] - [0.03548676537327612, 0.20751774689022018, -0.11720938672820819, -0.12579101034894977] - [-0.08621228939605065, 0.5815393513538962, -0.23538750516594392, -0.2599343440558212] - [-0.003835619119167979, -0.004519930767314868, 0.0011096117789853542, 0.007242769192868756]
B1: 1.0918895950053585e-06 - -5.842400916337419e-07 - 5.75667114139707e-07 - 8.471077857634816e-07
B2: -1.1684427237421732e-06 - -5.2150232379251696e-06 - -9.967347455283563e-07 - 3.3584060099492165e-07
