Number: 1515
Error: 1.6814383610756585e-09
A1: [-0.007351257845069563, -0.015159151585836991, 0.0028265337174031824, 0.019286208228010186] - [0.0665062117513408, 0.18957599827974642, -0.14706646466567208, -0.110218952982323] - [-0.11262422188624968, 0.44174695343808285, -0.0708300119642361, -0.25814190908754675] - [-0.024141695950186802, 0.01458496792315225, -0.03072292953046273, 0.03809645228554151]
A2: [0.1318643430482341, -0.2243546515204835, 0.022939777235152736, 0.07043273834217043] - [0.03264225915844341, 0.20374522551128743, -0.11489224977832689, -0.121461475224177] - [-0.0945932912657887, 0.5555686650307929, -0.23517406618711487, -0.22560686033140775] - [-0.020745738633788306, -0.019195377212622062, 0.008198541564663913, 0.0322599598596787]
B1: 3.828939366905067e-05 - -9.108370294734371e-05 - 3.38746691719661e-05 - -5.964237725455034e-05
B2: 3.82457537008539e-06 - -0.0001568029621671908 - -4.540490024540759e-05 - 0.0001418422076303606
