Number: 8773
Error: 6.521039451232363e-08
A1: [0.08048830738446106, -0.18041117968562512, -0.019532300838895185, 0.11968159210481512] - [0.037276713067469165, 0.133457638732935, -0.13486476762091576, -0.03642461019306056] - [-0.001584624672339831, 0.22830832381150556, -0.12271036390934965, -0.10354074354557284] - [0.03893810440881601, -0.11440634754965841, -0.0463416159840128, 0.12210905475647389]
A2: [0.03519696631662563, -0.029384266498568675, -0.0758023900848358, 0.06954778564739927] - [0.10276098923841642, 0.2827628004980104, -0.3927347984110041, 0.006676979057546844] - [-0.011143035815478321, 0.5390589087713723, -0.3594093075256647, -0.16833002610978567] - [0.09776613740579622, 0.017366204611943766, -0.16894302563673347, 0.05342341927935683]
B1: 3.22788494875079e-05 - 7.936817421359196e-05 - 8.285568711177699e-06 - 4.5427020390518874e-05
B2: -0.00022478928017093797 - -0.00011506924830493215 - -0.0002831237517862689 - -0.00023579705880552563
