Number: 2308
Error: 0.00011008358882770763
A1: [0.08816605825163401, -0.02198202135238468, -0.0026080161304833996, 0.034243596039177315] - [0.0020748619410249055, 0.151011732808755, -0.18631505745699947, -0.1370481052797092] - [-0.09792733179786975, 0.44669829206489087, -0.07487529177916641, -0.1554823112877989] - [0.05863787315009941, 0.04697509489709579, -0.0047141184237539996, 0.003746951101272979]
A2: [0.1484577462182079, -0.0919552713529893, 0.17433728771682017, 0.10867487532495206] - [0.06785297644849393, 0.2366993704850471, -0.06351308015767586, -0.0907286090351096] - [-0.06542743881507543, 0.5369648126726733, -0.19919767689203108, -0.17208464893898567] - [0.027926959785091597, 0.07173694081262016, 0.004592607905976008, 0.11042686951742223]
B1: 0.010337157019366237 - 0.02090628391360468 - 0.026143610370577296 - -0.0057197362537484316
B2: 0.025067891859612244 - 0.0018047862116201468 - 0.013290960013043904 - 0.007572111987796065
