Number: 1990
Error: 4.3938376741905845e-05
A1: [-0.004581213287611215, -0.012210417632975342, 0.005076144939877949, 0.022264296026505346] - [0.0899746760624641, 0.21224240920184057, -0.12247938914771204, -0.08385403880812893] - [-0.10875639765834752, 0.4454766308795865, -0.06738670481471115, -0.2535160386922539] - [-0.0064118621011291736, 0.032267725857708776, -0.011826635422869587, 0.05818014614923298]
A2: [0.1380762483097443, -0.21934071852534773, 0.02856814078994218, 0.075869569591686] - [0.03828638891944244, 0.20878646048057933, -0.10946792743274568, -0.1164804210595882] - [-0.10088066726293003, 0.5473389253089579, -0.24213243692006345, -0.23405864804639787] - [-0.026092712785251323, -0.025489603008384345, 0.0024528294438787472, 0.02576498370604515]
B1: 0.002871495863806821 - -0.002860888289562208 - 0.010598283138490407 - 0.005119292617292765
B2: -0.003651473227351482 - 0.007046684592965006 - -0.008907557826634716 - -0.0028014173872263504
