Number: 3496
Error: 2.2967432738012704e-11
A1: [0.06622767474827095, -0.11393791191540364, -0.023969474498931956, 0.07173733831966116] - [0.03740873353476591, 0.18819921593451489, -0.14740292339358105, -0.0781809934063539] - [-0.060215674404303324, 0.3289639595327813, -0.12773970204554977, -0.14095499587835061] - [0.039017726059946224, -0.0533496787980134, -0.03744609337728621, 0.05166783867608813]
A2: [-0.00908667738083045, -0.3467799546605981, 0.2494771746712304, 0.10647964588859116] - [0.08000601415958085, 0.036245831475611896, -0.050287068877937366, -0.06610922509001331] - [-0.04242356682148574, 0.23086416301396018, -0.04049990037126572, -0.14781549631893584] - [0.06814451421304743, -0.29345713099746595, 0.1417818072803446, 0.08357278149999672]
B1: -1.351239414408346e-05 - 1.5614944518258432e-06 - 2.725352158748716e-05 - -2.7370677379830423e-05
B2: 1.8915693471183978e-05 - -2.1705134502172715e-05 - -2.397855968283579e-06 - -8.341697774617216e-06
