Number: 2923
Error: 4.4421054949666184e-08
A1: [0.06389666399353684, -0.047410237822656576, -0.022984707822522106, 0.008313941290510758] - [0.0438437440651611, 0.19144649891985516, -0.1423771192056178, -0.09231175873904726] - [-0.12359246686992056, 0.41471395613653583, -0.10500791921226785, -0.18722208503926885] - [0.037027101319761335, 0.01919063118824326, -0.033110280038951195, -0.023030171023863774]
A2: [0.06303051323653283, -0.17409675838393418, 0.08591158542408318, 0.023549006826342533] - [0.029248845959698743, 0.20025799406521383, -0.10175117450232259, -0.12791344762204687] - [-0.09385895140001797, 0.5132405224209386, -0.22605583916338834, -0.1955329176842944] - [-0.02540915729814496, 0.019034680974992273, -0.04976897739463803, 0.05748196509983563]
B1: 0.00010488383127367634 - 0.0001933841825563522 - 0.00016821951706203793 - -0.0001609499833768517
B2: 0.0002116758848017279 - -0.00042156391846383246 - -0.00015719667514072037 - -5.395412546288442e-05
