Number: 4972
Error: 5.815343225347661e-16
A1: [0.06621317450326247, -0.1139520867274608, -0.023983957452985528, 0.07172286098317526] - [0.03740262455836567, 0.18819338131198693, -0.1474089345592674, -0.07818699795685705] - [-0.060229418209265424, 0.3289507550968508, -0.1277531555620232, -0.14096836784079825] - [0.03904610825540538, -0.05332273436238825, -0.03741863961962519, 0.05169507159076291]
A2: [-0.009108497541996517, -0.3468031024638979, 0.2494551692038887, 0.10645676192465442] - [0.080039840585963, 0.03628227293762166, -0.05025009606329112, -0.06607194316097731] - [-0.04245279088937025, 0.2308319226180456, -0.04053121492966967, -0.14784780737707362] - [0.06813480150101145, -0.29346782719605874, 0.141771265300129, 0.08356188592971041]
B1: 4.5904870433536163e-08 - 6.399590006682007e-09 - -4.379927844719807e-09 - 5.844547312870283e-09
B2: 1.9918806874753767e-08 - 6.528492585381396e-09 - 1.0402371225112716e-08 - 2.8205502110054625e-08
