Number: 8616
Error: 1.5936174043753874e-15
A1: [0.08043173673715977, -0.18046775870384363, -0.01958880498301828, 0.11962502378481438] - [0.037415659716658896, 0.13359646583759655, -0.13472610663401757, -0.03628574541853676] - [-0.001702780679337527, 0.22819015483939914, -0.12282834436788549, -0.10365887190122908] - [0.03886329458635218, -0.11448095856393523, -0.04641638127686742, 0.12203428807283345]
A2: [0.03530733359994169, -0.029273585561021585, -0.07569745402592117, 0.0696632931814516] - [0.10289374209089314, 0.28289669261255107, -0.3926064045496135, 0.0068159870195356005] - [-0.01118711557563328, 0.5390145750095073, -0.3594510302441982, -0.16837648098720046] - [0.09786269774186242, 0.017463214367067013, -0.16885110729414576, 0.053524771667326075]
B1: -1.0761244806963358e-08 - 3.301238906810644e-09 - -2.1126193374752296e-08 - 1.2521233363392406e-08
B2: 1.624587838014119e-08 - -7.952911001768654e-09 - 6.31581995452265e-08 - 9.164599684280876e-09
