Number: 4392
Error: 9.368171179345545e-16
A1: [0.06621314186972917, -0.11395211863177898, -0.02398399006092724, 0.07172282840441549] - [0.03740264916399258, 0.18819340482096822, -0.14740891037005888, -0.07818697376550855] - [-0.060229399898104684, 0.328950772683723, -0.1277531376438273, -0.14096835001911834] - [0.03904599261346036, -0.05332284412537103, -0.03741875149938765, 0.051694960619490374]
A2: [-0.009108705110062596, -0.34680332266094815, 0.24945495995646036, 0.10645654430102061] - [0.08003988638147284, 0.03628232227247402, -0.05025004601149918, -0.0660718926841201] - [-0.04245276069868165, 0.23083195593835965, -0.04053118257626327, -0.14784777398724808] - [0.0681347228953054, -0.2934679137442389, 0.14177118008423842, 0.08356179779834289]
B1: 4.6637528796386014e-08 - 1.3197896350325255e-08 - 1.7034832580332004e-08 - -3.1588807914505925e-08
B2: -5.4344136192150725e-08 - 4.59056166030656e-08 - 4.851224230174903e-09 - 3.157016057300811e-08
