Number: 7810
Error: 8.99311866595326e-16
A1: [0.08043166275342271, -0.18046783267923242, -0.01958887887827158, 0.11962494980951378] - [0.03741560329113489, 0.13359640945470358, -0.13472616294732553, -0.03628580181292777] - [-0.001702856185654896, 0.22819007933469637, -0.12282841976363895, -0.10365894738740251] - [0.038863216476189955, -0.1144810364549777, -0.04641645933726696, 0.12203421001116053]
A2: [0.03530739719570198, -0.029273521789390224, -0.07569739355964959, 0.06966335974112707] - [0.10289381565983904, 0.28289676680585873, -0.3926063333946804, 0.006816064056944807] - [-0.011187064558355341, 0.5390146263310871, -0.35945098195511427, -0.16837642722864354] - [0.09786281611252222, 0.017463333276165335, -0.16885099461266567, 0.05352489591770987]
B1: 3.2937592340936885e-08 - -1.4785870488858351e-08 - -9.253792212155831e-10 - 1.2299804655283576e-08
B2: 1.993745460481452e-08 - -3.558047870939241e-08 - 2.6262280182246385e-08 - 1.3563166178013004e-08
