Number: 4302
Error: 1.057120183686379e-15
A1: [0.0662131092552989, -0.11395215051737387, -0.02398402264975192, 0.07172279584471943] - [0.037402550805150904, 0.1881933108457713, -0.14740900706434518, -0.07818707046833036] - [-0.06022924341980503, 0.32895092297252587, -0.12775298452337938, -0.1409681977222456] - [0.03904617879321438, -0.053322667410566134, -0.037418571376697025, 0.05169513927960215]
A2: [-0.009108443377464718, -0.3468030450036449, 0.24945522380674964, 0.1064568187133619] - [0.08003986267753803, 0.03628229673653703, -0.05025007191855943, -0.06607191881118236] - [-0.04245281236295621, 0.2308318989184647, -0.040531237941746456, -0.14784783112604327] - [0.06813472603505939, -0.29346791028726843, 0.14177118348803305, 0.08356180131852325]
B1: -4.220420825429264e-08 - 3.1960135372395305e-08 - 3.265864290967813e-08 - 9.47700593693264e-09
B2: 4.331379140148779e-08 - 1.1408468952672492e-08 - 6.330291851292317e-08 - -9.531831496495561e-08
