Number: 7294
Error: 1.0967329149087708e-15
A1: [0.08043166855222314, -0.18046782688108232, -0.019588873086407294, 0.11962495560764932] - [0.037415571151986, 0.1335963773398886, -0.13472619502244731, -0.03628583393427593] - [-0.0017028356982061736, 0.22819009982171162, -0.12282839930618675, -0.10365892690542372] - [0.038863213266259966, -0.114481039655892, -0.04641646254515669, 0.12203420680322373]
A2: [0.035307424196193454, -0.029273494714240005, -0.07569736788789569, 0.06966338800002986] - [0.10289378616141771, 0.2828967370570705, -0.3926063619252076, 0.006816033167835338] - [-0.011187042378445576, 0.5390146486432903, -0.35945096096137896, -0.16837640385687394] - [0.09786281475416855, 0.017463331911626197, -0.16885099590574967, 0.053524894491893765]
B1: -2.0589660042360712e-08 - 3.540017789853215e-09 - 5.097049811028097e-09 - -6.4984231308565415e-09
B2: -5.846082996936034e-09 - -6.245842653297384e-09 - -4.101161052644674e-09 - -5.204697273555859e-09
