Number: 9538
Error: 2.7126805391542904e-13
A1: [0.05317091127037949, -0.14800291045668815, -0.027000684383886864, 0.12182618234013569] - [0.0053146075313897, 0.13083758288780623, -0.11359985621519564, -0.022548874419399897] - [-0.01444343856998408, 0.22309265920300286, -0.12704014242350573, -0.0816048946292918] - [0.02714799608318806, -0.10001850206869499, -0.04942296918357726, 0.1222996602789152]
A2: [0.08925220870421699, -0.07291561771958201, -0.12362962266378168, 0.10728410266623492] - [0.1088413287754422, 0.2498137810159586, -0.4048456816441687, 0.046189073317696644] - [0.03663572620374366, 0.4625549147673661, -0.37771765078351943, -0.12147347538360313] - [0.14342712125383858, -0.044605937830259575, -0.20149886365105585, 0.10268056075394834]
B1: 2.880972900945633e-07 - 5.905084906095156e-08 - -2.978347579740756e-07 - -5.280991807048609e-07
B2: -1.440938309460484e-06 - -1.7945608010228655e-07 - -1.2717475402821767e-07 - -3.122538710304015e-07
