Number: 5252
Error: 1.4170643636778855e-15
A1: [0.06621315689955481, -0.1139521039377818, -0.02398397504289361, 0.07172284340898719] - [0.037402558500933776, 0.18819331819862203, -0.14740899949875236, -0.07818706290209564] - [-0.06022940246691152, 0.32895077021626584, -0.12775314015758946, -0.14096835251913653] - [0.0390461398673241, -0.05332270435740978, -0.037418609036092114, 0.05169510192593571]
A2: [-0.00910860876859927, -0.3468032204575924, 0.24945505707714785, 0.10645664530994768] - [0.08003994286850089, 0.036282383125076666, -0.05024998427442339, -0.06607183042293938] - [-0.04245288240605629, 0.23083182161484458, -0.040531313002447826, -0.14784790859070918] - [0.06813470321871958, -0.29346793540881944, 0.14177115875274546, 0.08356177573758092]
B1: -1.6437240765059733e-08 - -4.6784074334876224e-08 - 1.0907827878926388e-08 - 5.68577701796506e-09
B2: 2.6742467012231998e-08 - -1.6946775859762966e-08 - -5.70274249829337e-08 - 2.028838487910815e-08
