Number: 8753
Error: 1.2251135623693963e-09
A1: [0.08043944629562076, -0.18046004996927495, -0.019581104650369184, 0.11963273243930063] - [0.03739497563014112, 0.1335757975374938, -0.13474674928398495, -0.036306418011768565] - [-0.0016840089994600471, 0.22820892608056653, -0.12280960029284499, -0.10364010527804778] - [0.038876067223739166, -0.11446822175379054, -0.046403616820866536, 0.12204705273714347]
A2: [0.035259189919148615, -0.029321862124619034, -0.07574322868612367, 0.06961290563794291] - [0.10289277185691734, 0.28289571423902415, -0.3926073429245322, 0.0068149710270070645] - [-0.011175851053042094, 0.5390259066853036, -0.35944036809865176, -0.1683646112285629] - [0.09783298352485152, 0.01743336517934035, -0.1688793934687111, 0.053493581425224423]
B1: 1.1079842276472726e-05 - -1.3354118543938644e-06 - -7.845017266232593e-06 - 6.022244889609111e-06
B2: 3.609390888819681e-05 - 5.324722099256258e-05 - 2.8619752104669706e-05 - 2.966461199720988e-05
