Number: 2578
Error: 8.108184606490812e-09
A1: [0.06371563599845097, -0.047586780868173945, -0.02316266895037361, 0.00813638880637407] - [0.04386595480850262, 0.19146805744475942, -0.14235444098043548, -0.09228833672751766] - [-0.12319189660119033, 0.41512285660514314, -0.1045944766613188, -0.18680824132073634] - [0.03693887921304182, 0.019109695454653918, -0.033193119681606695, -0.0231123460598083]
A2: [0.06426106324906695, -0.1728751695611252, 0.08714738524569383, 0.024768130806157047] - [0.02906980032551659, 0.20008153934214326, -0.10192939780290128, -0.1280888530344516] - [-0.09315409197459959, 0.5139319873377481, -0.22535334482289843, -0.19485055709987967] - [-0.025710825001284736, 0.018738028401187944, -0.050079387568773504, 0.05718617937729805]
B1: 7.8044894687433e-05 - -0.00027246897399582225 - 0.0002747281507658676 - 0.0004022471242137492
B2: 0.00019441399449202014 - 0.00020955017717167137 - -0.0001349617171354205 - 0.00018187670553814416
