Number: 675
Error: 7.715066799273405e-15
A1: [-0.012153354679178616, -0.014517129880644962, 0.018087326678734604, 0.00858313918826761] - [0.06583583625814203, 0.18949583887777322, -0.14532194904719026, -0.11000789178247189] - [-0.09629263016394699, 0.4217865189027908, -0.05345685160182573, -0.2720352170929625] - [-0.001322222311276414, -0.018219939288273156, -0.0038358793416715152, 0.023375909003641813]
A2: [0.16158714215884332, -0.16775435985161566, 0.008501746744521891, -0.00233265873422252] - [0.03548563567500891, 0.20751663533413778, -0.11721051169904739, -0.1257921154921278] - [-0.08621341810668219, 0.58153824575644, -0.23538860347281057, -0.25993544474312175] - [-0.0038346130053754836, -0.004518941403145438, 0.001110607544701226, 0.007243731730207764]
B1: 2.626638030807526e-09 - 3.55216454218388e-07 - 1.485752387178455e-07 - 4.540237458720579e-08
B2: -2.834054654959142e-08 - -5.4646649214224264e-08 - 2.021695717181744e-07 - 3.1901920262310626e-07
