Number: 4521
Error: 1.1706620673809897e-15
A1: [0.06621310471260075, -0.11395215495857448, -0.023984027188897382, 0.07172279130961998] - [0.03740253026152121, 0.18819329121771186, -0.14740902726030733, -0.07818709066610342] - [-0.06022940620608884, 0.3289507666252992, -0.12775314381640215, -0.14096835615841433] - [0.03904597539874331, -0.05332286046497787, -0.03741876815408701, 0.05169494410000468]
A2: [-0.009108568250227754, -0.3468031774741272, 0.24945509792356627, 0.10645668779101758] - [0.08003982540377667, 0.03628225658204721, -0.05025011265661822, -0.06607195989515378] - [-0.04245271606858218, 0.2308320051948411, -0.040531134748856, -0.14784772462811183] - [0.0681348405256093, -0.2934677842282899, 0.14177130760659096, 0.08356192968350097]
B1: -5.396091804712114e-09 - -1.2222958663181287e-08 - -1.7839686589178806e-08 - -4.2435151571502124e-08
B2: 2.0714241671981118e-08 - 2.4141161639231326e-08 - -1.35457325409765e-07 - 3.598779735797916e-08
