Number: 9287
Error: 8.532144455399071e-10
A1: [0.05285787500855919, -0.14831605366384318, -0.02731333553229073, 0.12151300089852932] - [0.0051066562262758386, 0.13062945261401204, -0.1138077102958585, -0.02275705204593701] - [-0.014783402771090859, 0.22275257889247727, -0.12737981017460848, -0.08194498792710683] - [0.026757110310550468, -0.10040936225103407, -0.04981460334406286, 0.12190783533271585]
A2: [0.08924934097373026, -0.07291836947178196, -0.12363245877450547, 0.1072812431375928] - [0.10897687451378692, 0.24994942938404544, -0.40471285747976155, 0.04632693321541379] - [0.03682489384181442, 0.46274316607497584, -0.37753310532525414, -0.12128233429472414] - [0.1436072623461244, -0.044426443933968815, -0.2013229715369762, 0.1028633518854162]
B1: -8.755583523615022e-05 - -4.3699368934958704e-05 - 1.1156095518708614e-05 - 3.102730123182132e-05
B2: 1.958657425183314e-05 - -0.0001464246167198445 - 8.653203146500023e-05 - -5.840303094525277e-05
