Number: 5012
Error: 1.0860541080786092e-15
A1: [0.0662132278006978, -0.11395203462102432, -0.02398390419736919, 0.07172291419117167] - [0.03740267975026767, 0.18819343404412536, -0.14740888030138552, -0.07818694369417696] - [-0.060229228913358024, 0.32895093690532584, -0.12775297032810976, -0.1409681836031444] - [0.039046179817904286, -0.05332266643788416, -0.03741857038524523, 0.05169514026298694]
A2: [-0.009108592777689557, -0.3468032034938646, 0.24945507319767918, 0.10645666207539912] - [0.08003980834384462, 0.0362822382036536, -0.05025013130205424, -0.06607197869895796] - [-0.04245286087636914, 0.23083184537625062, -0.04053128993036964, -0.1478478847798472] - [0.06813474419958193, -0.29346789028726433, 0.14177120317998732, 0.08356182168442217]
B1: 2.3317617447576634e-08 - 1.345001934126175e-08 - 1.9881682058361728e-08 - 1.6214643742494773e-08
B2: 1.9199983157184603e-08 - 1.7612563056130448e-08 - 1.5054934224260586e-09 - -2.2453957551233268e-09
