Number: 2924
Error: 5.447934496326392e-08
A1: [0.06411327790571991, -0.047194475737629325, -0.02277005758664806, 0.00852882260756767] - [0.04380826423337394, 0.19141227544507255, -0.14241364383047428, -0.09235074461087872] - [-0.12353494128231035, 0.4147713161668416, -0.10495012057687547, -0.18716455762523854] - [0.03699606726852045, 0.019159584755994625, -0.03314125215829111, -0.02306102426852681]
A2: [0.06316077314511555, -0.1739671318704929, 0.08604147177109364, 0.023677677794731074] - [0.02928286915987573, 0.2002914922743741, -0.10171729076345308, -0.12788016397639315] - [-0.0937818863660753, 0.5133161637214474, -0.22597864674046236, -0.1954582819352839] - [-0.025517859814063848, 0.01892653887992775, -0.049877739011479745, 0.05737614229864115]
B1: -0.000125928675693954 - -2.1498725554508838e-05 - -9.808975419927561e-05 - -0.0003147246325845008
B2: 0.000306785512990774 - -0.00018361738120769184 - 2.164693004745149e-05 - 0.00014287918444224462
