Number: 3191
Error: 0.0013670344486116505
A1: [0.02876223593129959, -0.08697528995390871, -0.05938907061343758, -0.024677738116393552] - [0.07570951797133353, 0.22144311432644687, -0.11162144850924302, -0.06053674774316084] - [-0.2698574729455136, 0.2686686971474501, -0.25036033012343684, -0.3285997781773152] - [-0.2359614531905013, -0.2501633400885626, -0.29751261980064214, -0.2795871392797791]
A2: [0.02691960565311082, -0.20133832404097912, 0.05938595000268727, 0.005831050124765671] - [0.06318787995089448, 0.23470592760843387, -0.0683992214579722, -0.09719081393190392] - [-0.07046377589919536, 0.5389657312984715, -0.20648545758159567, -0.18408695484993765] - [0.07567265061209014, 0.1208456728479055, 0.0409703965464363, 0.12924570964071544]
B1: -0.004106630033335033 - -0.036880310622580445 - -0.01628963907396639 - -0.023904363060162744
B2: -0.014239033416504837 - 0.04368395771375255 - -0.030461538959455556 - -0.06564874513810864
