Number: 1261
Error: 2.0354072897567378e-08
A1: [-0.007663026948224647, -0.01547338952576827, 0.0025036288238729745, 0.01896616402603644] - [0.06700106087057997, 0.19005220824296526, -0.14655525434754843, -0.10966837311447458] - [-0.112764363934686, 0.4416109919390239, -0.07097446349312561, -0.2582942579774463] - [-0.02351222230292882, 0.015204407869882712, -0.030079450769899565, 0.03876016556540818]
A2: [0.1320741105806164, -0.22414859978594004, 0.023147238167782642, 0.07063808225205022] - [0.03299361523827354, 0.2040909418409183, -0.11454234067632034, -0.12111746628785348] - [-0.09390117765221177, 0.5562522685237485, -0.23449326237264453, -0.2249251887027886] - [-0.020316210961243773, -0.01877280720759767, 0.008626372297452342, 0.032673771428918925]
B1: -4.961589401307814e-05 - -0.00030549326474458183 - -5.14412278443494e-06 - -0.0001572468790315457
B2: -8.504102346281668e-05 - -0.0003872301040012332 - -0.00016638632006450087 - -0.00012824136187348703
