Number: 9577
Error: 3.572448598644108e-14
A1: [0.0531727954676187, -0.14800102556345768, -0.026998802266949912, 0.12182806743048254] - [0.005314485839147471, 0.13083746108655256, -0.11359997787213247, -0.02254899627021132] - [-0.014444055020388879, 0.22309204253683218, -0.12704075837693177, -0.08160551129135567] - [0.027146420964669862, -0.10002007717594567, -0.049424547617401435, 0.12229808116915475]
A2: [0.08925465970291281, -0.07291317236794805, -0.12362722687101854, 0.10728658391462359] - [0.10884348158445775, 0.2498159342048942, -0.40484357146999533, 0.04619126236119786] - [0.03663701722400746, 0.46255619906429013, -0.3777163911998701, -0.12147217096447106] - [0.14342530038844173, -0.044607751921649105, -0.20150064157556516, 0.10267871287344864]
B1: -1.412346436933749e-07 - -1.6423951807408017e-07 - 1.012571607626589e-07 - 3.8644143368006673e-07
B2: -6.239838459665765e-10 - -7.004359077700673e-08 - 2.2609730695238268e-07 - 3.384182134969048e-07
