Number: 7365
Error: 9.214639201900913e-16
A1: [0.08043165392207992, -0.18046784150957104, -0.019588887699060326, 0.1196249409791766] - [0.037415564259936245, 0.13359637045305447, -0.13472620190076473, -0.03628584082250758] - [-0.0017028638729317262, 0.22819007164758381, -0.12282842743966431, -0.10365895507263073] - [0.03886320794346915, -0.11448104496374734, -0.046416467864557984, 0.12203420148374057]
A2: [0.035307503758602005, -0.029273414931771734, -0.07569729224093351, 0.06966347127067989] - [0.10289374351646176, 0.28289669405018547, -0.39260640317085943, 0.0068159885123481815] - [-0.01118707707140752, 0.5390146137434013, -0.35945099379903345, -0.16837644041404518] - [0.09786277447604388, 0.01746329145029251, -0.1688510342479353, 0.053524852212995716]
B1: -1.4404872273950633e-08 - -9.471817176199395e-09 - -1.6650630989045372e-08 - 9.335966310394786e-09
B2: -7.889521746513563e-09 - -3.218219768209438e-09 - -1.8221306605238426e-08 - -4.180288310406841e-09
