Number: 3373
Error: 8.944272806698365e-08
A1: [0.0655052303904484, -0.11464496850346215, -0.02469398324478019, 0.07101517348902879] - [0.039125970183168705, 0.18983801769276637, -0.14571701345324747, -0.07649468878634923] - [-0.05499359484622862, 0.3339981113064637, -0.12261672374184704, -0.13586884138025715] - [0.036631266908784633, -0.05561780306603818, -0.03975726799649646, 0.04937255499868725]
A2: [-0.007821159957964554, -0.34543624279080554, 0.2508025544251796, 0.10780550431454261] - [0.0807367097857349, 0.037034101880295864, -0.04949064680663198, -0.0653076743789802] - [-0.04062870987691974, 0.23284573306442255, -0.03856567166150184, -0.1458385561459108] - [0.07048718871740124, -0.290873644262205, 0.14435229497295668, 0.08619925056271235]
B1: 0.0004185876058932999 - -0.00023765026049615444 - -0.00019602562547274625 - -0.00014634061871863458
B2: 0.00017664943827111446 - 3.205475593096289e-05 - -0.0003529022881505482 - -0.0001809481384373685
