Number: 2481
Error: 1.0860755152868071e-06
A1: [0.06612051119486113, -0.04522419388913995, -0.020800186279141004, 0.010498486180138256] - [0.04381864083449871, 0.19141461794192635, -0.14241777540075024, -0.09235079969365162] - [-0.11764458014604383, 0.42060475328364394, -0.09906466016567696, -0.18130737556317514] - [0.04115289097436457, 0.023303419872178658, -0.02900657633601707, -0.01895652383818726]
A2: [0.06292586162729716, -0.17419111046931612, 0.08579484800560794, 0.02345841143489802] - [0.030603926543445473, 0.20159298042088938, -0.1003991055055467, -0.12658567779519664] - [-0.09168597934888195, 0.5153987886976527, -0.22387005411204897, -0.19341467149939864] - [-0.024358492449139752, 0.020093134221443626, -0.04871150404178834, 0.05852035678158406]
B1: 0.00042082932975134364 - 0.0004486491100534062 - 0.0005438944874370154 - 0.00033609072115234703
B2: -0.00033152412913930107 - 0.0006892439402687136 - -0.001024250211955901 - -0.0006471497124345732
