Number: 8762
Error: 1.755626959138702e-09
A1: [0.08046248067206223, -0.18043701668426076, -0.01955809516181399, 0.11965576493475327] - [0.03750615267512565, 0.13368689243805562, -0.134635790621124, -0.0361953015582109] - [-0.001694507251132755, 0.2281984293134786, -0.12282008096480308, -0.10365060012575822] - [0.038891648696390044, -0.11445268206636461, -0.04638804184936952, 0.12206262548490227]
A2: [0.03517683024788485, -0.029404456813834554, -0.07582153295845044, 0.06952670980628388] - [0.10284553663694855, 0.2828480741357546, -0.392653026722453, 0.006765509884537377] - [-0.011330232044158107, 0.5388706012384241, -0.3595864921942918, -0.16852728622571014] - [0.0977491112715777, 0.01734910539941025, -0.16895923251511868, 0.05340554489285422]
B1: -3.85130268950116e-05 - -1.4148819693297085e-05 - -2.3684217180093366e-05 - -3.3382952192306204e-05
B2: 1.0045006996597322e-05 - -2.3120784236440865e-05 - 2.131569056017377e-05 - 1.9087829580533583e-05
