Number: 2752
Error: 5.994024476775238e-09
A1: [0.06380469773789044, -0.047503652553144565, -0.023077125883839596, 0.008222699797401627] - [0.04381526073042189, 0.19141880637282577, -0.1424064823808044, -0.09234347613150773] - [-0.122640498314956, 0.4156641451839275, -0.1040493352082079, -0.18626590842264146] - [0.03686676882668888, 0.019030700475536594, -0.033268420592255606, -0.023187218506294585]
A2: [0.06326562425979981, -0.17386011198476256, 0.08615108629653219, 0.02378596738839413] - [0.02938955211499034, 0.20039681600715736, -0.10161098442605263, -0.1277755344568908] - [-0.09316275916809923, 0.5139248040713519, -0.2253583535983637, -0.19485866292451803] - [-0.025776221264272505, 0.018671243317515344, -0.05013774570584838, 0.057124087971939325]
B1: -4.967033367270117e-05 - 3.469824512549511e-05 - -3.8285519703812175e-06 - 0.00010412165376867543
B2: 0.00013137266720109175 - 8.474895730298521e-05 - -0.0002422331419930534 - 2.7092666856207072e-05
