Number: 3060
Error: 3.3141759527111555e-07
A1: [0.06384438416414996, -0.047462790681967196, -0.023037294653640565, 0.008256063871369821] - [0.04324503031983706, 0.19086953073707313, -0.1429892458802961, -0.09296605647613351] - [-0.12209006439215335, 0.41622266461823787, -0.1034865379118401, -0.18569604525774644] - [0.038000059849876026, 0.020165158601825727, -0.03214344691799192, -0.02207544773054862]
A2: [0.06092706812513231, -0.17618627062687015, 0.0838139066343168, 0.021473422802001554] - [0.029882959269657058, 0.20088440368386704, -0.10112045183504115, -0.12729348038651928] - [-0.09597157483689014, 0.5111647735761851, -0.22817419360158034, -0.1975758537188546] - [-0.02926064556341205, 0.015195502310659617, -0.05363688716696814, 0.053735031047620195]
B1: 0.00016669327075699656 - 0.0003561036404699005 - 0.0003800186421450869 - 0.0004371541470890753
B2: -0.00023636430397864648 - 0.0010601812743413989 - -0.0003550807465693674 - -0.0005940997835117443
