Number: 9864
Error: 7.969490352476959e-16
A1: [0.05317258015244236, -0.14800124095257797, -0.026999017341614945, 0.12182785200871221] - [0.005313777072528534, 0.13083675158420888, -0.1136006865253743, -0.022549706039837872] - [-0.014444473807144668, 0.22309162360001603, -0.12704117682956417, -0.08160593022851277] - [0.027146439750781688, -0.10002005838312658, -0.04942452878741001, 0.12229810000712765]
A2: [0.08925443460672634, -0.07291339694168904, -0.12362744689308003, 0.10728635604714613] - [0.10884173982981367, 0.24981419214406173, -0.40484527872091813, 0.04618949130459315] - [0.03663588102844915, 0.4625550687814007, -0.3777174997253642, -0.12147331894058401] - [0.14342650255782546, -0.04460655422269262, -0.2014994677567916, 0.10267993288059732]
B1: 3.99055993202087e-08 - 5.738869517039195e-10 - -2.23273882734111e-08 - -1.9473617308351035e-08
B2: 1.3635403494296542e-08 - 1.0040956628109931e-08 - 4.1959900678241674e-10 - -9.905258748378626e-09
