Number: 8270
Error: 1.045250185719654e-15
A1: [0.08043169265399945, -0.18046780278206176, -0.019588849013509747, 0.11962497970663824] - [0.037415633944018936, 0.13359644008443944, -0.13472613235538036, -0.03628577117694081] - [-0.001702808605456496, 0.22819012691387006, -0.12282837225311682, -0.10365889981991326] - [0.03886324467378877, -0.11448100833651144, -0.04641643115766187, 0.12203423819122193]
A2: [0.03530748354109284, -0.029273435205152073, -0.07569731146340347, 0.06966345011079299] - [0.10289368628813703, 0.28289663633618145, -0.39260645852138243, 0.0068159285859981196] - [-0.011187044244805409, 0.5390146467657397, -0.3594509627278434, -0.16837640582362567] - [0.09786283319979788, 0.017463350441128435, -0.16885097834664367, 0.053524913853726486]
B1: -1.476219449760159e-08 - 5.361030733447413e-10 - -6.920026527077849e-09 - 1.779255251214528e-08
B2: -1.502986355652804e-08 - 2.621998665482599e-09 - 6.1011595068131475e-09 - -1.8606890510357773e-08
