Number: 8308
Error: 9.041184167859149e-16
A1: [0.08043163921773223, -0.18046785621227995, -0.019588902385887747, 0.11962492627646439] - [0.037415591359892954, 0.1335963975325472, -0.1347261748546547, -0.03628581373746802] - [-0.0017028323252253816, 0.22819010319460992, -0.12282839593815548, -0.10365892353334712] - [0.03886317467687165, -0.11448107813699741, -0.04641650110998172, 0.12203416823779585]
A2: [0.035307449172951824, -0.029273469668343315, -0.0756973441402654, 0.06966341414088159] - [0.1028937467367199, 0.2828966972977881, -0.39260640005624525, 0.006815991884413066] - [-0.01118709184173468, 0.5390145988849226, -0.35945100777946914, -0.16837645597806647] - [0.09786277925719943, 0.01746329625316254, -0.16885102969660354, 0.05352485723166339]
B1: 6.453090674928679e-09 - 3.903671586372018e-08 - -5.792029442671378e-10 - 1.7890839104781588e-09
B2: 6.036483872950704e-09 - 4.667466462015043e-08 - -4.113190824502889e-10 - 1.110134986098632e-08
