Number: 1455
Error: 3.3646719714105547e-09
A1: [-0.00733181937335412, -0.0151394208890751, 0.002847119488532105, 0.019306547702927307] - [0.06680228307022136, 0.1898608985867599, -0.14676038701961105, -0.10988956357933453] - [-0.11268817059294807, 0.4416844322436418, -0.07089663895600312, -0.2582112002724394] - [-0.024011168871861558, 0.014713409381035235, -0.030589939525913854, 0.03823391596405757]
A2: [0.13162288580631729, -0.22459227724857206, 0.022702737810796174, 0.07019646624481589] - [0.03264197270048759, 0.2037450320186486, -0.11489254442475033, -0.12146164484705518] - [-0.09478145235307163, 0.5553837537170258, -0.2353583872711843, -0.22579103779596604] - [-0.021063902149228344, -0.019509032486216323, 0.007883492325309407, 0.03195432810741883]
B1: 3.7209526421636184e-05 - 1.2377819405802356e-05 - -2.876408168714676e-05 - -2.065198007985457e-05
B2: 6.111262731901423e-05 - -1.703779013825387e-05 - -5.251492540899763e-06 - 9.107681466218288e-05
