Number: 5619
Error: 5.411474088485769e-08
A1: [0.06652451785851463, -0.11364778175143207, -0.023673802044234738, 0.07203227935481477] - [0.03755643620587176, 0.18834013630719143, -0.14725837536412456, -0.078037279061421] - [-0.05965794945326939, 0.3294987475135199, -0.12719544438486993, -0.14041327026571027] - [0.039433063170420314, -0.05295585965262605, -0.037044944810313465, 0.05206593769195184]
A2: [-0.010430076498604087, -0.3482052805128505, 0.2481229109270436, 0.10507151478934615] - [0.08020175172720685, 0.03645671963981092, -0.0500730977866929, -0.06589336090772094] - [-0.04231641635006432, 0.2309822315375508, -0.04038569566674383, -0.14769763453434478] - [0.06811554479596338, -0.29348906015116843, 0.14174878453393727, 0.08353882967177051]
B1: -0.00017399782694869621 - -0.00012195057215233663 - 0.00032511604604550814 - 0.000435569227760612
B2: 4.273318032333386e-05 - -0.00041427715392049425 - -1.0637724943590292e-05 - 2.7800288221792622e-05
