Number: 273
Error: 2.4958498485154225e-08
A1: [-0.013731406802221699, -0.016137884845534568, 0.016343431030860424, 0.006897131304825296] - [0.06467717876536647, 0.1883812677792252, -0.14651984495297368, -0.11129784827633855] - [-0.09817315078837616, 0.41996983514559433, -0.05549606898172301, -0.27422555773711077] - [-0.001710541084154345, -0.01859285707457926, -0.004248500311046141, 0.022927360359282504]
A2: [0.16124695534161093, -0.1680880243134779, 0.008168699998668755, -0.0026642042696012782] - [0.03567340081775352, 0.20770140465063122, -0.11702359213255527, -0.12560847042481044] - [-0.08601821742599522, 0.5817295819260707, -0.2351990818378826, -0.2597451600982161] - [-0.0038761219431145376, -0.004559621001925337, 0.0010697259882388045, 0.007204169533811636]
B1: 4.209045471975111e-05 - 0.00029271450686086823 - -0.00021860748853889294 - -4.7222200479955624e-05
B2: 0.0006168329426246475 - -0.0002671258696377094 - -0.0005557256839759178 - -1.5192056486489646e-05
