Number: 7846
Error: 1.0950525793540289e-15
A1: [0.08043164251917237, -0.1804678529111944, -0.019588899088329597, 0.11962492957757309] - [0.03741560503785377, 0.13359641120010105, -0.13472616120409106, -0.03628580006717853] - [-0.0017028375525429441, 0.2281900979674082, -0.12282840115780883, -0.10365892875926376] - [0.03886318016747051, -0.11448107266180534, -0.04641649562285305, 0.12203417372500538]
A2: [0.03530733173491347, -0.029273587431226593, -0.0756974557990137, 0.06966329122939524] - [0.10289373253937666, 0.2828966829799544, -0.3926064137877504, 0.006815977017744858] - [-0.01118703358391071, 0.5390146574902784, -0.35945095263708987, -0.16837639458983245] - [0.09786279587116954, 0.01746331294274558, -0.16885101388114546, 0.053524874670903944]
B1: -9.221626778847911e-09 - -9.355286867219275e-09 - 1.8723602188390297e-08 - 3.765944894041943e-09
B2: -1.876418094287831e-08 - 4.243761110765069e-08 - -5.260920816258056e-09 - -1.972677521596973e-08
