Number: 3643
Error: 1.0715387112655985e-13
A1: [0.06621138132788618, -0.1139538398226207, -0.023985749219493955, 0.07172107081654351] - [0.037403446941119786, 0.18819416704138595, -0.14740812609333398, -0.07818618942010137] - [-0.06023053101308063, 0.32894968631835186, -0.12775424447904948, -0.1409694509064535] - [0.03904759194322059, -0.053321326109008166, -0.037417204207056944, 0.051696495352334566]
A2: [-0.009109954895609533, -0.34680464850542264, 0.2494537000515355, 0.10645523394612148] - [0.08004024442116292, 0.036282707984809544, -0.05024965469346219, -0.06607149803734377] - [-0.04245254046408979, 0.2308321989939306, -0.04053094656889239, -0.14784753041570362] - [0.06813441622104464, -0.2934682514186686, 0.14177084761315772, 0.0835614539436325]
B1: -4.881913245116309e-07 - -1.8314124138089477e-07 - -6.187862747773251e-07 - -6.909315426369383e-07
B2: -5.263831640838122e-08 - 2.605070170409218e-07 - -3.372850055145679e-07 - -1.3014570336860654e-06
