Number: 989
Error: 0.001158211394688621
A1: [-0.0854419897084655, -0.08905156492045332, -0.06462772004081277, -0.06764485618115626] - [0.03798172888289399, 0.1626669814643536, -0.17421871154630808, -0.14079463553103655] - [-0.12722033716712358, 0.3931442812483969, -0.09024421549082676, -0.305194491067732] - [-0.10880032991873131, -0.12025283921722975, -0.12069046183003208, -0.09547034171330467]
A2: [0.1712925532791525, -0.16164290285117425, 0.020679627514040295, 0.008854168012188305] - [0.040989396499442256, 0.21228715411718518, -0.11126877835204857, -0.12020120987318994] - [-0.06981882388507059, 0.5938413209973428, -0.216662680441629, -0.24218595600350398] - [0.013745807015751826, 0.011339415557868496, 0.020144288100334785, 0.025290887064470434]
B1: -0.005284886924500827 - -0.0055971794162639876 - -0.01035309349306419 - -0.007687729989154701
B2: 0.03547990016440726 - 0.01681955727345848 - 0.011782634324515508 - 0.033541384764766036
