Number: 2388
Error: 8.701647516247178e-06
A1: [0.0692603475177292, -0.04313190339244885, -0.01885614764216593, 0.013218625308655188] - [0.03765354190415632, 0.18528685301956377, -0.14913177686114254, -0.09903375791430877] - [-0.10844422179432536, 0.4304396314572526, -0.08927486104174792, -0.17200428761854464] - [0.05467112278443868, 0.03748012954770369, -0.014783394500552133, -0.005305277621432949]
A2: [0.055606644549906166, -0.1814010647612292, 0.07880377101679481, 0.016201030075184766] - [0.039151747414475906, 0.21002103515124076, -0.09189757032417417, -0.11824896698093612] - [-0.09594471624515624, 0.5119721410254087, -0.22735522995710117, -0.19684616273659258] - [-0.027317744502204463, 0.017156040475997666, -0.051151969795322653, 0.05565884399289762]
B1: -0.00466542158508714 - 0.005710008104065177 - 0.0024409732466302196 - -0.001022056084843243
B2: -0.002848085184490172 - 0.0023931579268701283 - -0.002375681433030779 - -0.00017226002286140134
