Number: 9294
Error: 1.5183237055748132e-09
A1: [0.05288867357299835, -0.14828524420117975, -0.027282574594872207, 0.12154381381436724] - [0.0051719779165346905, 0.1306948330259621, -0.1137424028095915, -0.022691657855420832] - [-0.01480496518102311, 0.22273100635946538, -0.12740135900132904, -0.08196655244201344] - [0.026880547806034667, -0.10028593091406285, -0.049690921133967496, 0.1220315649207126]
A2: [0.08915273333910681, -0.07301478426148515, -0.12372688191096984, 0.10718342907251194] - [0.10887876288612071, 0.24985128083787506, -0.4048090137507339, 0.04622715738515681] - [0.03680428691941034, 0.46272264064518814, -0.3775532054201479, -0.12130316319481792] - [0.14352344359037683, -0.04450997041010868, -0.20140481353715295, 0.10277829422263164]
B1: -0.00010332908445583119 - -7.097208105669457e-05 - 1.799230034191618e-05 - 2.7425605636657994e-05
B2: -1.631505730465473e-05 - -0.0001306336402064202 - 4.5230532660736915e-05 - -6.079192955645909e-05
