Number: 9593
Error: 1.7422433821115005e-14
A1: [0.05317285448287608, -0.14800096652562067, -0.026998743316190083, 0.12182812647128909] - [0.005313653510939467, 0.13083662788893677, -0.11360081007203758, -0.022549829774502785] - [-0.014444517257367062, 0.2230915801318649, -0.12704122024698944, -0.0816059736933797] - [0.027146624007014692, -0.10001987413300298, -0.049424344145857085, 0.12229828472784725]
A2: [0.08925566301741349, -0.07291217137128861, -0.12362624615859963, 0.10728759960461422] - [0.10884115793345328, 0.24981361014379005, -0.4048458490936032, 0.04618889961711128] - [0.03663638271555283, 0.46255556785835716, -0.37771701025491405, -0.1214728120503623] - [0.14342658917881787, -0.04460646792828546, -0.20149938318243288, 0.10268002078603403]
B1: -1.46523989239767e-07 - -9.137646675324518e-08 - -2.8882286043302427e-07 - 9.523064328549094e-08
B2: 4.362169188284241e-09 - -4.907436398748145e-08 - -2.5866618435578454e-07 - -2.6534825295885706e-07
