Number: 1624
Error: 2.2831950355746284e-07
A1: [-0.006488197705649158, -0.014288761231424533, 0.0037252343097874375, 0.020163687762435576] - [0.06696475887617812, 0.190017463498937, -0.14659339773192206, -0.1097079516647353] - [-0.11434473890698084, 0.4400574093746017, -0.07261987963374764, -0.26000747021432635] - [-0.022102271912835737, 0.01658594130414582, -0.02864127707160956, 0.040243106372545655]
A2: [0.13173681804719306, -0.22448317210651847, 0.02281025286785359, 0.07030437781224524] - [0.03239689872629305, 0.20350422266998897, -0.11513598922026275, -0.12170100877353215] - [-0.09458829549289416, 0.5555762425590658, -0.23516983559188262, -0.22560241600670827] - [-0.020069871216245556, -0.018540267543245104, 0.00886100621672742, 0.03290335055314299]
B1: 0.00011165938458341227 - 0.0003669489476713938 - 0.00031599673406745485 - 0.00020354461747532478
B2: 0.00015641045701799197 - -0.0010165884898581676 - 0.00047733516995457 - -0.00025531121719324324
