Number: 9120
Error: 1.0203993072639985e-05
A1: [0.06411669575750602, -0.13743333976678107, -0.01603534917198763, 0.13230957268763072] - [0.015158637506992551, 0.14086000196540693, -0.10362178162055902, -0.012395013463966204] - [-0.0013568526358250185, 0.236632757492166, -0.11360829848979596, -0.06776311076284192] - [0.03880458925780857, -0.08832559684222557, -0.037411626116063953, 0.1341040327730671]
A2: [0.09902699649422114, -0.06265519658645848, -0.11315857986021334, 0.11759638285806391] - [0.10247766493306985, 0.24341350211783006, -0.411086406621614, 0.0396653092643125] - [0.030530887795464045, 0.4567363392933941, -0.3832819040128942, -0.12766723581688594] - [0.13091595894365404, -0.05722205609089787, -0.2140881554427952, 0.08976987636968829]
B1: 0.0038959508247019613 - 4.577936684594632e-05 - 0.0002975496115221138 - -0.002374161312985075
B2: 0.002419903685891675 - 0.0013481585420208374 - 0.0025641583704130635 - 0.002049867448121096
