Number: 4365
Error: 9.446540515651777e-16
A1: [0.06621303981528422, -0.11395221840565205, -0.023984092035283164, 0.07172272652123354] - [0.03740265891203506, 0.18819341413456206, -0.14740890078698698, -0.07818696418158519] - [-0.06022946978803969, 0.32895070555828115, -0.1277532060339955, -0.14096841804146806] - [0.03904619210174493, -0.05332265477857126, -0.03741855850111128, 0.05169515205067957]
A2: [-0.009108426776957867, -0.3468030273931337, 0.24945524054157844, 0.10645683611800133] - [0.08003985380846872, 0.03628228718201952, -0.05025008161193672, -0.06607192858684953] - [-0.04245270735502983, 0.23083201481169724, -0.040531125411125364, -0.14784771499121677] - [0.06813465921179564, -0.2934679838625328, 0.14177111104520554, 0.08356172639739728]
B1: -5.896317227132826e-08 - 1.8710437370731148e-08 - 2.48108109388453e-08 - -5.066210193188095e-08
B2: 2.7417832731117108e-08 - 4.233766846069951e-08 - -1.0823070899747023e-08 - -1.263021132318436e-07
