Number: 3277
Error: 0.0001013484839541467
A1: [0.08085711258787197, -0.09992586708330213, -0.011852290549054822, 0.08441288811664281] - [-0.017928685786475326, 0.13192955683009386, -0.20070814109707869, -0.13174697975349842] - [-0.06335092420944373, 0.32702897440379897, -0.12890058316061567, -0.14237792997864462] - [0.07666597368285086, -0.015379841387208068, -0.0015313498874533567, 0.0876406933046741]
A2: [0.058248042104546316, -0.2814308520233602, 0.31744768226391484, 0.1764781257095662] - [0.07171744841460541, 0.03004865246704231, -0.06077836994438843, -0.07693580861677307] - [0.01587851818294716, 0.28629108274397047, 0.015311183474416686, -0.08803560075848633] - [0.10936643050974275, -0.25516615825429145, 0.1805133982337144, 0.12560614368350248]
B1: 0.02700036325974126 - -0.006838245170387876 - -0.007910318280392493 - -0.010147480096714087
B2: -0.003861370298053032 - 0.013199857484656059 - 0.009413580627172083 - -0.0040708018235154865
