Number: 6509
Error: 9.693635303203866e-16
A1: [0.08043168553109227, -0.18046780990413652, -0.01958885612784289, 0.11962497258457863] - [0.03741558255989051, 0.13359638873915577, -0.1347261836372788, -0.03628582253269228] - [-0.0017028118527267332, 0.22819012366668276, -0.12282837549562664, -0.10365890306631233] - [0.03886322171167232, -0.11448103123417985, -0.04641645410512318, 0.12203421524338935]
A2: [0.03530743994500739, -0.029273478921868247, -0.07569735291411066, 0.06966340448286783] - [0.10289373387006415, 0.2828966843219119, -0.3926064125007334, 0.006815978411149372] - [-0.011187098918228148, 0.539014591766289, -0.35945101447754735, -0.16837646343477097] - [0.09786280193938818, 0.017463319038558026, -0.1688510081045926, 0.053524881040552565]
B1: -1.1903057804295675e-09 - 6.757621445980584e-10 - -6.209179649123214e-10 - 9.191531208905947e-10
B2: 5.684390824937113e-10 - -3.374033520618818e-09 - 8.497133162350907e-09 - -5.937118130429642e-09
