Number: 5767
Error: 0.0002532938120228431
A1: [0.06799167995202145, -0.1989953947740703, -0.03616981378620419, 0.10424386607135057] - [-0.0065488194755368165, 0.07692619454907432, -0.18742994587118142, -0.08641265305761546] - [0.0174347091942413, 0.2533854760795005, -0.10150174136249629, -0.08296633099366443] - [0.12407528254700072, -0.02176877453661729, 0.04403949354580309, 0.2106453821620665]
A2: [0.0903235976082127, 0.022964631924359442, -0.015286580511980197, 0.135253725295578] - [0.0749981798897472, 0.2572017569852341, -0.42512031399903233, -0.02954394838376627] - [-0.007723248501582007, 0.5441372109439987, -0.355104628294068, -0.16860722401192807] - [0.11203947310791923, 0.032077442832637144, -0.15254594444705644, 0.06764702898231752]
B1: -0.004913338586010664 - -0.0008357451337405297 - -0.011618497540178099 - -0.009383117047206667
B2: -0.02586631420391606 - -0.0454538774906596 - 0.020549999760334912 - 0.01848761072786082
