Number: 9039
Error: 0.00015145245121371922
A1: [0.12209834988684448, -0.10331701210093189, 0.038869522995129746, 0.18385555707154666] - [0.02402846981798654, 0.14299361846933653, -0.09814394740632523, -0.00706868918358544] - [0.005533474096876427, 0.2514157247112504, -0.09141102811519482, -0.05469462446504748] - [0.04685400549613505, -0.08393189908863154, -0.026125223649567174, 0.14139887209079993]
A2: [0.046149984605739394, -0.10318781480826587, -0.14627262552135945, 0.07873815070803789] - [0.2178269306955932, 0.3390712468753842, -0.31653804227303706, 0.13801792200141966] - [0.042414956133343736, 0.4754867341934698, -0.37882790320185816, -0.1132898398025339] - [0.14387288296964118, -0.04027653437363099, -0.20110516873224638, 0.10695314689627194]
B1: -0.012414083846568554 - 0.014079310921937113 - 0.011561154843895244 - -0.0069039610161073135
B2: 0.005137709408852946 - -0.005665720513099758 - -0.015771713118972148 - -0.007977248477998916
