Number: 2104
Error: 0.0014174263451310954
A1: [-0.014947420081686504, -0.052153888317171875, -0.07897835448193616, -0.019537298260177652] - [0.05186289185881497, 0.18339756858902925, -0.15281135976827964, -0.12024745511043251] - [-0.1993559143842257, 0.34063558364417773, -0.1916238860500138, -0.26719041373949765] - [0.17700729749397273, 0.17521965395582903, 0.10567435462712571, 0.16406127445747276]
A2: [0.13666834476929615, -0.22011496466043187, 0.040700433349180234, 0.01769945137298784] - [0.11580030943199655, 0.2739808088959457, -0.038651969499751984, -0.05098885664557843] - [0.10488305836287953, 0.6557732083851145, -0.07272786542418005, -0.09886257788835377] - [-0.11504076608241855, -0.13237539652617009, -0.19394056740934096, -0.07016824773589991]
B1: 0.018541285324405507 - 0.038183070957603385 - 0.05959755734683825 - 0.020960477950965554
B2: -0.004861001231338171 - -0.05007962931813619 - 0.06101597190384578 - 0.012870115812000142
