Number: 9297
Error: 1.4795166314326948e-09
A1: [0.05296020824992444, -0.14821368640173016, -0.027211124322039055, 0.12161538059505006] - [0.005237523582285214, 0.1307604386685393, -0.11367688193027334, -0.02262603748096687] - [-0.014751769751730199, 0.22278421976195245, -0.12734820613711498, -0.08191333360078645] - [0.0269902957020479, -0.10017618999683739, -0.049580955441232796, 0.1221415790478543]
A2: [0.0892751842865141, -0.07289262457867762, -0.12360718920295266, 0.1073073850483061] - [0.1089105764819045, 0.24988309202631548, -0.4047778268169208, 0.04625950203432925] - [0.03673540611130692, 0.46265410574756677, -0.37762040503679983, -0.12137276134414195] - [0.14345322199656296, -0.044579938652394714, -0.20147337734861914, 0.1027070314509568]
B1: -4.824750632561255e-05 - -4.929833809737299e-05 - 6.6108890064018255e-06 - 1.569035365903649e-05
B2: -3.0400403106454385e-05 - -9.858765720190495e-05 - 1.4931450490279042e-05 - -5.0885952914816646e-05
