Number: 9274
Error: 1.994494138006458e-09
A1: [0.05352897360286844, -0.1476447417361514, -0.026642982957563534, 0.12218443551212833] - [0.0055745909225971115, 0.13109785506075614, -0.11333995535873341, -0.022288524606834833] - [-0.014027998121717235, 0.22350825257526347, -0.126624979178873, -0.08118928118238586] - [0.027365974676412615, -0.09980054509653723, -0.049204464732372305, 0.12251828734357069]
A2: [0.08921506314782561, -0.07295253130994149, -0.12366596030595539, 0.10724656718685362] - [0.10882701495360467, 0.24979950690987154, -0.4048597628777353, 0.04617459009320307] - [0.0368042436650753, 0.4627226425433344, -0.37755323286197784, -0.1213031824153395] - [0.14371786536074055, -0.044316255195680616, -0.20121493564488993, 0.10297556554518593]
B1: -3.1010784863439556e-05 - 1.1971945624054778e-05 - 9.198945889945492e-05 - 4.225218527868256e-05
B2: 8.831319608397721e-07 - 9.124813096725488e-05 - -1.8502312628938925e-05 - -4.383776116068069e-05
