Number: 8659
Error: 4.877540629724488e-15
A1: [0.08043165359783717, -0.18046784183375342, -0.019588888022929307, 0.11962494065498624] - [0.03741557872665834, 0.1335963849088839, -0.13472618746263954, -0.03628582636367994] - [-0.0017028109517923606, 0.22819012456759077, -0.12282837459601675, -0.10365890216560167] - [0.03886318945587533, -0.114481063399386, -0.04641648634034972, 0.12203418300769356]
A2: [0.03530750697243986, -0.02927341170903757, -0.075697289185077, 0.06966347463407215] - [0.10289381541256909, 0.282896766556491, -0.3926063336337513, 0.006816063797897159] - [-0.011187018645501165, 0.5390146725177427, -0.3594509384974387, -0.16837637884884515] - [0.09786287663946426, 0.017463394078363167, -0.16885093699476175, 0.05352495945105842]
B1: -3.6705089380126915e-08 - -2.8613670467838744e-08 - -3.6304888796398175e-08 - -3.7532163184243216e-08
B2: 2.1639273807965965e-08 - 3.700475585287628e-08 - 5.280351208299094e-08 - 1.6466434799081912e-08
