Number: 6232
Error: 4.760285591613678e-16
A1: [0.08043166324213182, -0.1804678321905685, -0.0195888783901512, 0.11962495029816661] - [0.03741557666119509, 0.13359638284492903, -0.13472618952422094, -0.03628582842811702] - [-0.0017028307040234066, 0.22819010481579083, -0.12282839431932277, -0.10365892191257554] - [0.03886322126556942, -0.11448103167902746, -0.04641645455094292, 0.12203421479756643]
A2: [0.03530743972228397, -0.02927347914520987, -0.07569735312586826, 0.0696634042497617] - [0.10289372612807, 0.2828966765142099, -0.39260641998868656, 0.00681597030414139] - [-0.011187095774027593, 0.5390145949292454, -0.3594510115014936, -0.1683764601216228] - [0.0978627953671595, 0.017463312436433627, -0.1688510143609228, 0.053524874141843835]
B1: -6.924935150842996e-09 - -8.114152992004537e-09 - -1.1598972456529177e-08 - -6.151723261589511e-09
B2: -8.994497925719814e-09 - -1.5214311680650837e-08 - 8.940859695575299e-10 - -5.574324306151113e-09
