Number: 667
Error: 4.7757613500342145e-14
A1: [-0.012152014982131469, -0.014515753874354071, 0.018088807448890288, 0.008584570810150412] - [0.06583530844134793, 0.18949533114035969, -0.14532249476361303, -0.11000847945353717] - [-0.09629372831283786, 0.4217854575610726, -0.05345804322452912, -0.2720364964900704] - [-0.0013207626046644369, -0.018218535462891143, -0.003834325531149264, 0.023377596180025415]
A2: [0.1615864525265261, -0.16775503649597087, 0.008501071017501291, -0.0023333310300785795] - [0.03548577626394031, 0.20751677366386598, -0.11721037169917652, -0.12579197795974556] - [-0.08621377463120004, 0.5815378965420716, -0.23538895038306604, -0.259935792408205] - [-0.0038349742624999975, -0.004519296653609533, 0.0011102499883963155, 0.00724338610461323]
B1: -1.1694126658732362e-07 - 2.2536082585168838e-07 - -7.292553361398515e-08 - -2.5619127821937237e-08
B2: 3.642348786646256e-07 - 4.094453065699422e-07 - -6.569798583249311e-07 - -9.174528055106623e-09
