Number: 4690
Error: 6.351506800103112e-16
A1: [0.06621314096345246, -0.11395211951779698, -0.02398399096650152, 0.07172282749962341] - [0.03740257553969396, 0.1881933344779494, -0.14740898274839723, -0.0781870461502476] - [-0.060229296603906045, 0.3289508718921404, -0.12775303656619286, -0.14096824948495856] - [0.03904605081088753, -0.05332278888663021, -0.03741869519536793, 0.05169501646629787]
A2: [-0.009108709411232187, -0.3468033272237314, 0.24945495562033862, 0.10645653979146917] - [0.08003992071372135, 0.03628235925811008, -0.05025000848831206, -0.06607185484236222] - [-0.04245284904427499, 0.23083185843478088, -0.04053127725074625, -0.14784787169405908] - [0.06813472376171159, -0.2934679127902942, 0.14177118102324715, 0.08356179876976053]
B1: 4.234471669787017e-08 - 3.9439137313381426e-08 - 9.979198297815922e-09 - 8.061290991882822e-09
B2: 2.9997612794560013e-09 - 9.350265227798502e-09 - 8.196562268937697e-08 - 9.716081947264907e-10
