Number: 8796
Error: 8.13403231232334e-06
A1: [0.07949756108308516, -0.1814019260430031, -0.02052188420187613, 0.11869099721509044] - [0.035697277508672534, 0.13187915482606588, -0.1364409147408432, -0.03800320449735676] - [-0.0004075923423280379, 0.22948537033840757, -0.12153571591132396, -0.10236383159376895] - [0.03782440572347099, -0.11551696253554264, -0.0474547501126664, 0.12099610752240926]
A2: [0.03500608455725748, -0.0295763068690412, -0.07598287446725174, 0.06934813091284571] - [0.10231467738647766, 0.2823122707328982, -0.3931658212231603, 0.006209662738812886] - [-0.010884982859631869, 0.5393180114529027, -0.3591642668118719, -0.1680578386609687] - [0.09746261705596733, 0.017060731984025003, -0.16923103448942076, 0.05310491669792783]
B1: -0.0016692268358289295 - -0.0016134804517537245 - -0.0019032554585829765 - -0.0016350918859934442
B2: 0.001349213697253782 - 0.002119331828655196 - -0.0004346573502339371 - 0.0014851557417995677
