Number: 5077
Error: 1.0404583520342489e-15
A1: [0.06621325234729955, -0.11395201062296341, -0.02398387967004625, 0.07172293869656354] - [0.03740264065887131, 0.18819339669494448, -0.14740891873122183, -0.07818698212741372] - [-0.06022928421145662, 0.3289508837944645, -0.1277530244396176, -0.14096823742360906] - [0.03904615297599846, -0.0533226919152069, -0.037418596353884316, 0.05169511450519709]
A2: [-0.009108693691116094, -0.3468033105469747, 0.2494549714677569, 0.1064565562734101] - [0.0800398723328703, 0.03628230713810269, -0.05025006136576367, -0.06607190816883714] - [-0.042452767507978044, 0.23083194842310892, -0.04053118987332607, -0.14784778151822509] - [0.06813480497977244, -0.2934678233658154, 0.14177126907139959, 0.08356188983001936]
B1: -3.2954371332822976e-08 - 3.6594058673866605e-08 - 2.912829781570269e-08 - 2.0499473846574106e-08
B2: 2.514988610515797e-08 - -1.3509699648068961e-08 - 1.2743763994135017e-08 - -1.6219884609254247e-09
