Number: 7683
Error: 4.917907340607111e-16
A1: [0.0804316788403401, -0.1804678165941381, -0.019588862810588088, 0.11962496589459438] - [0.03741558341325101, 0.13359638959186745, -0.13472618278560256, -0.036285821679798894] - [-0.001702836405263639, 0.22819009911466484, -0.12282840001220857, -0.10365892761229015] - [0.03886322721144037, -0.11448102574985436, -0.046416448608855125, 0.12203422073974017]
A2: [0.035307486599802436, -0.029273432138025253, -0.07569730855528956, 0.06966345331212641] - [0.10289367097122572, 0.28289662088926515, -0.3926064733356973, 0.0068159125469423] - [-0.011187122719933268, 0.5390145678226106, -0.3594510370063813, -0.16837648851545348] - [0.09786277155759711, 0.017463288518577307, -0.1688510370261172, 0.05352484914959424]
B1: -4.904027057487648e-08 - -4.476825036497898e-08 - 2.9560504184917715e-08 - 4.2711502561766864e-09
B2: -1.0229257825951642e-08 - -2.0310873320605863e-08 - -1.0048094528921912e-08 - -1.0377275861268179e-08
