Number: 15
Error: 0.0018346170459491902
A1: [0.050949282575180076, 0.05888696662880338, 0.07550217833027302, 0.050135308704664934] - [0.1648211445427625, 0.30092234649393995, -0.060387181594717496, -0.05196598986747021] - [-0.052280047172453166, 0.4633975422887599, -0.013033003418339318, -0.22079970866454643] - [0.2553980303589481, 0.25016163060486657, 0.26101015791819066, 0.2731716247268623]
A2: [0.4522817777475892, 0.11875673556957717, 0.2870527313193407, 0.28457680226651444] - [0.19949087175607869, 0.3658976531034587, 0.03698877424984786, 0.030488690936280365] - [0.3098634054698141, 0.9772064204780773, 0.14614989945602558, 0.1367857655679277] - [0.6290135788848702, 0.6296369912279691, 0.626109293572945, 0.6243871441764974]
B1: 0.05394134199208734 - 0.47635976417530473 - -0.058185138170507786 - -0.0854317254471336
B2: 0.0747386140621169 - 0.5764848135352479 - -0.07404255463014371 - -0.05263756818259444
