Number: 8052
Error: 9.569958889468913e-16
A1: [0.08043170096952733, -0.18046779446745612, -0.01958884070787256, 0.11962498802124973] - [0.03741559181426592, 0.1335963979865282, -0.13472617440128187, -0.03628581328342112] - [-0.0017028101953627131, 0.22819012532400712, -0.12282837384068343, -0.10365890140938379] - [0.038863240921055364, -0.11448101207871106, -0.04641643490798028, 0.12203423444083288]
A2: [0.03530743541508799, -0.02927348346431431, -0.07569735722109748, 0.06966339974180172] - [0.10289368169693042, 0.28289663170600543, -0.3926064629619338, 0.006815923778323819] - [-0.011187017189045358, 0.5390146739829023, -0.35945093711894904, -0.16837637731404842] - [0.09786278386729533, 0.0174633008842507, -0.1688510253080754, 0.05352486207075694]
B1: -3.209074049218961e-08 - 1.9565759626018537e-08 - 7.24287117684121e-09 - 9.058421976034757e-09
B2: 9.137707511540377e-09 - -8.926722430977011e-09 - 3.3632486752847507e-09 - 7.115808674032458e-09
