Number: 9693
Error: 2.3098557861877964e-14
A1: [0.05317226567234404, -0.1480015555486863, -0.02699933147568386, 0.1218275373769132] - [0.005313152413182645, 0.1308361262691213, -0.11360131109151284, -0.022550331579903042] - [-0.014444629752837671, 0.22309146759679122, -0.12704133265229808, -0.08160608622988218] - [0.02714631899630674, -0.10002017913778652, -0.049424649797145295, 0.1222979789457068]
A2: [0.08925513669781655, -0.07291269647483833, -0.1236267606204321, 0.10728706679531666] - [0.10884203337185523, 0.24981448573761525, -0.4048449909928829, 0.04618978978572738] - [0.036635749852020415, 0.4625549382876873, -0.37771762770745004, -0.12147345147737781] - [0.1434274582362438, -0.04460560210455071, -0.20149853461957903, 0.10268090273780751]
B1: -6.708016422822848e-09 - -6.106022025659421e-08 - -8.553112663917436e-08 - -1.7451550498053032e-07
B2: -1.116929838427128e-07 - 1.0765999801404664e-07 - 1.9571191466026412e-07 - -6.977487508756963e-08
