Number: 4552
Error: 7.556604548758075e-16
A1: [0.06621310090386644, -0.11395215868219553, -0.023984030994644096, 0.07172278750727414] - [0.03740252724541294, 0.18819328833602503, -0.14740903022537516, -0.07818709363143474] - [-0.060229356097624316, 0.3289508147517215, -0.12775309478322278, -0.1409683073889254] - [0.03904610921278052, -0.05332273345369201, -0.03741863869345691, 0.05169507250945361]
A2: [-0.009108585513735536, -0.3468031957879969, 0.24945508052037443, 0.10645666969117834] - [0.08003983586362243, 0.036282267850294585, -0.050250101224604445, -0.06607194836607369] - [-0.04245292808049822, 0.23083177120557966, -0.04053136194903276, -0.14784795910503964] - [0.06813473007473449, -0.2934679058393966, 0.1417711878672471, 0.08356180584781232]
B1: -2.8246285807190048e-08 - -1.9097934674921423e-08 - -1.869074599698181e-08 - 1.3457004071488478e-08
B2: -2.12856673392528e-08 - -3.813650172880879e-08 - 6.609840932846331e-09 - 3.006588390181963e-09
