Number: 5446
Error: 3.1576885057923667e-15
A1: [0.06621312933185698, -0.11395213088941342, -0.0239840025889614, 0.07172281588754739] - [0.03740263080676701, 0.188193387282057, -0.14740892841651151, -0.07818699181357554] - [-0.06022924000973948, 0.3289509262475721, -0.1277529811862582, -0.14096819440273248] - [0.03904625378328998, -0.053322596232425926, -0.037418498825936744, 0.05169521124124712]
A2: [-0.009108550644541804, -0.34680315879713525, 0.24945511567131437, 0.10645670624973771] - [0.08003960960728562, 0.0362820241078196, -0.05025034850908456, -0.06607219775060405] - [-0.04245299199492208, 0.23083170066634584, -0.040531430442165575, -0.14784802979130313] - [0.06813463234759239, -0.29346801344066265, 0.14177108192155802, 0.08356169627840566]
B1: 3.4010570198701086e-08 - 1.8027807316728125e-07 - 3.580984648142019e-08 - 4.5013139980931865e-08
B2: 6.78166115574394e-08 - 9.274742174394644e-08 - 4.6695111743402954e-08 - 1.9054063651624005e-08
