Number: 972
Error: 7.028619881088919e-05
A1: [0.0521382097537204, 0.05123074216179832, 0.08874874779386854, 0.0769832820826216] - [0.0738656211626247, 0.1971854785624357, -0.13705725849118947, -0.10110630084544162] - [-0.04113148703183634, 0.47490638439007593, 0.005995476381055677, -0.20824352691683978] - [0.0704402471464878, 0.05058283707491358, 0.0721216512704999, 0.1057570700900741]
A2: [0.15949026330517885, -0.17043522110048123, 0.006500198837188307, -0.004231989320899731] - [0.037596875785091646, 0.20951927154593622, -0.1151046124628471, -0.12370938056376232] - [-0.07753602963842854, 0.5896998472214675, -0.22693766429547674, -0.2513968435003248] - [0.007867267214141565, 0.006805357535326619, 0.012679742289187097, 0.018476023988376254]
B1: 0.011999920557153326 - 0.006995376695865243 - 0.0031006247554472904 - 0.00315700269128121
B2: -0.004081979327968763 - 0.008380849502677291 - 0.0006438772926175319 - -0.00529220884879239
