Number: 630
Error: 1.5665926916670952e-13
A1: [-0.012151859916757123, -0.014515594607426763, 0.018088978844345457, 0.008584736515447344] - [0.06583538590945015, 0.18949540566146855, -0.14532241466833726, -0.11000839320064695] - [-0.0962922533047493, 0.4217868831331122, -0.05345644266331794, -0.272034778032869] - [-0.0013199751637907621, -0.01821777816797252, -0.0038334873248804004, 0.023378506330621968]
A2: [0.16158666081094955, -0.1677548321324622, 0.008501275105027288, -0.002333127980853742] - [0.03548555994130215, 0.20751656081749728, -0.11721058711555328, -0.12579218957928465] - [-0.08621362438037461, 0.5815380437143042, -0.23538880418111216, -0.2599356458897082] - [-0.003834947938221518, -0.004519270765542868, 0.0011102760453284867, 0.007243411290426445]
B1: 9.153691030025026e-08 - 5.244779397173728e-08 - 1.300785173825063e-07 - -1.659757476474726e-08
B2: 5.744994716885324e-07 - 1.3930762085356708e-07 - 2.0057584764958002e-07 - 4.060979144788336e-07
