Number: 8414
Error: 9.299935178843832e-16
A1: [0.08043168977896596, -0.18046780565674345, -0.019588851885086803, 0.11962497683195628] - [0.037415589403717975, 0.13359639557780933, -0.13472617680695884, -0.036285815692592344] - [-0.001702818762797012, 0.2281901167567559, -0.12282838239557747, -0.10365890997452548] - [0.03886323977018527, -0.11448101322632268, -0.04641643605811851, 0.1220342332906927]
A2: [0.03530749039368914, -0.02927342833361262, -0.07569730494800928, 0.0696634572827447] - [0.10289372717927225, 0.28289667757437836, -0.392606418971966, 0.006815971404938819] - [-0.011187096326046326, 0.539014594373868, -0.35945101202397384, -0.16837646070333462] - [0.09786282172980748, 0.017463338918960822, -0.1688509892653498, 0.053524901813983325]
B1: -1.249669873016665e-09 - 5.926472222539039e-09 - 2.0378272198500684e-09 - -9.194285723580816e-09
B2: -6.228388323237688e-09 - -1.4747502908437022e-08 - -7.212181748264929e-09 - -4.172264566711372e-09
