Number: 1550
Error: 5.274986675792173e-09
A1: [-0.006889121616655364, -0.014692863283179204, 0.0033069181130352893, 0.019760862547088188] - [0.06693692120697642, 0.1899903657037707, -0.1466212836816012, -0.10973977725605702] - [-0.11207015552733535, 0.4422900162491004, -0.07025284344601206, -0.25754185958791276] - [-0.02242993427947268, 0.01626701407788326, -0.028975829459014658, 0.03990347619082082]
A2: [0.1315864373820411, -0.22462852427441313, 0.022666771336232287, 0.0701611761802627] - [0.032754042563606575, 0.20385518862199806, -0.11478088628261073, -0.12135211900982087] - [-0.09479899786445413, 0.5553658179300545, -0.23537600015323848, -0.22580894174614316] - [-0.02092260778731602, -0.019369873918641256, 0.008022985862545634, 0.03209016958449257]
B1: -9.113221908926432e-05 - -0.00012116691211617309 - -7.285509601779873e-05 - -6.116896527160502e-05
B2: -0.00023659768197142997 - 0.0001384003702413243 - -0.00015421937248734347 - 8.518429330702067e-05
