Number: 7522
Error: 1.0144000870593658e-15
A1: [0.08043172788463726, -0.18046776755539606, -0.019588813824947815, 0.11962501493328102] - [0.03741561655506855, 0.13359642270860206, -0.13472614970983582, -0.036285788556348654] - [-0.001702765757278927, 0.22819016976114273, -0.12282832946767042, -0.10365885698316409] - [0.038863263133802235, -0.11448098992830415, -0.046416412709399016, 0.12203425663976639]
A2: [0.03530744211645572, -0.029273476744403237, -0.07569735084952801, 0.06966340675551964] - [0.10289378767425897, 0.28289673858275544, -0.3926063604620001, 0.006816034751995848] - [-0.011187082683477166, 0.5390146080978622, -0.35945099911098105, -0.16837644632767054] - [0.09786285439395936, 0.017463371731726688, -0.16885095817120555, 0.05352493610074148]
B1: 7.65028971861665e-09 - 9.495210555074813e-09 - 2.2211681009557266e-08 - 5.8469552808523405e-09
B2: 1.6525055927927947e-08 - 7.859605134290525e-09 - 2.77084489257615e-08 - 6.6452185052144526e-09
