Number: 2701
Error: 1.0335736367092108e-08
A1: [0.06356411875086082, -0.04774390245151761, -0.023315926274386865, 0.00798365766967519] - [0.043822957835173336, 0.191426264160887, -0.14239849840050967, -0.09233495018037219] - [-0.123965795137475, 0.4143435442781801, -0.10537813940860236, -0.18758937398077588] - [0.036955452366487784, 0.019119871950449497, -0.033179051682795245, -0.02309826052071558]
A2: [0.06313122460931554, -0.17399367379765537, 0.0860182275662437, 0.023653985253630463] - [0.029375340614050942, 0.2003826840763567, -0.10162510217311368, -0.12778949048371166] - [-0.09326701931289982, 0.513822781215839, -0.22546369230384705, -0.19495922280438707] - [-0.02563435649295857, 0.018812828058191285, -0.04999703443255701, 0.05726273838299522]
B1: 9.939073852992855e-05 - 8.829412144083224e-05 - 1.3866808006480245e-05 - -9.203397171676298e-06
B2: 0.00022875637118950084 - 4.77013712871079e-05 - 0.0002109156471193212 - -5.34783514874139e-05
