Number: 4527
Error: 1.0970826076393803e-15
A1: [0.06621310730151601, -0.1139521524275127, -0.0239840246020141, 0.07172279389418941] - [0.03740252937170648, 0.18819329036755397, -0.1474090281350638, -0.0781870915409381] - [-0.060229532089598824, 0.32895064572108357, -0.12775326699859826, -0.14096847867807144] - [0.039046004337504985, -0.05332283299738699, -0.03741874015679756, 0.051694971869962976]
A2: [-0.009108576946483793, -0.3468031866994889, 0.2494550891569483, 0.10645667867347235] - [0.08003984185046416, 0.036282274299835965, -0.05025009468133095, -0.0660719417672361] - [-0.042452673828000775, 0.2308320518141223, -0.04053108948220756, -0.1478476779116717] - [0.06813476125374718, -0.29346787150998177, 0.14177122166830183, 0.08356184080520404]
B1: -4.521732889563634e-09 - -1.1910670320366307e-08 - 1.3981930327660809e-08 - -4.9317432270949015e-08
B2: 2.056071048668808e-08 - 2.7075310955499485e-08 - -1.0153924564783288e-07 - 2.0914409663304406e-08
