Number: 9587
Error: 1.6093004242957426e-14
A1: [0.05317239050536828, -0.1480014306735507, -0.026999206782130334, 0.12182766227090405] - [0.005313455891452036, 0.13083643006148662, -0.11360100766199464, -0.0225500276719055] - [-0.014444509129682955, 0.22309158826238892, -0.12704121212588615, -0.0816059655627396] - [0.027146298558485608, -0.10002019958101975, -0.04942467028094497, 0.12229795845242919]
A2: [0.08925374108262626, -0.07291408886219786, -0.12362812479146863, 0.1072856539707774] - [0.10884172989336015, 0.24981418220462123, -0.4048452884632457, 0.046189481199745024] - [0.03663587760179095, 0.4625550653726941, -0.37771750306963453, -0.1214733224036794] - [0.143426017913648, -0.04460703706631666, -0.20149994097328291, 0.10267944104528802]
B1: -2.924753157985947e-07 - 2.6467444449524034e-07 - -2.377366886170337e-08 - -3.1499780912957634e-07
B2: -9.235462522716669e-09 - 2.7800498416559214e-08 - -1.2172905293814846e-07 - -9.785553676191565e-08
