Number: 2043
Error: 0.00012352773741913518
A1: [-0.0020156159951546446, -0.01358417012687377, 0.004540305636453213, 0.02439701322497516] - [0.03687323788349392, 0.1622686464594075, -0.17789069523228168, -0.1437297694183234] - [-0.1745332075993069, 0.3758996289574803, -0.1390486710106026, -0.3275372173020628] - [-0.053596929525600835, -0.010620654791830967, -0.05946546694106232, 0.005756883986437644]
A2: [0.08955395599794143, -0.26311581087681246, -0.02254728021142445, 0.03455691787410502] - [-0.013649164384275835, 0.15706805721455036, -0.16124128814314548, -0.1670477400493203] - [-0.11534156584124933, 0.5325166200194482, -0.2542775266932769, -0.24711539682824477] - [0.02513521331951924, 0.029242014658637752, 0.04808982503386104, 0.0849632708175109]
B1: 0.004761826730471782 - 0.022637781249369958 - -0.021926481173595583 - -0.006247319441546297
B2: -0.008761605649296181 - -0.01858189878099569 - -0.0023283199551846195 - 0.00159959685504249
