Number: 2690
Error: 3.438718220492919e-09
A1: [0.06409850782941039, -0.0472115693454033, -0.02278629183376472, 0.008514110768540044] - [0.04372986648103378, 0.1913363521566358, -0.14249437684572697, -0.09243735261300293] - [-0.1228873021603467, 0.41541863889000097, -0.10429487241068068, -0.1865100522567749] - [0.03642135455548828, 0.01858511529565319, -0.03371251691886117, -0.02362925713014968]
A2: [0.06340487807031424, -0.17372134419647942, 0.08629086674886133, 0.02392462315515715] - [0.029318479426445564, 0.2003266983767186, -0.10168182390240739, -0.1278450789298897] - [-0.09340084233506679, 0.5136915799529085, -0.22559799793555604, -0.19508841231396837] - [-0.025871613242059104, 0.018577047743037308, -0.05023473869090649, 0.05703228909846209]
B1: 6.2241258425399e-05 - 8.756475784777338e-05 - 4.2650888425111256e-05 - 3.118041781980762e-05
B2: 0.00022062323589814274 - 4.39679910222026e-05 - -0.00026290090882643777 - 2.7119706599797698e-05
