Number: 4967
Error: 9.404542279987947e-16
A1: [0.06621316339926224, -0.11395209758332664, -0.023983968548271888, 0.07172284989781007] - [0.037402628264203736, 0.1881933848526649, -0.1474089309161441, -0.07818699431341149] - [-0.06022935989361121, 0.3289508111058787, -0.12775309849773314, -0.1409683110834229] - [0.039046154488127906, -0.05332269047998712, -0.037418594890981566, 0.051695115956226605]
A2: [-0.00910850832383145, -0.34680311390171703, 0.24945515833481938, 0.1064567506205059] - [0.08003983484548986, 0.03628226675349246, -0.050250102337295766, -0.06607194948825522] - [-0.042452803477231134, 0.23083190872533643, -0.040531228419295434, -0.14784782129873683] - [0.06813479441981464, -0.2934678349927451, 0.1417712576234447, 0.08356187799040452]
B1: 3.004794801723724e-08 - 1.1119650547898098e-08 - 4.6392143059114296e-09 - 8.403544648400651e-09
B2: -1.0342498437132195e-09 - 6.382416380805604e-09 - 1.4012767716907899e-08 - 1.9443525799760435e-08
