Number: 5959
Error: 7.668309830546283e-11
A1: [0.08042480414087218, -0.18047469085863013, -0.019595727981949917, 0.11961809271552985] - [0.037382056555415016, 0.1335628876673193, -0.13475964459681236, -0.03631933099737486] - [-0.0017212883498723393, 0.2281716478093231, -0.1228468234253799, -0.1036773738655973] - [0.03886287506182764, -0.11448137625337876, -0.046416799134008827, 0.12203386944968608]
A2: [0.03535930508229137, -0.02922147483657707, -0.07564804173411077, 0.06971768751558476] - [0.10295380925216695, 0.2829572655583581, -0.3925483103696129, 0.006878885203892358] - [-0.011174770221992326, 0.5390269938866912, -0.35943934562351004, -0.16836347283119718] - [0.09788397200768456, 0.017484583786931348, -0.16883085632993622, 0.05354710271063686]
B1: -1.7698816830769516e-05 - -1.4121106340587156e-05 - 1.2303773522525818e-05 - 7.583008991877633e-07
B2: -8.304936699819211e-06 - -2.4792206034897564e-06 - 2.4806324866224747e-06 - -1.2709672281706963e-05
