Number: 9752
Error: 6.725752932063622e-16
A1: [0.05317256655637193, -0.1480012545536825, -0.026999030922715654, 0.12182783840606484] - [0.0053137571869956044, 0.1308367316777857, -0.11360070640798696, -0.022549725953464998] - [-0.014444552918051077, 0.22309154446006968, -0.12704125587787965, -0.0816060093676857] - [0.027146561967063585, -0.10001993616699656, -0.04942440631326385, 0.12229822253398887]
A2: [0.08925483317882778, -0.0729129992913646, -0.12362705730117288, 0.10728675953377885] - [0.10884173953642617, 0.24981419185059267, -0.4048452790084959, 0.046189491006234706] - [0.03663562050926761, 0.46255480961782525, -0.377717753900849, -0.12147358216182282] - [0.1434264696958751, -0.04460658696228393, -0.20149949984367385, 0.10267989953109732]
B1: -5.248514067213683e-08 - -2.9140396497178643e-08 - -1.4053248508330925e-07 - -4.373144716300943e-08
B2: -6.099659316899114e-08 - -2.870397428579541e-08 - -7.53283008737736e-08 - -4.798481397498884e-08
