Number: 2410
Error: 6.32445966877211e-06
A1: [0.04972154035485848, -0.06216094458664577, -0.037812246036190544, -0.006184166707246731] - [0.038620513718517636, 0.18623150479258382, -0.14801976892738072, -0.09800408800219922] - [-0.12066649538497648, 0.4181259962466558, -0.10201733568549894, -0.1842113846453061] - [0.03478334048395479, 0.01731857244581063, -0.035278015343072774, -0.025042495733484264]
A2: [0.06930914334224912, -0.1677103333481518, 0.09276698085878449, 0.03013756417314411] - [0.03166825705044135, 0.2026964599171532, -0.09936459379482242, -0.12558159428714533] - [-0.11307469264236328, 0.49488083960351303, -0.24457832455296769, -0.21356254237862093] - [-0.028542192199447907, 0.015951351763728642, -0.05230100943043335, 0.05456554985887203]
B1: -0.00466291864039281 - 0.0036694082337483704 - 0.003955524235561463 - -0.0019514705225718014
B2: 0.003650816036438632 - -0.0017576230345736216 - -0.0013807036420857347 - 0.000243505476718303
