Number: 7011
Error: 8.26248825723777e-16
A1: [0.08043170668530394, -0.18046778875231978, -0.01958883499892225, 0.1196249937363752] - [0.037415587191671235, 0.1335963933674319, -0.13472617901472494, -0.03628581790347719] - [-0.0017027944110628427, 0.22819014110797156, -0.1228283580794999, -0.10365888562930324] - [0.038863189334958664, -0.1144810635200309, -0.04641648646120696, 0.12203418288679754]
A2: [0.03530743358460111, -0.02927348529986479, -0.07569735896149933, 0.06966339782601146] - [0.10289371222630254, 0.2828966624944626, -0.3926064334342998, 0.00681595574697928] - [-0.011187099213352172, 0.5390145914693919, -0.35945101475688174, -0.1683764637457736] - [0.09786280406079298, 0.017463321169611502, -0.16885100608515058, 0.053524883267335]
B1: 1.182630276708279e-09 - 1.5158217585026433e-09 - -9.6906103597959e-11 - -1.0362411414615213e-09
B2: 1.3015675098937165e-08 - -2.2599943832562017e-09 - 2.0923087942478482e-08 - -3.008974282931166e-08
