Number: 3133
Error: 9.416513050961205e-06
A1: [0.06803460029897265, -0.04351049005609552, -0.019128398737456438, 0.012224790538927941] - [0.04558472032486691, 0.1929725476403123, -0.1407018947270217, -0.09059654666353188] - [-0.12093318904352698, 0.41710675639403477, -0.10260620134426902, -0.18478262578658683] - [0.02931704250005326, 0.011165050929086916, -0.04127507182947321, -0.030722908257620328]
A2: [0.044465463586007836, -0.1924336326497716, 0.067313646145513, 0.00507204677753414] - [0.025978721162252062, 0.19703813289558011, -0.10497786324389524, -0.1311234560317271] - [-0.10683453421381303, 0.500489365828644, -0.23908444971236015, -0.20804609825099157] - [-0.023782021761508683, 0.020670188225234126, -0.04816109904034724, 0.058911247483823835]
B1: 0.004087485279049395 - -0.005438030473736159 - 0.00407145077370263 - -0.0012995270267478765
B2: -0.0010007376937923365 - 0.0007841624015352665 - -0.0013127559062009334 - -0.004009336402380963
