Number: 1010
Error: 0.0019945918048926967
A1: [-0.043503863108158486, -0.05172760216934043, -0.02913479776472986, -0.027015610411001045] - [0.0631528682829567, 0.18633037911402026, -0.14950770120174386, -0.11357186050149608] - [-0.14041280070582213, 0.37264340099564147, -0.12053398257389639, -0.32701261475663396] - [-0.10848346874251194, -0.12809224575634373, -0.1376699081887193, -0.09895173276917572]
A2: [0.25162583397555505, -0.08869489186307035, 0.09901584390676607, 0.09258420298817605] - [0.04187528067798636, 0.21173205553255847, -0.11044329127147073, -0.11831159719883608] - [-0.08660508733087575, 0.5801426599328504, -0.22779058654171663, -0.2523149888439968] - [0.011056640010661478, 0.011314498424711682, 0.020979873736623814, 0.027218031191391722]
B1: -0.03823874507520936 - -0.024147244963373976 - 0.006610816706047611 - -0.0021791134025138624
B2: 0.02850828725417432 - 0.006953728762792965 - 0.034242112883660546 - 0.04809337256462574
