Number: 5307
Error: 1.2850614335787323e-15
A1: [0.06621322396055995, -0.11395203837534736, -0.023983908034512884, 0.07172291035744613] - [0.03740262754260573, 0.18819338416331027, -0.14740893162546792, -0.07818699502280615] - [-0.060229415459584594, 0.32895075773740023, -0.12775315287153077, -0.1409683651647041] - [0.03904615711578615, -0.05332268798580961, -0.0374185923487689, 0.05169511847775827]
A2: [-0.00910851512522253, -0.346803121116861, 0.24945515147810285, 0.10645674348966859] - [0.08003986155044693, 0.0362822955223553, -0.050250073150263315, -0.06607192005347702] - [-0.04245278973753528, 0.23083192388919246, -0.04053121369542521, -0.14784780610322096] - [0.06813483968502901, -0.29346778515404914, 0.14177130669494145, 0.0835619287408131]
B1: -7.99435919961439e-08 - 2.6825161100100066e-08 - 4.627465825840147e-08 - 3.5256832756158086e-08
B2: -1.5009077054909844e-08 - -2.07663135020869e-08 - 2.7023372613466162e-08 - -2.8047232486974148e-08
