Number: 456
Error: 9.977847485719835e-13
A1: [-0.012160023645198713, -0.014523979514644896, 0.01807995556542214, 0.008576012699042955] - [0.0658299722827107, 0.18949019798533367, -0.1453280118787381, -0.1100144207375973] - [-0.09630276541979833, 0.42177672351375195, -0.05346784940532734, -0.27204702507641065] - [-0.001331970196882254, -0.018229313808450272, -0.003846255467019248, 0.02336464217325964]
A2: [0.16158419994529158, -0.1677572467140709, 0.008498863969096692, -0.00233552684510978] - [0.03548620228142969, 0.20751719284614936, -0.11720994745981181, -0.12579156119774362] - [-0.08621160088395377, 0.5815400257528972, -0.23538683521206313, -0.25993367264717215] - [-0.003834240559332794, -0.004518575121857012, 0.0011109762335014019, 0.00724408811677049]
B1: -1.7795241433778359e-06 - -1.106808640955507e-06 - -9.846335487982885e-08 - -4.9196224876014005e-08
B2: 2.8325829174186634e-06 - -4.580369545049285e-06 - 2.3257924472562464e-07 - 1.1050772475559695e-06
