Number: 5403
Error: 1.4034975279239105e-15
A1: [0.06621311830526548, -0.11395214166958864, -0.023984013606852983, 0.07172280487951332] - [0.037402568409969396, 0.18819332766610775, -0.1474089897573535, -0.07818705315983324] - [-0.060229440265756475, 0.3289507339125046, -0.12775317714516096, -0.1409683893077866] - [0.03904623640671257, -0.05332261272564092, -0.037418515637211054, 0.05169519456647489]
A2: [-0.00910842246720446, -0.3468030228215107, 0.24945524488568852, 0.10645684063623509] - [0.08003977102672766, 0.03628219800253711, -0.05025017208717996, -0.0660720198306356] - [-0.04245284892694301, 0.2308318585643407, -0.040531277125211033, -0.14784787156422308] - [0.06813468949444389, -0.29346795051974733, 0.14177114387419162, 0.08356176035025313]
B1: -1.6389221441824915e-09 - 5.901510395488241e-09 - -2.578970954805831e-08 - -3.2748596869691384e-08
B2: -1.777481344002331e-08 - -3.367583600480166e-08 - -1.1169459436573445e-07 - 3.746340557143864e-08
