Number: 5564
Error: 2.3493852590134426e-09
A1: [0.06618695886487097, -0.11397770322519335, -0.024010144283321697, 0.0716966957856537] - [0.0373425425411948, 0.18813598671560183, -0.14746799385123116, -0.07824606389016651] - [-0.06030819135556841, 0.3288751169942233, -0.1278302270273972, -0.1410450265759351] - [0.03907518451743863, -0.05329512474404181, -0.03739049910479831, 0.05172298248231406]
A2: [-0.00905109599954745, -0.3467422056701664, 0.24951303499556707, 0.10651695603596585] - [0.08004357727053815, 0.03628630041453579, -0.050246014201873225, -0.06606782194411134] - [-0.04247111321790162, 0.23081170488327135, -0.040550855835898056, -0.14786806443211503] - [0.06812289571448171, -0.2934809327248913, 0.14175835286271832, 0.08354854459199086]
B1: -4.623816345389026e-05 - -2.500787511339826e-05 - -1.2016361214905814e-05 - -1.616388926040433e-05
B2: 5.260822865359578e-07 - 5.515392532324513e-05 - 1.1577495958612782e-05 - 2.2691399710730535e-05
