Number: 8017
Error: 1.09436339874367e-15
A1: [0.08043169882390465, -0.18046779661283852, -0.019588842850925943, 0.11962498587587234] - [0.0374156364053568, 0.13359644254387534, -0.1347261298990444, -0.03628576871703086] - [-0.0017027907638289088, 0.22819014475512678, -0.1228283544375998, -0.10365888198303554] - [0.03886324660462754, -0.11448100641109135, -0.046416429228026426, 0.12203424012087284]
A2: [0.035307433358818266, -0.029273485526259274, -0.07569735917616935, 0.06966339758969436] - [0.10289368385227797, 0.2828966338796427, -0.39260646087730766, 0.006815926035281986] - [-0.011187107788336538, 0.5390145828432383, -0.35945102287329467, -0.16837647278152396] - [0.09786277530312376, 0.017463292281125635, -0.16885103346062336, 0.05352485308117727]
B1: -3.6940937637807835e-09 - 1.841976960900056e-08 - -2.6020369933435462e-09 - 5.977928854023526e-09
B2: 6.094563846502796e-08 - -9.559116653425664e-08 - 1.3512023969434208e-09 - 4.7699413248443934e-08
