Number: 5172
Error: 7.804110360077214e-16
A1: [0.06621315642632428, -0.11395210440046319, -0.02398397551576244, 0.07172284293654649] - [0.03740248778587409, 0.18819325063512615, -0.1474090690171055, -0.07818713242659207] - [-0.06022939897541852, 0.32895077356976393, -0.12775313674094932, -0.14096834912089998] - [0.039046076843227424, -0.05332276417765129, -0.03741867000989202, 0.05169504144723058]
A2: [-0.00910850996696218, -0.34680311564478705, 0.24945515667822082, 0.10645674889783253] - [0.08003985721475303, 0.0362822908515696, -0.050250077888964066, -0.06607192483236866] - [-0.042452755332552515, 0.2308319618605617, -0.04053117682575308, -0.1478477680527166] - [0.06813483707002775, -0.2934677880332128, 0.14177130386010914, 0.0835619258089877]
B1: 3.710715720650787e-08 - 3.3643754782473536e-09 - 1.0992876611905316e-08 - 1.2548272847855309e-08
B2: -3.8757423988215936e-08 - 1.3900463546814468e-08 - 9.006613399966521e-08 - -2.1506376530141945e-08
