Number: 7643
Error: 1.6051824342725715e-16
A1: [0.08043168883369756, -0.18046780660191256, -0.01958885282918815, 0.11962497588680547] - [0.03741563247060753, 0.13359643861209577, -0.13472613382600038, -0.036285772649620865] - [-0.0017027822220071452, 0.22819015329676565, -0.12282834590828931, -0.10365887344349667] - [0.03886323968365667, -0.11448101331263938, -0.046416436144594626, 0.12203423320420001]
A2: [0.03530755487953773, -0.029273363669440142, -0.075697243635726, 0.0696635247742107] - [0.10289385709206764, 0.282896808589712, -0.39260629332197067, 0.006816107442535867] - [-0.011187313147948257, 0.5390143762587927, -0.35945121725081675, -0.16837668917590828] - [0.09786272665020691, 0.017463243406921562, -0.16885107977508423, 0.05352480201149506]
B1: 3.1279394649729e-08 - 7.253867974584996e-08 - 2.5229898335989292e-08 - 4.378840230487424e-08
B2: 3.253654962512894e-08 - 5.2915340894225074e-08 - 5.899165093034451e-08 - 3.1285635797674424e-08
