Number: 7757
Error: 8.981772019179917e-16
A1: [0.08043168206276954, -0.18046781337207451, -0.019588859592011728, 0.11962496911665582] - [0.03741550751263135, 0.13359631374869044, -0.13472625853499035, -0.03628589753837609] - [-0.001702845141987094, 0.22819009037812718, -0.1228284087361394, -0.10365893634668129] - [0.03886322703857556, -0.11448102592223584, -0.046416448781610824, 0.12203422056698193]
A2: [0.03530743438698501, -0.029273484495252477, -0.0756973581986143, 0.06966339866579646] - [0.102893705804775, 0.28289665601844677, -0.39260643964512537, 0.006815949022731432] - [-0.011187098066467954, 0.5390145926231178, -0.35945101367131327, -0.16837646253726704] - [0.09786280525310687, 0.01746332236735158, -0.16885100495014121, 0.05352488451887374]
B1: -1.617622041974842e-08 - -3.255433080617138e-08 - -1.4263442834597364e-08 - -1.4673522648386121e-08
B2: -1.3109528181266521e-08 - -3.355231038057445e-08 - -2.660328686965128e-08 - -9.487985197289588e-09
