Number: 1616
Error: 2.1773966835906817e-07
A1: [-0.005565817274850766, -0.013356264551016482, 0.0046843573922264615, 0.021111974671455012] - [0.06653670608876125, 0.18960566573612694, -0.14703570916993605, -0.11018396722136] - [-0.11128646866953638, 0.4430575136116445, -0.0694323404768608, -0.2566939529263263] - [-0.02215024046173125, 0.016540506395356397, -0.028690245454628584, 0.04019307552171717]
A2: [0.1322652800275412, -0.2239650255747366, 0.023329874983775985, 0.07082121072187524] - [0.032580375763727, 0.20368443216025986, -0.11495321146243018, -0.12152154313234884] - [-0.09390001615410468, 0.5562512736959808, -0.234493064744495, -0.22492564586924402] - [-0.020444460888439226, -0.018911188277583275, 0.008488430279501205, 0.032544061025577185]
B1: -0.0003429814276058657 - -0.000216554504949426 - -0.000456400152786699 - -0.00033251164536458855
B2: 0.00023526827557997584 - -0.000202990670416522 - -8.833390213596577e-05 - 0.0002947549168008573
