Number: 1649
Error: 1.4741309862808698e-08
A1: [-0.006632514006175906, -0.014435388977681903, 0.0035739522991692476, 0.02001504816498025] - [0.06717912722883915, 0.19022347317747726, -0.14637211927894453, -0.10946967067184951] - [-0.11261715927060695, 0.4417463813667907, -0.07082412466391722, -0.2581477159017341] - [-0.023908860290260858, 0.014810560825877454, -0.030486310277063878, 0.038337413803330625]
A2: [0.13100494426433829, -0.22520210274987656, 0.022085564774149174, 0.06958689763401216] - [0.03299521649278166, 0.2040929572418655, -0.11454034813811756, -0.12111583046473574] - [-0.09503332784005085, 0.5551390657117682, -0.23561096057814, -0.22604077852558552] - [-0.020545780318413646, -0.01900925070183098, 0.008392426760409456, 0.032445285492430545]
B1: -0.00010661912768809328 - -0.0001422361727042538 - 7.713572419015814e-05 - 0.00017246236188269405
B2: 0.0002787460691329476 - -0.00025029645772105 - -0.0007071445132882223 - 0.0002258310676063464
