Number: 764
Error: 1.0829035785738638e-13
A1: [-0.012153412346863979, -0.014517189110202661, 0.018087262937941967, 0.008583077564648814] - [0.06583577563726545, 0.18949578056314675, -0.14532201172354617, -0.11000795927727458] - [-0.09629381903689915, 0.42178536987648685, -0.05345814167184526, -0.27203660218517217] - [-0.001321066968683966, -0.01821882817465181, -0.0038346495201575597, 0.023377244385011705]
A2: [0.16158636079809688, -0.16775512649908253, 0.008500981135666642, -0.0023334204509463186] - [0.03548564248262591, 0.20751664203235887, -0.11721050491994314, -0.12579210883209255] - [-0.08621364146404789, 0.5815380269758349, -0.23538882080908863, -0.25993566254810563] - [-0.0038352966119803915, -0.004519613644980201, 0.0011099309373911702, 0.007243077704252063]
B1: 7.492383406976253e-08 - -1.0930668471841314e-07 - -1.275752468573306e-07 - 1.339085036842904e-07
B2: -6.293224756783452e-07 - 5.873751830577431e-07 - -1.3056609360433651e-06 - 1.2250465530413377e-06
