Number: 4824
Error: 1.2144522881690992e-15
A1: [0.06621318476334884, -0.11395207669666993, -0.023983947200965753, 0.07172287122602033] - [0.0374026243761818, 0.18819338113791406, -0.14740893473837327, -0.07818699813597901] - [-0.06022943147084164, 0.3289507423598382, -0.12775316853903748, -0.1409683807480114] - [0.039046212916463374, -0.05332263502197076, -0.03741853836350598, 0.05169517202472497]
A2: [-0.009108504284184965, -0.34680310961627275, 0.2494551624071219, 0.10645675485581471] - [0.0800398736460728, 0.0362823085527977, -0.050250059930521916, -0.06607190672139147] - [-0.04245279043878611, 0.2308319231153381, -0.040531214446819286, -0.14784780687871393] - [0.06813482696866875, -0.29346779915512355, 0.14177129290946572, 0.08356191448360892]
B1: -3.631063205378975e-08 - 9.537726969524815e-09 - 9.055028001281764e-09 - 2.428250148139789e-08
B2: -1.4193103240378196e-09 - -1.4476954332584697e-08 - 2.044073698311984e-08 - 5.6292767102168295e-08
