Number: 9758
Error: 1.8350716785432667e-15
A1: [0.05317254060310624, -0.14800128051648812, -0.026999056847383383, 0.12182781244028315] - [0.005313741607394643, 0.1308367160818582, -0.11360072198520668, -0.02254974155502651] - [-0.014444555459019803, 0.2230915419181775, -0.12704125841684144, -0.08160601190955732] - [0.027146483266441354, -0.10002001486748982, -0.049424485179898774, 0.12229814363338168]
A2: [0.08925435665218254, -0.07291347471604016, -0.12362752309129799, 0.10728627713143207] - [0.10884162041499358, 0.24981407270814546, -0.40484539577048845, 0.04618936988053024] - [0.03663618692540839, 0.4625553730867275, -0.3777172012770553, -0.12147300987101899] - [0.14342635657858077, -0.044606699658256456, -0.2014996102928975, 0.10267978473556712]
B1: -1.1647684120038723e-07 - -1.477332560554834e-08 - 8.713893378089726e-08 - -1.6925492107545244e-08
B2: -2.427036078961738e-08 - -4.226688936120662e-09 - -3.482569439734398e-08 - -1.2252116961201658e-08
