Number: 6009
Error: 3.672513175269984e-12
A1: [0.08043007461885124, -0.18046942063493338, -0.019590465104527145, 0.11962336186305145] - [0.037414232195160026, 0.1335950393655534, -0.13472753137802623, -0.03628717218443561] - [-0.0016977566220925616, 0.22819517881411408, -0.12282332760505735, -0.10365384915300274] - [0.038863794062423275, -0.11448046047588466, -0.046415882086962616, 0.12203478725572404]
A2: [0.03531022292498823, -0.029270688264953253, -0.0756947068692537, 0.06966631719296747] - [0.1029018062688617, 0.28290482522296984, -0.39259860498569443, 0.006824431400752977] - [-0.011191885419008075, 0.5390097767575868, -0.3594555450325542, -0.16838150715237116] - [0.09786233978300764, 0.01746285479700193, -0.16885144804681845, 0.05352439593206985]
B1: 4.5351704690358275e-06 - -4.5220753022964936e-06 - 2.1597412541278793e-06 - 2.57866493085622e-06
B2: 1.6331273241389522e-07 - 3.3683541442137093e-06 - -2.8049647432116633e-06 - -3.227611136428492e-07
