Number: 5043
Error: 9.602387411934847e-16
A1: [0.06621323395278512, -0.11395202860641608, -0.02398389805011316, 0.07172292033293114] - [0.03740259770628219, 0.18819335565663758, -0.14740896095692282, -0.0781870243568482] - [-0.060229449250492985, 0.3289507252833978, -0.12775318593717638, -0.14096839805257805] - [0.03904618366783267, -0.05332266278365333, -0.03741856666054674, 0.05169514395743992]
A2: [-0.009108454865169915, -0.34680305719055127, 0.2494552122259992, 0.10645680666891985] - [0.08003983454102694, 0.03628226642549941, -0.050250102670054725, -0.06607194982384139] - [-0.04245278700415794, 0.23083192690598137, -0.04053121076615481, -0.14784780308019668] - [0.0681348082565428, -0.29346781975795483, 0.141771272623738, 0.08356189350387473]
B1: 2.772380560599037e-08 - -7.2979845403495264e-09 - -3.4930343228253612e-09 - 5.387913835580321e-10
B2: 3.425645962444098e-08 - 1.8536239156419008e-08 - -1.1577094982736575e-07 - 7.013294226822672e-08
