Number: 2133
Error: 0.0006763500624050729
A1: [0.03009053845619146, -0.033042558771777246, -0.03507848380795352, 0.05581483226121209] - [0.12911027603925224, 0.2559102744754642, -0.08214247993156572, -0.02712214135953224] - [-0.17772112892728853, 0.33197462776268244, -0.17688489685561057, -0.26917551202015944] - [0.21023686284080545, 0.2447991121243838, 0.22917524284700214, 0.1979623258407629]
A2: [0.11675019979117751, -0.22461131874641072, 0.05855248067594633, 0.023766574847561065] - [-0.01969294884207003, 0.14268780130605818, -0.14849324610426715, -0.19062097011571355] - [-0.13210989956864064, 0.4454894511543308, -0.30044314525440907, -0.33544215790997856] - [-0.14728816002823825, -0.09341726591558693, -0.11922799791762057, -0.09294148643701694]
B1: -0.023605722367395627 - -0.005315579610327026 - -0.047105741891743255 - 0.04139777800825156
B2: -0.05480683101536287 - 0.008230368225956759 - 0.014058247289866495 - -0.042223064954561414
