Number: 5319
Error: 1.2476239683918006e-15
A1: [0.06621318050608653, -0.1139520808587739, -0.02398395145488384, 0.07172286697590147] - [0.03740262900231561, 0.18819338555796788, -0.1474089301904585, -0.07818699358766866] - [-0.06022934995173137, 0.32895082065416464, -0.12775308876938057, -0.14096830140731595] - [0.0390460755815416, -0.0533227653751568, -0.03741867123050203, 0.051695040236508734]
A2: [-0.00910846565779642, -0.3468030686398084, 0.249455201345745, 0.10645679535342986] - [0.08003992517595408, 0.03628236406516514, -0.050250003611323056, -0.06607184992406848] - [-0.042452859293832135, 0.2308318471228556, -0.04053128823449377, -0.14784788302953877] - [0.06813476038847653, -0.2934678724626549, 0.14177122073012027, 0.08356183983516977]
B1: -2.4442436683300858e-08 - -5.246266892224312e-08 - -1.2844045543510883e-09 - -1.3052719351925495e-08
B2: 4.4840541253687705e-10 - 3.894371645564431e-09 - 2.777415055682608e-09 - -2.6027692130529684e-08
