Number: 126
Error: 9.0788593014359e-05
A1: [0.009135124371052194, 0.007485522981074683, 0.04238119097134014, 0.03228470776442702] - [0.0872843120456435, 0.21079896493766107, -0.12379262842636668, -0.08685877322555559] - [-0.07500287078925931, 0.4435158893662078, -0.029787649452216625, -0.24621690688650952] - [0.025563321660631626, 0.008922871335752461, 0.025786747701571338, 0.055645811656687263]
A2: [0.2147036755770248, -0.11625858588001887, 0.06058095314354847, 0.049066430944819314] - [0.06720805497577934, 0.23773592103037, -0.08693133431142352, -0.09607545341868094] - [-0.041631547914943716, 0.6253307803931669, -0.19213726819240934, -0.21695294312659416] - [0.04898450374320993, 0.04807870739621691, 0.053268701772764424, 0.05750088341912616]
B1: -8.628199940982016e-05 - 0.1580855054562574 - 0.0016613141076207835 - 0.0019516496872690184
B2: 0.0066251439668938384 - 0.16662641848269918 - 0.0003495232775092465 - 0.0006037501065630361
