Number: 7771
Error: 1.168757157574225e-15
A1: [0.08043168577798675, -0.18046780965727785, -0.019588855881236655, 0.11962497283144877] - [0.03741565917244207, 0.13359646529371985, -0.13472610717736236, -0.03628574596257518] - [-0.0017027951565363757, 0.22819014036251278, -0.12282835882387472, -0.10365888637457052] - [0.03886322490281149, -0.1144810280520061, -0.04641645091601389, 0.12203421843254529]
A2: [0.03530733978741342, -0.029273579356466406, -0.07569744814278284, 0.06966329965719115] - [0.10289357025404597, 0.28289651931730464, -0.39260657074808825, 0.006815807081417517] - [-0.011187159187064425, 0.5390145311379717, -0.3594510715233541, -0.16837652694209929] - [0.09786272868443836, 0.017463245450406874, -0.16885107783863262, 0.05352480414678366]
B1: -5.754674310479949e-09 - -4.090027959351619e-08 - 8.273095270316623e-09 - 9.142538676747545e-10
B2: -3.950769775466097e-08 - 6.239589433222458e-08 - -2.2356683042577194e-08 - -3.5841970300519714e-08
