Number: 5548
Error: 9.147600963552104e-11
A1: [0.06621654225090402, -0.1139487921802757, -0.02398059053046107, 0.07172622436429094] - [0.03740865706301566, 0.18819914599863383, -0.14740300321702204, -0.07818106634928716] - [-0.06020933738966376, 0.32897004332447544, -0.12773350370427278, -0.14094882206417977] - [0.03907295279157242, -0.05329725426997158, -0.03739266780524821, 0.05172083265972855]
A2: [-0.009226886282599317, -0.3469286945394693, 0.24933582254480574, 0.10633263887308951] - [0.08004005533037689, 0.03628250438862234, -0.05024986169857913, -0.06607170667160313] - [-0.04248257839692843, 0.23079904753825087, -0.04056313731464432, -0.14788075177390259] - [0.06808840060522718, -0.2935189166348783, 0.141720961811181, 0.08350986179150593]
B1: -1.642171783070383e-05 - -9.419155122262503e-07 - 1.5587181816338593e-06 - 3.759939817182954e-06
B2: 2.3405538653332253e-07 - 5.568363188901756e-06 - -4.814933780263802e-06 - 1.2385776424563452e-06
