Number: 142
Error: 0.0001122846720424991
A1: [0.008644906443109479, 0.00723195074626754, 0.04188186177532989, 0.031503630305543893] - [0.07169843827180818, 0.19521027777186456, -0.1396003811345408, -0.10377326136340201] - [-0.07666193541682237, 0.4415275661686096, -0.0316370483504469, -0.24844648499991434] - [0.016559929613807898, -0.00030709575420235884, 0.01611743462105171, 0.044907452498241664]
A2: [0.18924543969796043, -0.14117472266268144, 0.035609726251602365, 0.02420038930129532] - [0.05948578008226569, 0.23074001178837647, -0.09387856535054384, -0.10294755550600372] - [-0.05254314151977023, 0.614514872251792, -0.20268113917748193, -0.2275100559795437] - [0.02555085728723123, 0.024549109874056903, 0.030059390822903286, 0.03505733577308148]
B1: 0.0031038238033580423 - 0.07062520269546863 - 0.002109501707217221 - 0.0017518460245916194
B2: -0.003142635582248748 - 0.11704551778238523 - -0.004337426803880791 - -0.003226709220576979
