Number: 195
Error: 8.554916727020488e-07
A1: [-0.011798425697576918, -0.014184913879138571, 0.018414832983659396, 0.008947681700582077] - [0.06713599787542261, 0.1907479975161199, -0.1439683271640803, -0.10855170793092138] - [-0.08808270309197766, 0.42978498498501294, -0.04454380260454616, -0.2624449364866555] - [0.01612182232790898, -0.0016786932131261922, 0.014675254067449192, 0.04335686080987715]
A2: [0.16061267702494372, -0.16872572193616353, 0.007655794172237944, -0.0034682399450898134] - [0.046216206316338035, 0.21808370778142278, -0.10651151492138602, -0.11528597288203384] - [-0.07711494526211657, 0.5903931795058761, -0.2264995093799037, -0.2511757057239649] - [0.004816589871980699, 0.003998863526657434, 0.009737226483422927, 0.015512510745663198]
B1: 0.005640001140271712 - -1.537089361335986e-05 - 0.0015680081277813188 - 0.0009677856692442016
B2: 0.005084057503426779 - 0.004852352883755819 - -0.003623154153127317 - 0.001118049371910448
