Number: 3832
Error: 9.409035952149197e-16
A1: [0.06621315633645986, -0.1139521044883018, -0.023983975605536695, 0.0717228428468667] - [0.03740260002790795, 0.1881933578747717, -0.14740895867461243, -0.0781870220743121] - [-0.0602291385869336, 0.3289510236586626, -0.12775288194015239, -0.14096809569082425] - [0.03904602883705622, -0.05332280974330246, -0.0374187164542712, 0.05169499538005524]
A2: [-0.009108587728216828, -0.34680319813724225, 0.24945507828808366, 0.10645666736943084] - [0.08003975749610881, 0.03628218342598625, -0.05025018687589946, -0.06607203474465076] - [-0.04245284596885435, 0.23083186182891677, -0.040531273955175764, -0.1478478682928885] - [0.06813472749102616, -0.29346790868423667, 0.14177118506640662, 0.08356180295090332]
B1: 6.237565969796495e-10 - 2.5996231330000854e-08 - 8.676134469603989e-09 - 6.359670326411427e-09
B2: -9.242500009598614e-09 - -6.865295109685102e-09 - 2.5457747043988926e-08 - 3.1673055666469884e-08
