Number: 8124
Error: 8.957992237041483e-16
A1: [0.08043172053565247, -0.1804677749035644, -0.019588821165174755, 0.11962500758512196] - [0.03741554431363963, 0.13359635052188226, -0.13472622180721475, -0.03628586075770513] - [-0.001702801737605909, 0.2281901337815787, -0.12282836539531909, -0.10365889295388897] - [0.038863233321884426, -0.1144810196565601, -0.046416442502320736, 0.12203422684637948]
A2: [0.03530740307692621, -0.02927351589186584, -0.07569738796785112, 0.0696633658964784] - [0.10289374137208318, 0.28289669188761246, -0.3926064052448623, 0.00681598626686058] - [-0.01118708373066558, 0.5390146070443738, -0.35945100010215175, -0.16837644743116845] - [0.09786278938352443, 0.0174633064255496, -0.1688510200569826, 0.05352486786098962]
B1: -1.143810048966236e-08 - -2.0100379023144116e-09 - 1.2136646701471764e-08 - 1.1097890283047606e-08
B2: 2.5647449394517472e-08 - -3.254363813684944e-08 - 1.1772816263168502e-09 - 1.223800156572025e-08
