Number: 1656
Error: 2.662353132823685e-08
A1: [-0.007532228350543205, -0.015342900968058916, 0.0026386004962150773, 0.01909119341968013] - [0.06728263560382333, 0.1903230075036234, -0.14626515418900626, -0.10935458450297358] - [-0.111939227608918, 0.44240935729462366, -0.07011826058236044, -0.25741538182151485] - [-0.023116126581867333, 0.015589315380083587, -0.029677402374543613, 0.039174040350303925]
A2: [0.1314279565654805, -0.22478601953719152, 0.022499910542022366, 0.06999990516858813] - [0.03273331361318929, 0.2038351628985524, -0.11480130126740037, -0.12137198456414078] - [-0.09488498708562143, 0.5552848939095292, -0.2354662197173625, -0.22589529585630405] - [-0.02087058170168659, -0.019329703673511913, 0.00807031163140487, 0.03213323358107758]
B1: 5.1095029770313335e-05 - 0.00014236909589486517 - 1.4429577724280472e-05 - 0.00018354461536742922
B2: -0.000273613377764137 - -9.01609254024157e-05 - 0.0008205708954776054 - -0.0002850634862792393
