Number: 7890
Error: 9.606748334667467e-16
A1: [0.08043166831447017, -0.18046782711881879, -0.01958887332387765, 0.11962495536992354] - [0.037415566600615784, 0.1335963727919476, -0.1347261995647451, -0.03628583848312764] - [-0.0017028226608242687, 0.22819011285880902, -0.12282838628789451, -0.10365891387151967] - [0.03886320995391295, -0.11448104295895538, -0.046416465855393586, 0.12203420349293384]
A2: [0.03530738760284394, -0.02927353140877917, -0.07569740268042581, 0.06966334970117058] - [0.10289368905010145, 0.282896639121587, -0.3926064558500337, 0.006815931478157203] - [-0.01118711807910305, 0.5390145724911151, -0.3594510326137367, -0.16837648362524718] - [0.09786276739946798, 0.017463284341535466, -0.16885104098439513, 0.0535248447849228]
B1: 3.8768437525771585e-09 - 5.056083374150843e-09 - 1.2991304583517498e-08 - 8.867609532396034e-09
B2: -8.523013216182744e-09 - 3.591660651456073e-08 - -8.807649906076741e-09 - -1.0176541789105987e-09
