Number: 291
Error: 2.2043390609923226e-08
A1: [-0.012486732336237982, -0.0148595795507575, 0.017718881396017544, 0.008227008418638274] - [0.06500595432694171, 0.1886975049379123, -0.1461799906081032, -0.11093188068694662] - [-0.09579397281197195, 0.422268740171689, -0.05291544919588005, -0.2714541841417304] - [-0.001113283971344242, -0.018018753818987567, -0.00361328002323099, 0.0236174397488246]
A2: [0.16169421849711554, -0.1676493336411626, 0.008606847707416201, -0.002228121936604541] - [0.035569644436499494, 0.20759928026212077, -0.11712691383822284, -0.12570997810026305] - [-0.08603697108355997, 0.5817110195698014, -0.2352169084801509, -0.2597633111009117] - [-0.0037222183935725663, -0.0044083757772071614, 0.0012221036788759028, 0.007351501347735933]
B1: -6.533196084416481e-05 - 0.0001709957110992078 - -3.9886157885827815e-05 - -6.766745444956504e-05
B2: 3.338697447923332e-05 - 0.0003756608773147584 - -4.869341894176959e-05 - -0.00014959626192116393
