Number: 9141
Error: 4.057477843396874e-06
A1: [0.05112122646325591, -0.15016397902485135, -0.029159695895455688, 0.1196772675778699] - [0.005961199741776789, 0.13143873944334455, -0.1130862713326046, -0.021914794600246628] - [-0.014853644276229346, 0.2227725581518335, -0.12741975883154738, -0.08184505305196224] - [0.024266676020075796, -0.10291841222563128, -0.05232169580538231, 0.11942371690980086]
A2: [0.10996970395694208, -0.05214721537599369, -0.10315913547730639, 0.12834011879386287] - [0.1194137281306337, 0.26040961676612995, -0.3944790352998464, 0.0569242652150293] - [0.051273009024586765, 0.47715702618499867, -0.36341520962825824, -0.10675012987876996] - [0.14579974690126427, -0.04220657441517005, -0.19922253477586452, 0.10507779186775454]
B1: 0.003826330260134526 - -0.0003334676283553732 - -0.0013154253282450076 - -0.0022805222639832212
B2: -0.0006850357232340819 - -0.0003120956356010246 - -0.002221588458207112 - -0.0017822003297217242
