Number: 2574
Error: 1.3222191558671697e-08
A1: [0.06365818301493706, -0.04764393042389981, -0.023219627944004177, 0.00807927389143164] - [0.04417352612193956, 0.19176519727985536, -0.14203760574464236, -0.09194992302898063] - [-0.12342340382582515, 0.41489182162637833, -0.10482713920712528, -0.18704010364388482] - [0.03727727656394597, 0.01944875080027492, -0.03285504340315821, -0.022775867428363128]
A2: [0.06372963032278646, -0.17340409589082087, 0.0866172391266107, 0.024243137617845033] - [0.02924838195213331, 0.20025744949128957, -0.10175140700015142, -0.12791404979362037] - [-0.09341701760355577, 0.5136737633951001, -0.22561689148246844, -0.1951053748098983] - [-0.026050823647318973, 0.018399638821723567, -0.05041973010885241, 0.05685488824769385]
B1: -8.090293368892009e-05 - -0.00014334190820250773 - 4.9192878404064654e-05 - 0.00015389613177107917
B2: 3.641515528702757e-05 - -0.00029029979724423774 - 2.923474299337689e-05 - -2.5161168492964977e-05
