Number: 589
Error: 1.4190299756340003e-14
A1: [-0.012153379300571329, -0.014517155170803523, 0.018087299465630372, 0.008583112877933022] - [0.06583534988290678, 0.18949537100541233, -0.14532245191667473, -0.11000843331256398] - [-0.096293054105184, 0.42178610917447046, -0.053457311626363295, -0.2720357110039173] - [-0.0013212336484047355, -0.018218988473980024, -0.0038348269403174263, 0.023377051733569316]
A2: [0.16158680843935527, -0.16775468728403448, 0.008501419758530016, -0.0023329840633185108] - [0.035485801707720546, 0.2075167986989411, -0.1172103463619727, -0.1257919530691463] - [-0.08621380121554542, 0.5815378705051362, -0.23538897624666896, -0.2599358183308029] - [-0.003834710895363432, -0.004519037663341072, 0.0011105106617834255, 0.007243638076740634]
B1: -1.0092161839241943e-07 - 9.123344825274353e-08 - 6.395516065137248e-08 - -8.427065767828044e-08
B2: 4.1559182171107084e-07 - 9.040576702025252e-08 - -6.428236391140079e-07 - 3.8293244899169415e-07
