Number: 5447
Error: 4.244316494279616e-15
A1: [0.06621319965704231, -0.11395206213572621, -0.023983932318964306, 0.07172288609471109] - [0.0374026706725723, 0.18819342537116007, -0.14740888922535314, -0.07818695261895235] - [-0.06022911193240576, 0.32895104925901003, -0.12775285585721868, -0.14096806974774556] - [0.03904628139486717, -0.05332257002450755, -0.03741847211262462, 0.051695237737660334]
A2: [-0.009108274032885413, -0.34680286535643073, 0.24945539452093632, 0.10645699626116581] - [0.08003949000016046, 0.03628189525686837, -0.05025047923262932, -0.06607232958413643] - [-0.042453019445503004, 0.2308316703703189, -0.04053145985919577, -0.14784806015046803] - [0.06813471022752834, -0.29346792769186064, 0.1417711663505986, 0.08356178359571671]
B1: 7.1777075365277e-08 - 8.404025894803368e-08 - -1.013391260301218e-08 - 4.211540746335333e-08
B2: 8.227481423727722e-08 - 1.202224296961844e-07 - 1.0321807749382011e-07 - 5.603034227912523e-08
