Number: 2200
Error: 0.0005079895151220328
A1: [-0.0002166280195240733, -0.08962056219564722, -0.05450258811196285, -0.013366828629543118] - [0.04325035330516292, 0.17663917661290596, -0.16566800717347402, -0.115977503358694] - [-0.08494389750111397, 0.452717550488631, -0.06617491248815449, -0.16496988925699774] - [-0.005444751651581954, 0.0028303382759843625, -0.03753700515087214, -0.03829596741001375]
A2: [0.2223809105349424, -0.06864868038862659, 0.22818596279170578, 0.17573845628371126] - [0.039058777573238404, 0.20532372694729548, -0.09684235374043706, -0.1228525424568548] - [-0.1548324037031124, 0.475989819991757, -0.26730566864246114, -0.2545243271990994] - [-0.13579225310701276, -0.04998981971706483, -0.10772897204998409, -0.025978431243434012]
B1: 0.05760680921140954 - -0.014573494054836555 - -0.022679981561591275 - -0.002639029976992631
B2: 0.003965121602342853 - -0.0036326343584189213 - -0.017898733229594697 - 0.0009159244070520453
