Number: 7910
Error: 6.637772698567812e-16
A1: [0.08043169248095906, -0.18046780295506798, -0.019588849186288358, 0.11962497953365049] - [0.03741568144260115, 0.13359648754702058, -0.1347260849515685, -0.03628572370474982] - [-0.0017028080369057797, 0.2281901274824156, -0.12282837168538825, -0.10365889925150415] - [0.03886326182331171, -0.11448099123512065, -0.0464164140190483, 0.12203425533009453]
A2: [0.03530727232832298, -0.029273647002123346, -0.07569751228211882, 0.06966322905403724] - [0.10289362253857551, 0.2828965720455811, -0.39260652017915254, 0.006815861830932611] - [-0.011187067315241378, 0.5390146235577498, -0.3594509845645727, -0.16837643013366785] - [0.09786271484160153, 0.017463231544605766, -0.16885109101614443, 0.053524789616342765]
B1: -3.762909955025545e-09 - 2.7682871081577355e-08 - 3.5626233538739665e-08 - 2.792773970828755e-08
B2: 3.748383682037992e-09 - 3.0625146407371686e-08 - 2.1561663329395453e-08 - 1.2459989272951916e-08
