Number: 8439
Error: 1.1232280109257037e-15
A1: [0.08043166845997402, -0.18046782697331623, -0.01958887317858377, 0.1196249555154045] - [0.03741562392908278, 0.13359643007703295, -0.1347261423503947, -0.03628578118636376] - [-0.0017028215508912241, 0.22819011396872094, -0.12282838517958965, -0.10365891276187582] - [0.03886320038727715, -0.11448105249870215, -0.046416475415925425, 0.12203419393226914]
A2: [0.0353074516499031, -0.02927346718456511, -0.07569734178519452, 0.06966341673325896] - [0.10289374774047542, 0.2828966983100816, -0.39260639908541684, 0.006815992935489395] - [-0.011187091367889444, 0.5390145993615975, -0.35945100733095864, -0.16837645547876454] - [0.09786282377347746, 0.017463340971932945, -0.16885098731990184, 0.05352490395916543]
B1: -2.5618252172008798e-09 - 5.01759075199267e-09 - 4.451185897844618e-09 - 3.1343373185411717e-09
B2: -1.2228065703891011e-08 - 3.119062241402526e-08 - 3.2587386000293035e-10 - -1.8351392182924616e-08
