Number: 9119
Error: 1.172934588959384e-05
A1: [0.06018209771692792, -0.14138964848154503, -0.019955907475302896, 0.12835274535063168] - [0.014828567415127185, 0.14055227787347793, -0.10391526929004119, -0.012690431839810083] - [-3.8835365019312495e-05, 0.23797542204250344, -0.11225483117979751, -0.06640248161444484] - [0.03672053230150542, -0.09040221558834835, -0.03946388222122504, 0.13203302406755615]
A2: [0.10587594335053774, -0.05581153539624454, -0.10644447251371024, 0.12454847678126292] - [0.10187433850973357, 0.24280036564257024, -0.41167766663932104, 0.0390476048230051] - [0.03314996365001252, 0.4593502332991338, -0.38070071552084284, -0.12502383098347777] - [0.12656714961159476, -0.061565170504151626, -0.21834354947219586, 0.08534216172848279]
B1: 0.0061940425765191305 - 3.099804468222197e-05 - -0.000295423984384195 - -0.003677964227563766
B2: 0.0008957073518810518 - -0.001988337697508895 - -0.0016927547272084986 - -0.0007147073025680192
