Number: 2069
Error: 0.00014836221982105359
A1: [0.07741482841897103, 0.04395092260182776, 0.05589371467807185, 0.06414690825363129] - [0.05116881625114382, 0.17974697592529326, -0.1589904912466003, -0.1251360970526945] - [-0.14913102207686255, 0.40841552337453835, -0.09879219744471633, -0.25463587491966055] - [-0.0296159666167641, -0.0045680390067711334, -0.07504647328064404, -0.03437021709870562]
A2: [0.14526938639339232, -0.17781669462510707, 0.08685021194364102, 0.0991560594845602] - [0.03510206568006657, 0.19929168896228816, -0.12040069297520413, -0.12447066265775174] - [-0.08279768223643943, 0.5603422741009344, -0.22068547307030884, -0.21089905850624327] - [0.05468278528256862, 0.05179091537080452, 0.046283160532581094, 0.13893411489131213]
B1: -0.0015122971110575405 - 0.004715467865270852 - -0.013057370996828584 - 0.019169362850148947
B2: 0.027409285395601606 - -5.519321674730352e-05 - -0.0006665727600441072 - -0.0032871985392233525
