Number: 730
Error: 1.1187768737280002e-13
A1: [-0.012152804059797507, -0.014516564337785564, 0.018087935279211636, 0.008583727588624765] - [0.06583540778671582, 0.18949542670633326, -0.1453223920490785, -0.11000836884236431] - [-0.09629211912298549, 0.4217870128148587, -0.053456297062675615, -0.27203462170622894] - [-0.0013210718716702684, -0.018218832890282675, -0.0038346547371730585, 0.023377238718611974]
A2: [0.16158649255717608, -0.16775499722065032, 0.008501110239303021, -0.002333292005641738] - [0.0354857670415167, 0.20751676458979298, -0.1172103808827333, -0.1257919869815514] - [-0.08621340991870023, 0.5815382537756772, -0.23538859550579888, -0.25993543675803993] - [-0.00383418641276941, -0.004518521903918725, 0.0011110297670468836, 0.007244139864479975]
B1: 2.010907019148732e-07 - 1.5433473908213103e-07 - -1.3372890507530093e-08 - -4.666353048487267e-08
B2: -1.515422728933965e-07 - -6.982664309684347e-07 - -3.775866216846348e-08 - -1.1395515865636512e-07
