Number: 5019
Error: 1.3488148743814276e-15
A1: [0.06621317564857655, -0.11395208560773404, -0.02398395630856444, 0.07172286212657342] - [0.03740264805076234, 0.18819340375738797, -0.1474089114644343, -0.07818697485998166] - [-0.06022947988495545, 0.3289506958606877, -0.1277532159142463, -0.14096842786842223] - [0.03904625395707708, -0.05332259606769995, -0.03741849865802042, 0.05169521140781413]
A2: [-0.009108675504093248, -0.3468032912534647, 0.24945498980194925, 0.10645657534143152] - [0.08003981158455707, 0.03628224169482643, -0.050250127760143495, -0.06607197512697247] - [-0.04245288078664903, 0.2308318234020897, -0.0405313112669739, -0.14784790679980453] - [0.06813473469294737, -0.29346790075445467, 0.14177119287390064, 0.08356181102576338]
B1: -9.464647029560345e-09 - 1.0501462127213361e-10 - 1.783258301683167e-08 - 6.522442012235532e-09
B2: 7.486680247620801e-09 - 5.887677618715199e-09 - -7.349881912268647e-08 - 3.477094581092669e-08
