Number: 3070
Error: 2.4916179545267517e-06
A1: [0.06271974826270386, -0.04858578154764295, -0.024153323997504143, 0.007138749569386778] - [0.042473402225069304, 0.1901248922556797, -0.14378243250500716, -0.09381257306130504] - [-0.12478447431485021, 0.41353640320901325, -0.1061943304725981, -0.18839365592521917] - [0.036239458184723995, 0.018401047938833535, -0.0339039553908614, -0.023827903500765156]
A2: [0.06736946538453079, -0.16977096256330726, 0.0902389141837478, 0.027835649481318836] - [0.030416287946861652, 0.2014107622846134, -0.10058971304369, -0.12677195206448114] - [-0.08888830466032392, 0.5181195771417365, -0.22107493515790624, -0.19071488803398745] - [-0.019968401945206535, 0.024439665025887587, -0.04433601620803036, 0.06278351800972319]
B1: 0.0014132204398547717 - 0.00041703496952692114 - 0.0009369720951505243 - 0.0005445134309016847
B2: -0.0005192538875015804 - -0.0009030321235662872 - -0.0004675070689294026 - -0.00012091758954575001
