Number: 428
Error: 1.2890356713421376e-11
A1: [-0.01217101227700668, -0.014535265855567173, 0.0180678100432323, 0.008564270263186896] - [0.06584576332430699, 0.1895053883539196, -0.14531168527607433, -0.10999683903605387] - [-0.09629972881436442, 0.42177965866924605, -0.0534645541199027, -0.2720434870189625] - [-0.0013317312181820174, -0.01822908364834165, -0.003846000846625186, 0.023364918673264096]
A2: [0.16158965393151753, -0.16775189554859077, 0.008504208290439883, -0.002330209673919801] - [0.035480119449587476, 0.20751120773059978, -0.11721600478203081, -0.12579751176707918] - [-0.08621475910859268, 0.5815369324202408, -0.23538990793297887, -0.25993675211592004] - [-0.0038309698218422132, -0.00451535869461781, 0.0011142137412802878, 0.007247217573782799]
B1: 3.4324690978582775e-06 - 6.371752452498056e-06 - -2.3980561731232404e-06 - 2.928269436548587e-06
B2: -2.6649994973056545e-06 - 5.651951547353846e-06 - -8.246490768745317e-07 - -1.6342063628578855e-06
