Number: 9178
Error: 1.648792376944454e-07
A1: [0.054130865080621864, -0.14704219561745208, -0.026047510872064788, 0.12279297993641758] - [0.007410253744721923, 0.1329425049803576, -0.11150939103077245, -0.020439441766892837] - [-0.01364346989642284, 0.22390772051783256, -0.1262356176647241, -0.08078656730011426] - [0.029144381129649337, -0.09802399315017814, -0.04742646237149026, 0.12430527615702713]
A2: [0.09273661843437772, -0.06945152863858552, -0.1202146571251428, 0.1108160790848706] - [0.10838217897637989, 0.24935166314734136, -0.405297257989534, 0.045723917049695625] - [0.03580191668707612, 0.4617185200510497, -0.3785331440187782, -0.12231623300017437] - [0.14478483923360028, -0.04324980612293016, -0.20016920864914337, 0.10406071303481511]
B1: -0.00015171683002437983 - -0.00018803884138572695 - 0.0006542558643823453 - -0.0007225994982281913
B2: 0.0005029614345448188 - -2.0241924588969187e-05 - 0.0008650643310519977 - -0.0006367039072172467
