Number: 5979
Error: 2.7337965071058402e-11
A1: [0.08041320728964065, -0.18048628587164098, -0.01960731129571592, 0.11960649699801679] - [0.03742502573131527, 0.13360582438789467, -0.13471676046050107, -0.0362763852623403] - [-0.0017105166926406337, 0.22818241909886788, -0.12283606861890477, -0.10366660563414082] - [0.03885148882427844, -0.11449273096360006, -0.04642817881170846, 0.12202249000870452]
A2: [0.03524481896597477, -0.02933627414832987, -0.07575689242109376, 0.06959786479415779] - [0.10285247160083819, 0.2828550710800967, -0.39264632119375903, 0.0067727705836039785] - [-0.011161805620506428, 0.5390400363089104, -0.3594270738329705, -0.16834981100278312] - [0.09784723968737778, 0.017447685852228504, -0.16886582243860063, 0.05350854576454379]
B1: -5.2540863540661106e-06 - 5.376355134966823e-06 - 1.220077988600298e-06 - -5.199697017935447e-06
B2: -4.893054833919237e-06 - 9.75546624558033e-06 - 1.7288847667582648e-06 - 1.9910444797361057e-06
