Number: 8592
Error: 9.984276892713648e-16
A1: [0.08043172177891549, -0.18046777366039224, -0.019588819923375037, 0.11962500882827752] - [0.03741558977908866, 0.13359639595295933, -0.1347261764322354, -0.03628581531736824] - [-0.0017027502211371364, 0.22819018529694832, -0.12282831395428064, -0.10365884145115996] - [0.03886327132923361, -0.11448098175578518, -0.04641640451916408, 0.12203426483016787]
A2: [0.03530749723569522, -0.029273421472702985, -0.07569729844268838, 0.06966346444355434] - [0.10289367149751681, 0.2828966214200685, -0.39260647282669636, 0.006815913098094527] - [-0.011187141846711946, 0.5390145485817441, -0.35945105511041997, -0.1683765086698725] - [0.09786280676568844, 0.017463323886777685, -0.16885100351025295, 0.05352488610654937]
B1: 2.3316661969313625e-08 - -1.8192404446472027e-08 - 1.0971117919735602e-08 - -9.304389535778852e-09
B2: -6.824859516882667e-09 - -3.321082752586257e-08 - 1.6942240777014402e-08 - -4.364118399477721e-09
