Number: 2190
Error: 0.00020537640971393518
A1: [0.048931978508074625, -0.03765160789596954, -0.0016140045735162055, 0.03926307174540359] - [0.07527368694896232, 0.20696680303969195, -0.13369633982216783, -0.08097244878825859] - [-0.15859176508032166, 0.3843538698872365, -0.131714305175638, -0.24227772456695212] - [-0.021744880627887635, -0.004396611491096568, -0.04277047585985493, -0.04779961827821549]
A2: [0.03828309952527265, -0.2566101061777898, 0.06347318094170631, 0.00360175669370133] - [0.02794259744733393, 0.19463143224142865, -0.10753136627848187, -0.13351909835836254] - [-0.06871986585426747, 0.5630350364847927, -0.18842893656493798, -0.17315607081284978] - [0.044232284286499945, 0.13052080391884016, 0.06907095382971291, 0.1448465627289317]
B1: -0.0370951599176012 - 0.00020683564053115486 - -0.0022226752880517685 - -0.02783198337072655
B2: -0.001879875528977986 - -0.006043159761653431 - 0.0023700951761878985 - -0.011742150529664427
