Number: 1470
Error: 4.031370557328891e-09
A1: [-0.007008672005301101, -0.014813392433512634, 0.0031829473904351584, 0.019638313194263388] - [0.06674160712229248, 0.1898025128289022, -0.14682311660240674, -0.10995706092507337] - [-0.11282142663065389, 0.44155381327991766, -0.07103549605843915, -0.2583554476302905] - [-0.02410974181092489, 0.01461650981253579, -0.03069039626438984, 0.03813013060452104]
A2: [0.1316794959852982, -0.22453650314617193, 0.0227585033732653, 0.07025176101352432] - [0.03267985514576591, 0.20378230675725573, -0.11485481525364995, -0.1214245994407483] - [-0.09484052564478054, 0.5553254904109086, -0.23541662242439987, -0.22584946555539262] - [-0.020896358563778097, -0.019343881625447215, 0.008049596630318782, 0.032115114665962056]
B1: 1.728370156321447e-05 - -2.0594712506514007e-05 - 2.5687797256849548e-05 - -4.584066347971601e-05
B2: 0.00010478649645577915 - 5.325204009564937e-05 - -3.786601178798262e-05 - -9.112719451643146e-05
