Number: 1657
Error: 8.530315685192364e-08
A1: [-0.00709869011859489, -0.014905400017754141, 0.0030893031619634126, 0.019536465368727822] - [0.06726665162691008, 0.1903076268415275, -0.14628167777218468, -0.109372369357347] - [-0.11358358732905548, 0.4407972427151243, -0.07183186300350233, -0.2591959014793313] - [-0.022242071781340675, 0.016448039543681556, -0.028785313428525666, 0.04009668404839108]
A2: [0.13137984908791686, -0.22483342333549133, 0.02245237598341335, 0.06995284496634625] - [0.032677031485781105, 0.20377976486422195, -0.11485738625974382, -0.12142702188721746] - [-0.09495457407899793, 0.5552163386942954, -0.23553479142144512, -0.22596371379641764] - [-0.020875331665814102, -0.019334408671136494, 0.008065560318983674, 0.03212870268845206]
B1: -3.173766499872501e-05 - 0.0001582215765935528 - -8.203107559706531e-05 - 0.0001464173899632366
B2: -0.00020350069195138032 - 1.1997085859267667e-05 - 0.0010869533128368394 - -0.00038300325338288675
