Number: 415
Error: 1.7969202713617282e-11
A1: [-0.012115829281084066, -0.014478586355231218, 0.01812880458862827, 0.00862324055812388] - [0.06583787839018777, 0.1894978033937263, -0.14531983761014702, -0.11000561816698874] - [-0.096282905749995, 0.42179591827636664, -0.05344629866915754, -0.27202388720664145] - [-0.0013070922169044496, -0.01820538738952871, -0.003819772870670058, 0.02339339748719304]
A2: [0.16159248971215845, -0.16774911354741937, 0.008506986767485415, -0.002327445256614105] - [0.03547956514466762, 0.20751066234787227, -0.11721655677923841, -0.12579805405209557] - [-0.08621403921607733, 0.5815376375182134, -0.235389207599326, -0.2599360503438317] - [-0.0038445657826853778, -0.004528728424093418, 0.0011007572163101403, 0.007234210047143594]
B1: -1.1558088411817025e-06 - -5.138592552887202e-06 - -1.8827179601197875e-06 - 1.4938257530106842e-06
B2: -1.1763955655646296e-05 - -7.137149708558865e-07 - 6.410069197472716e-06 - 4.971870405718124e-06
