Number: 2379
Error: 1.2802664765376412e-05
A1: [0.05605375165512612, -0.05617532821260932, -0.03184918886969276, 0.00017415961996210998] - [0.042931552876572236, 0.19050411199180547, -0.143644291881265, -0.09324386841197965] - [-0.13080794663857137, 0.408092819138125, -0.11168262339478316, -0.19435912074062897] - [0.03531398306135876, 0.017934285447825903, -0.03418113229312307, -0.02462292293003597]
A2: [0.08132715321163132, -0.155625894163977, 0.10438655439766573, 0.04153876777926286] - [0.03570035078413345, 0.20660569635706208, -0.09533320111367531, -0.12161311208958366] - [-0.07629422196416213, 0.5312617367198799, -0.2076654844513756, -0.17772744543952634] - [-0.005149315028284234, 0.039432881223552374, -0.02898416003879852, 0.07732425587881683]
B1: -1.173409310897106e-05 - -0.0011216189135145127 - -0.0008371854467561757 - 6.6876076835477e-05
B2: 0.0019781050544740247 - -0.00021749749664056253 - 0.003819557823327815 - 0.0053300596012004695
