Number: 7909
Error: 5.847375877923091e-16
A1: [0.0804316902235643, -0.180467805212207, -0.019588851440983743, 0.11962497727651365] - [0.037415695867521484, 0.13359650196102277, -0.13472607055539204, -0.03628570928782093] - [-0.0017028052378923215, 0.22819013028136925, -0.12282836889047337, -0.10365889645323786] - [0.038863264144752954, -0.1144809889201943, -0.04641641169908668, 0.1220342576500928]
A2: [0.035307263439023205, -0.029273655916009805, -0.07569752073396349, 0.06966321975043284] - [0.10289362682502025, 0.28289657636840476, -0.39260651603335656, 0.006815866319462599] - [-0.011187052768470334, 0.5390146381912848, -0.3594509707957181, -0.1683764148052484] - [0.09786272073190394, 0.017463237461700757, -0.16885108540895075, 0.05352479579923489]
B1: -9.072906110232459e-09 - 2.605789419810828e-08 - 4.01764435370512e-08 - 2.723272860366858e-08
B2: -4.07065796490951e-10 - 4.2873314480758587e-08 - 1.9583903881018994e-08 - 1.2629446704756539e-08
