Number: 6107
Error: 2.998542012708732e-15
A1: [0.08043168650331216, -0.18046780893205838, -0.019588855156797647, 0.11962497355666894] - [0.03741565575759815, 0.13359646188142318, -0.13472611058544026, -0.03628574937555257] - [-0.0017028129808677954, 0.2281901225385591, -0.12282837662211836, -0.10365890419418315] - [0.038862861080283966, -0.11448139085350731, -0.04641681450672293, 0.12203385483612454]
A2: [0.035307357529522514, -0.029273561565315014, -0.07569743127362276, 0.06966331822610584] - [0.10289373801266656, 0.28289668849966937, -0.3926064084940444, 0.006815982749041048] - [-0.011187278103582974, 0.5390144115121523, -0.35945118408023474, -0.16837665224873596] - [0.09786282813930659, 0.01746334535764674, -0.16885098316393446, 0.05352490854194807]
B1: 4.482632991296041e-08 - 7.404043928160114e-08 - 7.625938278854063e-08 - 1.5718741867516563e-08
B2: 3.3290925208878824e-07 - 4.3049446073751923e-07 - -4.143349137798525e-07 - -4.096894617995562e-09
