Number: 2567
Error: 2.2873468229891508e-08
A1: [0.06385506407651032, -0.04744788767302112, -0.023024680989992566, 0.00827439546860006] - [0.04340524257461551, 0.19102321647552106, -0.1428290410707501, -0.09279526235494623] - [-0.12277645038749317, 0.4155364301368749, -0.10417759754837587, -0.18639299477550075] - [0.037385941801664505, 0.01955763719717646, -0.032746408478385315, -0.022667711808872674]
A2: [0.06275042808127933, -0.17437878541241256, 0.08564041843899718, 0.02327592463009919] - [0.029580028177434554, 0.20058409156064308, -0.10142088226213371, -0.12758945262520233] - [-0.09285339128110875, 0.5142266363080295, -0.225052016491339, -0.19455950181724907] - [-0.02506670318124319, 0.01937803518052675, -0.049434739857242886, 0.057812977136073855]
B1: 0.00025130388763039055 - 5.355607592064367e-05 - -0.00017269808306646486 - -0.0002668676777395207
B2: -0.00012132408097218251 - -6.169033544343708e-05 - -3.568972553184082e-05 - -5.277975715352666e-05
