Number: 2378
Error: 9.585205040201147e-06
A1: [0.0578521200023692, -0.05437140543233952, -0.030068464129529536, 0.0019629074334652765] - [0.04526323406661365, 0.19277041577069406, -0.14124121436517087, -0.09068534895168068] - [-0.13184658450480727, 0.40704625992250304, -0.11272776716912386, -0.19539777806479786] - [0.032771466961686424, 0.015358105123287545, -0.03673579490515975, -0.02716313174738238]
A2: [0.08519660890218156, -0.1517598092103019, 0.1082379900812273, 0.04535009021314665] - [0.03455960322283615, 0.20547970672160626, -0.09647088541904444, -0.12272986820085681] - [-0.07668915996681763, 0.5308717818232724, -0.20807457181692188, -0.17811874841686226] - [-0.0031867099275603365, 0.04140603967681663, -0.0270221960978538, 0.07924333380684173]
B1: 0.0018152264104130396 - 0.002133991471825217 - 0.0016521962053328487 - 0.0009751158681310323
B2: -0.000369145936611206 - -0.00447347239369855 - 0.0013923429650745955 - 0.0019948995022197854
