Number: 6797
Error: 9.344571472430944e-16
A1: [0.0804316638494012, -0.18046783158337087, -0.019588877783610074, 0.11962495090536354] - [0.03741556369049536, 0.13359636988404386, -0.13472620246907727, -0.03628584139163546] - [-0.0017028510281545874, 0.22819008449208866, -0.1228284146136949, -0.10365894223128454] - [0.03886320596521458, -0.11448104693644455, -0.046416469841548486, 0.12203419950671748]
A2: [0.035307391794988825, -0.029273527205064105, -0.0756973986945276, 0.06966335408864287] - [0.10289366740538827, 0.2828966172931427, -0.3926064767844984, 0.006815908812917835] - [-0.011187118336219866, 0.5390145722324733, -0.35945103285708724, -0.1683764838961999] - [0.0978627636599257, 0.017463280584973567, -0.168851044544157, 0.05352484085957038]
B1: 2.476908600564479e-09 - -1.38375502853801e-08 - 8.738007382885065e-09 - 4.041836657930339e-09
B2: 5.038083887549656e-09 - 2.739348078912532e-10 - -5.508998194680025e-10 - 1.3758187310469857e-09
