Number: 6754
Error: 7.801059261856659e-16
A1: [0.08043162345427042, -0.18046787197392725, -0.01958891813043992, 0.11962491051484637] - [0.037415544566845024, 0.13359635077486706, -0.1347262215546231, -0.03628586050469242] - [-0.0017028630454552138, 0.228190072475044, -0.12282842661340007, -0.10365895424537798] - [0.03886318530226965, -0.11448106754140179, -0.046416490491326554, 0.12203417885661494]
A2: [0.03530742109991763, -0.029273497819081166, -0.07569737083177785, 0.06966338475943326] - [0.10289373930099287, 0.2828966897989341, -0.3926064072480125, 0.006815984098128694] - [-0.011187136325305495, 0.5390145541360907, -0.3594510498841444, -0.16837650285193148] - [0.09786278284168265, 0.01746329985398235, -0.16885102628436713, 0.05352486099417288]
B1: -1.4117370262924124e-08 - -8.1754354207116e-09 - -1.8615074855695714e-08 - -1.6653595608012993e-08
B2: -2.273522878577687e-08 - -1.1864643225227122e-08 - -1.20477669391156e-08 - -1.0800482522366531e-08
