Number: 8443
Error: 1.0310067241033724e-15
A1: [0.08043167216800262, -0.18046782326570715, -0.019588869474988446, 0.11962495922300996] - [0.037415601338301525, 0.13359640750334828, -0.13472616489616496, -0.03628580376463205] - [-0.0017028244172337989, 0.22819011110243945, -0.12282838804173551, -0.10365891562745344] - [0.03886320824686791, -0.11448104466116728, -0.04641646756134221, 0.1220342017869757]
A2: [0.03530746816136634, -0.029273450627437123, -0.07569732608626768, 0.06966343401425613] - [0.10289375427922665, 0.2828967049043263, -0.39260639276121484, 0.006815999782506302] - [-0.01118708405126103, 0.5390146067218646, -0.3594510004055934, -0.16837644776899696] - [0.09786283501541272, 0.01746335226500183, -0.16885097661828327, 0.053524915759510634]
B1: -1.4460891652559905e-09 - 7.238179132819418e-09 - 6.05134996025614e-09 - 1.2659334069625805e-09
B2: -5.348794352520641e-09 - 2.4402064857621587e-08 - 2.19714069410383e-09 - -7.48783941154793e-09
