Number: 2265
Error: 0.0001950927064865231
A1: [0.05451754550249968, -0.04952387016618331, -0.025210947053247265, 0.003755575564311348] - [0.036638028117047645, 0.17660604848084452, -0.1662662260115177, -0.11483052565888983] - [-0.10449879534794371, 0.4483176895541401, -0.06735897367233462, -0.14916583155494137] - [0.03717672274635019, 0.03388016110543091, -0.013239590369006793, -0.014089970276565474]
A2: [0.004667705597527747, -0.24117060276852773, 0.032481941480800136, -0.03630657665410649] - [-0.004442697228853577, 0.16751528035046429, -0.13321951948344152, -0.16178433393963754] - [-0.18276247451522956, 0.4434348475483083, -0.30788280049390226, -0.28052802733938004] - [-0.015102972499012109, 0.04668369583122472, -0.03496780371403172, 0.07443953195201988]
B1: -0.00808320522484097 - 0.001862804591767837 - 0.02929053979422025 - 0.006027024754881167
B2: 0.014896144780784278 - 0.004004858168119218 - 0.023709705463445717 - 0.020526059565976904
