Number: 2450
Error: 3.0160836253100022e-06
A1: [0.06244097562884636, -0.048932358966009344, -0.024346804275259277, 0.0069226857680705] - [0.046804327121127844, 0.19428673766804924, -0.13938201961046207, -0.08909773325899645] - [-0.12334541242561733, 0.414962059887957, -0.10481825159244262, -0.18707388594160798] - [0.044195630341012634, 0.026436720629092317, -0.025935577025891124, -0.015936014781487456]
A2: [0.06521260510708153, -0.1719961520418745, 0.08813587579651411, 0.02576171633686648] - [0.026144706370117315, 0.19717808058537464, -0.10486327667178878, -0.13097839355128907] - [-0.09126771723388334, 0.5159500997356059, -0.22325570952456317, -0.19284166422771254] - [-0.02404940744057275, 0.02050119178977769, -0.04820759034161613, 0.05898662602345245]
B1: 0.0008792499843411198 - -0.0012940017027605307 - 0.002749739994827813 - 0.00255988788731805
B2: -0.002697724426540926 - 0.000810177087009293 - 0.00014097804024157 - 0.0018649477582987687
