Number: 4767
Error: 1.0748686755406187e-15
A1: [0.06621324540372928, -0.11395201741139827, -0.02398388660818558, 0.07172293176462013] - [0.037402673397460236, 0.1881934279744245, -0.14740888654670148, -0.07818694994004514] - [-0.060229389896846494, 0.3289507822893967, -0.12775312785717297, -0.14096834028494795] - [0.03904620087053181, -0.053322646455545276, -0.037418550017585823, 0.05169516046526449]
A2: [-0.009108625696911003, -0.3468032384160153, 0.24945504001205623, 0.10645662756133334] - [0.08003986343781232, 0.03628229755558227, -0.050250071087567, -0.06607191797317039] - [-0.04245275149667458, 0.23083196609418952, -0.040531172714972974, -0.14784776381028322] - [0.06813484358148886, -0.29346778086370745, 0.14177131091934472, 0.08356193310961602]
B1: 2.7017707453376638e-08 - 1.8932292641153563e-08 - -9.29923426193313e-09 - -5.337203619818588e-09
B2: 1.777844553097832e-08 - 3.6848939740407856e-08 - -2.444039669297829e-08 - -2.3848361655821674e-08
