Number: 4933
Error: 9.934900127668457e-16
A1: [0.0662131936506971, -0.11395206800790417, -0.023983938320578012, 0.07172288009847536] - [0.03740261633264467, 0.1881933734528647, -0.1474089426457846, -0.0781870060440884] - [-0.06022932975740484, 0.32895084005007535, -0.12775306900820319, -0.14096828175250095] - [0.03904618794699796, -0.05332265872205496, -0.037418562520619966, 0.0516951480637516]
A2: [-0.009108570509542065, -0.346803179870907, 0.24945509564597684, 0.10645668542228309] - [0.08003982130269821, 0.036282252164036737, -0.050250117138782135, -0.06607196441542185] - [-0.042452781023478985, 0.23083193350663206, -0.04053120435700795, -0.14784779646579702] - [0.06813479825772865, -0.2934678307670419, 0.1417712617841085, 0.08356188229340505]
B1: 1.4779465889892825e-08 - -2.8671154663322508e-08 - 2.7332925041037706e-09 - 8.23802321754291e-09
B2: 1.8823555095343674e-08 - 4.3495278048766846e-08 - -2.5144940928537057e-08 - -3.290177425452632e-08
