Number: 1696
Error: 2.251838974225552e-07
A1: [-0.005226486067503819, -0.013021891644447543, 0.005038640641151207, 0.02145619665639832] - [0.06749882235813613, 0.1905307002117831, -0.14604112650374215, -0.10911520053302563] - [-0.11304063154121809, 0.4413168371755278, -0.07127412776833424, -0.2585997947760899] - [-0.02298349111888373, 0.015709409695255267, -0.029539989712389626, 0.03930846041082306]
A2: [0.1334567352430568, -0.22277505935595268, 0.024501130865206177, 0.07198350412042716] - [0.03334289692181361, 0.20443602427523275, -0.11419418647557911, -0.1207739254451469] - [-0.09416294094071927, 0.5560073140882267, -0.23474553811819238, -0.2251872312279634] - [-0.0190836642876075, -0.017551386042344925, 0.00984075865413306, 0.0338525890220133]
B1: -0.0007146327138110146 - 0.0011253553737376712 - -0.0007280073075083723 - -0.0004391430362353371
B2: 0.0007239547765258237 - -0.00025610497697142173 - -0.00023876058275399664 - 0.00016916199686070726
