Number: 7791
Error: 1.1930572762743425e-15
A1: [0.08043169034045675, -0.18046780509532387, -0.019588851324222785, 0.11962497739339727] - [0.03741556415165737, 0.13359637034485042, -0.13472620200881666, -0.03628584093072404] - [-0.0017028141763780246, 0.22819012134307692, -0.12282837781586921, -0.10365890538933661] - [0.038863233667978406, -0.11448101931143667, -0.04641644215643289, 0.1220342271922642]
A2: [0.035307458346833916, -0.029273460469128435, -0.07569733541786403, 0.0696634237423467] - [0.10289371233824622, 0.28289666260737895, -0.39260643332603, 0.006815955864224207] - [-0.011187105957978907, 0.5390145846845384, -0.3594510211408053, -0.1683764708528213] - [0.09786280776363439, 0.01746332488930168, -0.16885100256027505, 0.0535248871541046]
B1: -1.1101574567074305e-08 - 1.0896188336095319e-08 - 2.5356774028175824e-10 - -4.580629546734881e-09
B2: 5.488723101254073e-10 - 5.556449708466888e-10 - -6.0571951785433885e-09 - 2.4967188095290227e-09
