Number: 1271
Error: 1.1555107752259957e-08
A1: [-0.00692018552926716, -0.014723652958415013, 0.003275420875249963, 0.019729265238816563] - [0.06659657411953274, 0.18966293608508775, -0.14697325634262884, -0.11011836979144966] - [-0.11214586239744503, 0.4422175652213202, -0.07033033725555335, -0.2576242474178955] - [-0.02315092983487724, 0.015559638431534326, -0.02971097403846441, 0.03914198201914045]
A2: [0.13177753028033315, -0.2244409379656147, 0.022855715693363057, 0.07034822018361393] - [0.03293428807125857, 0.20403249632294915, -0.11460148792418151, -0.12117559473393388] - [-0.09497047305780786, 0.5551985944451826, -0.23554422128227367, -0.22597641794375262] - [-0.02062176206605242, -0.019074368356923995, 0.008323195231688217, 0.03237990691524198]
B1: 7.194829347181035e-05 - 0.00021718982891607495 - -0.00011256767914803899 - 0.00011413135498847184
B2: 4.521862320266875e-05 - 8.500052556538777e-05 - 0.00013611284805154346 - 0.00012090463314647117
