Number: 7370
Error: 1.101930408386275e-15
A1: [0.08043167210844371, -0.18046782332526706, -0.019588869534442742, 0.11962495916346327] - [0.03741555689787261, 0.1335963630965629, -0.13472620924815915, -0.03628584818049306] - [-0.001702838385824531, 0.2281900971341472, -0.12282840198987525, -0.10365892959232555] - [0.03886320420803129, -0.11448104868870218, -0.0464164715976155, 0.12203419775062435]
A2: [0.035307591800370575, -0.029273326646492664, -0.07569720853189844, 0.06966356341589472] - [0.10289377258822699, 0.2828967233686843, -0.39260637505302126, 0.006816018954724224] - [-0.011187091263198006, 0.5390145994669638, -0.35945100723187917, -0.16837645536842216] - [0.09786279891627085, 0.01746331600168872, -0.16885101098240987, 0.053524877867265015]
B1: 1.011038960767508e-08 - -1.1477907734910754e-09 - -2.7086554178133106e-08 - 1.770994968995318e-08
B2: 6.096969994965084e-09 - -7.339579115774693e-09 - 3.3188133816964624e-09 - -6.346131728252011e-09
