Number: 1078
Error: 6.834908869560238e-06
A1: [-0.008023806929373573, -0.01601231548239152, 0.0020198432237066933, 0.018185701940080137] - [0.06778710784688406, 0.19064479104226328, -0.14602546045414816, -0.10881175528671001] - [-0.11863969449322274, 0.43521432641871616, -0.07946653954294355, -0.265959976291254] - [-0.010733571242507912, 0.028378009562285634, -0.014735385161645659, 0.05316168086930494]
A2: [0.1418300333395055, -0.21432878150586923, 0.03234947643564832, 0.08088041593077308] - [0.023631089297307353, 0.19502080073827152, -0.12358484121014462, -0.1305256174042835] - [-0.07576934635400474, 0.5744243530865693, -0.21449515306038877, -0.2090112232832303] - [-0.02152094406271835, -0.020290567749216157, 0.0077850679458767265, 0.031186640522733157]
B1: 0.0059961267332857265 - 0.0051134529129737046 - 0.0008601251422405384 - 0.00761979612206754
B2: 0.0015899342991545463 - 0.01709087020767024 - 0.005664251833113576 - 0.0015062005617331449
