Number: 452
Error: 2.943678645084594e-12
A1: [-0.012161762782468477, -0.014525765781762337, 0.01807803330556783, 0.008574154237254555] - [0.06582996118963452, 0.18949018731593378, -0.14532802334601877, -0.1100144330907629] - [-0.09629905973381689, 0.4217803050209082, -0.05346382826458674, -0.27204270775417944] - [-0.001328009359827079, -0.018225504581483826, -0.0038420392572063927, 0.023369220254493474]
A2: [0.16158829847141054, -0.16775322537216814, 0.008502879882407229, -0.0023315313304539294] - [0.035485931994886415, 0.20751692690187173, -0.11721021661342969, -0.1257918256081619] - [-0.08621072334845677, 0.5815408853009614, -0.23538598132819932, -0.25993281690973014] - [-0.0038321473920302595, -0.004516516747303189, 0.0011130479834065038, 0.007246090734213613]
B1: -1.4626690363532848e-06 - -6.016217017638578e-08 - -5.031291130916915e-07 - -1.7392505653521337e-07
B2: 5.295427237463819e-06 - -5.763200275862467e-06 - 1.506114598398272e-06 - 1.2699768961788436e-06
