Number: 1833
Error: 1.1688456303207065e-07
A1: [-0.008374716451950707, -0.016172049939972715, 0.0018055981334220395, 0.018219621128830396] - [0.06689509682718998, 0.1899555191358687, -0.1466672713506723, -0.10978520134129775] - [-0.11418492681906388, 0.44024848561511565, -0.07249784086911537, -0.25981904499896485] - [-0.02389915161698522, 0.014859510022630716, -0.030547556437983108, 0.038360064487972745]
A2: [0.13172689195407064, -0.22452656749372368, 0.022812705152413293, 0.07029296597217576] - [0.033429582719859414, 0.20453313182007585, -0.1141057163016421, -0.12068263290170646] - [-0.09221424005563002, 0.5579368274650461, -0.23275637735649832, -0.22315190253292672] - [-0.021206890022969778, -0.019689677015074264, 0.007733961605374073, 0.03179838061028691]
B1: 0.00023210700117968296 - 0.0004869489186525011 - -0.0006583392669353091 - 0.0001698416371382536
B2: 0.0002835051917930544 - 0.0004409585881946297 - 0.0002928710620905614 - -0.0001672531186159381
