Number: 3634
Error: 4.075960783821945e-13
A1: [0.06621529891736264, -0.11395000977976856, -0.023981834710418006, 0.07172498183015531] - [0.0374044443846413, 0.18819512003601896, -0.1474071455236468, -0.07818520876944225] - [-0.060229074990152585, 0.3289510847490649, -0.12775281970032595, -0.1409680337925766] - [0.03904418796007963, -0.05332455704968166, -0.037420497457625025, 0.05169322885197475]
A2: [-0.009105408516005246, -0.3467998255066841, 0.24945828321579944, 0.10646000057176364] - [0.08003929036757557, 0.0362816801944089, -0.05025069741996528, -0.06607254961494685] - [-0.04245299942757769, 0.23083169244517657, -0.04053143841637166, -0.14784803800875415] - [0.06813806912572941, -0.29346422940815775, 0.14177480771902004, 0.08356554952811099]
B1: -2.346076822340538e-07 - 9.575212019413031e-07 - 1.0407425071984759e-06 - -2.601829311975026e-07
B2: 1.5278919676527371e-06 - -2.880943500622152e-06 - 8.416014552512577e-07 - 2.0404245038302617e-06
