Number: 2142
Error: 0.0003268212460764841
A1: [-0.09962465742958827, -0.17950546068007078, -0.13725386978897733, -0.0960120010203716] - [0.08442946371860285, 0.21122221806937788, -0.1333959102410365, -0.07719254430884925] - [-0.3455543700744247, 0.1681568000400148, -0.32168979826599137, -0.45356742060232785] - [0.09597925267151598, 0.1188278554844017, 0.08112705291753523, 0.08716290058600096]
A2: [0.23438303345243863, -0.08048386934748698, 0.20292555104073753, 0.1707886391978439] - [0.020868270449157077, 0.1857939517857016, -0.10526508631779057, -0.14786443772662433] - [-0.11528257705416525, 0.5303303766338044, -0.2496890229555063, -0.22913234214450712] - [-0.008580076402730591, 0.04849495148427943, 0.03042353744469346, 0.03489732096770641]
B1: -0.023280481230757547 - 0.013654371702586383 - -0.07582819838955097 - 0.022489276068727908
B2: -0.0596456891188974 - 0.010621542422875697 - 0.02839625033207613 - -0.052349419424474734
