Number: 2750
Error: 1.85948760544451e-08
A1: [0.06385655905123382, -0.04745198700157709, -0.02302571190832886, 0.008274232768753071] - [0.04379051143205882, 0.1913949153704185, -0.14243196037343428, -0.09237068783067254] - [-0.12226669140762884, 0.4160367517936991, -0.10367391557871213, -0.1858918420230057] - [0.036626574943315456, 0.018790147911288902, -0.03350829510929026, -0.02342597528376122]
A2: [0.06325088475485463, -0.1738747885366879, 0.08613637095102099, 0.023771395660219897] - [0.02937246653821676, 0.20037998044374813, -0.1016280001092874, -0.1277922542301723] - [-0.09327850873184955, 0.5138112162914237, -0.2254744072427833, -0.19497075298654068] - [-0.02584299575978691, 0.018604893106243768, -0.05020459241466516, 0.05705914211012032]
B1: -4.464026428316491e-05 - -7.008601738476023e-06 - -1.861654166865104e-05 - 5.11680361101971e-05
B2: 0.00019289723727553083 - 8.033739324906847e-05 - -0.0004243595534797613 - 5.135827844513893e-05
