Number: 4282
Error: 9.902989302186473e-16
A1: [0.0662131705682411, -0.11395209057456197, -0.02398396138491699, 0.07172285705476679] - [0.03740259043568608, 0.1881933487100582, -0.14740896810449058, -0.07818703150502837] - [-0.06022939335676088, 0.32895077896635966, -0.12775313124282017, -0.14096834365257518] - [0.03904616253346707, -0.05332268284371999, -0.03741858710747145, 0.051695123676567756]
A2: [-0.009108532902452218, -0.3468031399756594, 0.24945513355744192, 0.10645672485126528] - [0.08003979258538797, 0.036282221227217096, -0.05025014852528469, -0.06607199606839129] - [-0.04245275784068144, 0.23083195909261614, -0.040531179513540294, -0.14784777082647332] - [0.06813489631352405, -0.293467722803301, 0.14177136808627727, 0.08356199223209536]
B1: 3.9103086986865e-08 - -2.410352664664313e-08 - 3.5896650652953555e-09 - 2.912100228822669e-08
B2: 3.250991087566788e-08 - 2.0852626714133942e-08 - 1.5086461530766794e-08 - -8.904951563869344e-10
