Number: 2961
Error: 1.5056142748778507e-08
A1: [0.06411004389883718, -0.04719855359260351, -0.022773917705353384, 0.008524645998394241] - [0.043516284715482405, 0.19113038358456158, -0.14271409195109425, -0.09267104826377759] - [-0.12305728393416293, 0.415250916245484, -0.10446801262536091, -0.18668183413960224] - [0.0372712658124242, 0.01943767335816921, -0.032865363027814516, -0.02278471423098046]
A2: [0.06289565523210647, -0.1742288721864339, 0.08578099975458994, 0.02341857015741614] - [0.02910597765218735, 0.20011727129779586, -0.10189390054678506, -0.12805348862712995] - [-0.09291118511477207, 0.5141714152368277, -0.22510367305932352, -0.19461249755643706] - [-0.02540738227990997, 0.01903574459978385, -0.04976720001213416, 0.05748509906674403]
B1: 0.000119289677266799 - -9.46399015633654e-05 - -0.00023312034675677544 - -0.00012857639137281733
B2: -4.115632110345048e-05 - -0.000243378061701009 - -0.0001826492713855592 - -7.744786021092916e-05
