Number: 6706
Error: 8.756455710076568e-16
A1: [0.08043167309447034, -0.18046782233935002, -0.019588868549594296, 0.11962496014937712] - [0.03741557456693266, 0.13359638075224853, -0.1347261916143111, -0.0362858305212229] - [-0.0017028308394153315, 0.22819010468039663, -0.12282839445451449, -0.103658922047933] - [0.03886321192341786, -0.11448104099496287, -0.046416463887141345, 0.12203420546121786]
A2: [0.03530743405472389, -0.029273484828443348, -0.07569735851451563, 0.06966339831804592] - [0.10289376594122657, 0.2828967166652669, -0.3926063814819286, 0.006816011994349657] - [-0.011187126454749672, 0.5390145640655208, -0.35945104054145044, -0.1683764924509796] - [0.097862789719833, 0.01746330676341941, -0.16885101973681418, 0.05352486821399326]
B1: -8.027601678371941e-09 - -4.697012551099568e-10 - -1.8643355348474666e-08 - -1.0927419614609132e-08
B2: -6.545186719363805e-09 - -8.803833798444365e-09 - -2.5200085665960028e-09 - -1.1065869154538821e-08
