Number: 5181
Error: 9.596117883738412e-16
A1: [0.06621315583653271, -0.11395210497707485, -0.02398397610509055, 0.07172284234774536] - [0.037402520734270556, 0.18819328211509864, -0.14740903662630006, -0.07818710003292194] - [-0.06022941978769371, 0.32895075358068737, -0.12775315710663343, -0.14096836937704704] - [0.03904612237196783, -0.05332272096342671, -0.03741862596231632, 0.0516950851371588]
A2: [-0.009108608255470831, -0.3468032199132558, 0.24945505759448175, 0.10645664584791477] - [0.08003985132833438, 0.0362822845102182, -0.050250084322474194, -0.06607193132050804] - [-0.04245278091287954, 0.230831933628624, -0.04053120423857848, -0.1478477963434934] - [0.06813479311778635, -0.29346783642637686, 0.14177125621177353, 0.08356187653060881]
B1: 3.717589658967977e-08 - -3.563076790053886e-09 - -2.1518304647551433e-09 - 4.868899404601268e-09
B2: -5.840928498321137e-09 - 3.2327401092403368e-09 - 1.4548455612493589e-08 - 5.0154707840765334e-09
