Number: 7756
Error: 8.525993380375621e-16
A1: [0.08043168065954896, -0.1804678147751362, -0.01958886099355449, 0.1196249677135955] - [0.03741549867921789, 0.1335963049219624, -0.1347262673508032, -0.03628590636689641] - [-0.0017028489732163463, 0.22819008654697956, -0.12282841256175916, -0.10365894017688808] - [0.03886322640021192, -0.11448102655880801, -0.04641644941956769, 0.12203421992901504]
A2: [0.03530743286101781, -0.029273486025440158, -0.07569735964948607, 0.06966339706870797] - [0.10289370334638852, 0.28289665353919613, -0.39260644202284584, 0.0068159464484434515] - [-0.011187100435109239, 0.5390145902403489, -0.35945101591328626, -0.16837646503318424] - [0.09786280344216464, 0.017463320548172217, -0.16885100667404274, 0.05352488261797591]
B1: -1.997110939175513e-08 - -3.667987164189008e-08 - -1.7875156611537548e-08 - -1.8278374999373755e-08
B2: -5.787354851837415e-09 - -3.63599429193492e-08 - -2.1389915599358807e-08 - -2.6129012355943667e-09
