Number: 8428
Error: 9.538293718421398e-16
A1: [0.08043170768971483, -0.18046778774802041, -0.019588833995751335, 0.11962499474066274] - [0.03741555000778646, 0.13359635621168828, -0.13472621612439947, -0.036285855066708055] - [-0.0017028170459539246, 0.22819011847356213, -0.12282838068124823, -0.10365890825814074] - [0.03886326377164835, -0.11448098929221187, -0.04641641207194591, 0.12203425727724332]
A2: [0.035307311750854505, -0.0292736074705284, -0.07569747479974792, 0.06966327031406767] - [0.10289376386561996, 0.28289671457207605, -0.39260638348937066, 0.0068160098208452265] - [-0.011187096041829353, 0.5390145946597805, -0.35945101175495553, -0.168376460403846] - [0.09786277703502189, 0.01746329402088968, -0.1688510318119842, 0.05352485489911381]
B1: 1.0723137820658495e-08 - -1.8254602586159092e-09 - 4.86001307560922e-09 - 3.1394860636285465e-08
B2: 1.7642712571972837e-08 - -2.1485646932555962e-08 - 4.9334117472221074e-09 - 2.4346336808783874e-08
