Number: 3237
Error: 0.004965315355655962
A1: [0.03376225063949803, -0.1274968648871386, -0.06219173064684912, 0.03858976551348861] - [-0.13552152134507872, 0.010752130913835187, -0.3195792606327382, -0.24594469973595945] - [-0.4884132443971105, -0.0252167363101283, -0.5140296627329425, -0.5211198614246249] - [-0.2886716927504602, -0.330717624441628, -0.34316961624701137, -0.2470123849835426]
A2: [0.002031203586287493, -0.4130819320985504, 0.2290332884604253, 0.05090364926671666] - [-0.09341276684917418, -0.03862197275101445, -0.1698777325506794, -0.19939605158017704] - [0.012523249440747244, 0.33029137726337965, -0.04054587474388294, -0.13264332378039503] - [0.14242150980607232, -0.1489612804867258, 0.16336359750490675, 0.12893495014728554]
B1: -0.10180192836488045 - -0.401955798487743 - -0.18691898541081334 - -0.18929712361485096
B2: -0.2472785411895464 - -0.3349913385426543 - -0.10730614760484525 - -0.11911229740248425
