Number: 3780
Error: 7.454971286505918e-16
A1: [0.06621325290429347, -0.11395201007845855, -0.023983879113492573, 0.0717229392526279] - [0.03740264700338935, 0.1881934027566493, -0.14740891249411694, -0.07818697588972948] - [-0.06022928207719044, 0.3289508858442354, -0.1277530223512245, -0.14096823534668246] - [0.039046195092048964, -0.05332265194038804, -0.0374185556081633, 0.05169515492013176]
A2: [-0.009108527836942538, -0.34680313460191053, 0.24945513866395388, 0.106456730162209] - [0.08003983711613677, 0.0362822691995927, -0.05025009985570509, -0.06607194698554932] - [-0.04245274827595498, 0.2308319696489623, -0.04053116926353752, -0.14784776024812255] - [0.0681347830271861, -0.29346784753644545, 0.14177124527301244, 0.08356186521726924]
B1: 3.543458274012957e-08 - 2.609454322883817e-08 - 2.2040521600974913e-08 - 1.7002206768961846e-08
B2: 3.031807234666754e-09 - 2.2042597842353935e-08 - 3.5809273101614017e-09 - 5.2081675167710494e-08
