Number: 2048
Error: 0.00021080923398614937
A1: [0.009084859436532648, -0.0038900932592378853, 0.015162148673838569, 0.037687745555315615] - [0.04685962950133881, 0.17236293868498165, -0.16744103341835914, -0.13370456275796178] - [-0.05942849119795327, 0.4865886378176509, -0.022399086388183737, -0.20892976322659335] - [-0.044610224054415934, -0.0006983388156001739, -0.049202739797701, 0.014831672335920289]
A2: [0.1431796330583278, -0.21009116978370934, 0.026753028039836202, 0.08711098250562099] - [-0.032273813426594224, 0.13785530480628438, -0.18043617648237997, -0.18564441922011632] - [-0.044622471594424035, 0.60191516731519, -0.18359418906384592, -0.17960867571789452] - [0.09799024344644025, 0.10500743995322855, 0.11908511695756474, 0.15739127050074078]
B1: 0.011398610339136195 - 0.027609239999888926 - -0.01831057834747795 - -0.006231788388731408
B2: -0.016719805202172155 - 0.005249499997666844 - 0.01796011851812502 - -0.010120072474372722
