Number: 5062
Error: 1.192973454368804e-15
A1: [0.06621327745427982, -0.11395198607702622, -0.023983854582761165, 0.07172296376141576] - [0.03740264756711371, 0.18819340329529938, -0.14740891193989358, -0.07818697533548423] - [-0.060229345137983094, 0.328950825277819, -0.12775308405877003, -0.14096829672210737] - [0.03904618500056483, -0.05332266151866269, -0.03741856537116387, 0.05169514523635103]
A2: [-0.009108683650172967, -0.34680329989513176, 0.2494549815899415, 0.10645656680076551] - [0.08003984618203502, 0.03628227896618872, -0.050250089947107154, -0.06607193699286469] - [-0.04245279616276043, 0.2308319167980088, -0.04053122058085745, -0.14784781320923443] - [0.06813477490073844, -0.2934678564840414, 0.14177123646291084, 0.08356185610598772]
B1: -2.126235459314135e-08 - 4.660613235413659e-09 - 6.204093740806667e-09 - 5.747042921420208e-09
B2: 4.528208897730781e-08 - -1.6348860942820202e-08 - -3.640002530381705e-08 - 5.222538731777763e-09
