Number: 6286
Error: 9.903756705194885e-16
A1: [0.0804316539352165, -0.18046784149643008, -0.01958888768593855, 0.11962494099231402] - [0.03741556197047084, 0.13359636816532347, -0.13472620418567352, -0.03628584311070359] - [-0.001702835100582271, 0.22819010041932544, -0.12282839870944473, -0.10365892630796124] - [0.038863210660534435, -0.11448104225430097, -0.0464164651492206, 0.12203420419912242]
A2: [0.03530745768796669, -0.029273461129836052, -0.07569733604433705, 0.06966342305280826] - [0.10289377191633287, 0.2828967226910855, -0.39260637570288726, 0.006816018251161678] - [-0.011186960352724372, 0.5390147311582865, -0.3594508833223574, -0.16837631742338094] - [0.09786284420378902, 0.01746336149520629, -0.16885096787163564, 0.05352492540443439]
B1: -3.517580803165968e-08 - 5.027544732189491e-09 - -1.3153635462437096e-08 - -1.4516455428867657e-09
B2: -1.930743974735516e-08 - -1.8286989646547098e-08 - -2.7539880153068744e-09 - -9.286312654612977e-09
