Number: 6314
Error: 8.027671300232811e-16
A1: [0.08043166635584643, -0.1804678290772072, -0.01958887528015929, 0.11962495341152517] - [0.03741557263641101, 0.1335963788231907, -0.13472619354098428, -0.03628583245067183] - [-0.0017028184492903845, 0.22819011707026138, -0.1228283820825332, -0.10365890966111392] - [0.038863228997618515, -0.1144810239686787, -0.04641644682382091, 0.12203422252480912]
A2: [0.03530739061601864, -0.029273528387298235, -0.07569739981545494, 0.06966335285470095] - [0.10289380398403115, 0.2828967550309476, -0.39260634468743605, 0.006816051830740681] - [-0.011187145215647393, 0.5390145451927232, -0.359451058299035, -0.16837651222001354] - [0.09786283389896676, 0.017463351143510376, -0.16885097768115456, 0.05352491458772023]
B1: 1.9366061931681912e-08 - 7.234361766153624e-09 - 4.353245884639806e-08 - 5.862741030393736e-09
B2: 1.3068172932372627e-08 - 1.4043544621839203e-08 - 3.2502214772072084e-08 - 2.294113595350427e-08
