Number: 6341
Error: 9.95976129048099e-16
A1: [0.08043170652529025, -0.18046778891231421, -0.01958883515874624, 0.11962499357638008] - [0.037415623081906484, 0.13359642923050435, -0.13472614319600262, -0.03628578203312156] - [-0.0017027505453900591, 0.2281901849727109, -0.12282831427805521, -0.10365884177533767] - [0.03886329927966169, -0.11448095388387691, -0.04641637658656242, 0.12203429276316892]
A2: [0.035307423770648966, -0.029273495140965868, -0.07569736829247267, 0.06966338755463634] - [0.10289380991546312, 0.28289676101272065, -0.39260633895063385, 0.006816058041819025] - [-0.01118703627444664, 0.5390146547837178, -0.3594509551838758, -0.16837639742479876] - [0.09786282892361259, 0.017463346145524722, -0.1688509824173676, 0.0535249093652153]
B1: -1.3868236389085476e-08 - 1.7087375400597836e-08 - 1.3268026253984082e-08 - -6.525128096896092e-11
B2: -1.3466864107951148e-08 - -1.3051223975874853e-08 - 3.1481662249301386e-08 - 1.5319880647541222e-08
