Number: 6357
Error: 9.614953382058976e-16
A1: [0.0804317223455138, -0.18046777309388293, -0.019588819357439544, 0.11962500939479655] - [0.03741564200000131, 0.13359644813428026, -0.1347261243156031, -0.03628576312550654] - [-0.0017027836993448644, 0.22819015181946437, -0.12282834738346585, -0.10365887492044384] - [0.03886327749256609, -0.1144809756098287, -0.046416398359774, 0.12203427098961471]
A2: [0.03530743030963734, -0.029273488583891255, -0.07569736207528996, 0.06966339439839919] - [0.10289381296671109, 0.282896764089865, -0.3926063359995068, 0.0068160612369233585] - [-0.011187022438951009, 0.5390146687017371, -0.35945094208828476, -0.16837638284584472] - [0.09786282756685197, 0.017463344782592566, -0.16885098370891544, 0.05352490794105734]
B1: -2.1366503213851185e-08 - 1.6778701139775383e-08 - 4.258963715568187e-09 - -4.7179362540774115e-09
B2: -7.326003864199044e-09 - -1.6172330261743385e-08 - 7.076409559988943e-09 - -7.127084118274218e-09
