Number: 3095
Error: 3.5374648975942225e-06
A1: [0.06503393001308941, -0.046362707620153126, -0.02192663519037988, 0.009416417051600665] - [0.0454393023037184, 0.1929612434841061, -0.1407540417712841, -0.09055359868926967] - [-0.12358142087822645, 0.4146485640205436, -0.10505249235482089, -0.18721495288301643] - [0.04106446178144183, 0.023112872364240984, -0.02916831115664641, -0.01905557939080217]
A2: [0.06261565865867885, -0.17444001289876257, 0.08547693091068731, 0.023100722639896716] - [0.03207754998543955, 0.20303619887933413, -0.09891266309880242, -0.12513871305667318] - [-0.0939932268835151, 0.5131172976696355, -0.22619107190944096, -0.1956544878994761] - [-0.014625300668877489, 0.029777329791036346, -0.039020241641211255, 0.06797271997847433]
B1: 0.001011997166362006 - 0.0006028059659981756 - -0.00033460330080686547 - -0.003949856983322826
B2: 0.0005270780346151072 - 1.4023624624399022e-05 - -6.234891414614403e-05 - 0.0015088669119580453
