Number: 7217
Error: 1.1759435523578963e-15
A1: [0.0804317225456967, -0.18046777289372565, -0.019588819157497928, 0.11962500959495431] - [0.037415629793734514, 0.1335964359372516, -0.13472613649754853, -0.03628577532501376] - [-0.0017028593446481162, 0.2281900761757805, -0.12282842291799817, -0.10365895054555108] - [0.038863283032007014, -0.11448097008593666, -0.04641639282387139, 0.12203427652560747]
A2: [0.035307341152028375, -0.029273577988092006, -0.075697446845249, 0.06966330108532952] - [0.10289377465769615, 0.28289672545571665, -0.3926063730514613, 0.006816021121762686] - [-0.011186946298010756, 0.5390147452968009, -0.3594508700191317, -0.16837630261359637] - [0.09786282667130415, 0.017463343882968666, -0.16885098456140296, 0.053524907001001966]
B1: -5.2929335361386655e-08 - 4.143214402551252e-08 - 2.8820032869374268e-08 - -1.5856701517613743e-08
B2: 1.5157673915369353e-08 - 1.3624222026488475e-08 - -4.412354089156813e-08 - 2.310360519357632e-08
