Number: 3415
Error: 7.154724279569021e-08
A1: [0.06731210506951812, -0.1128784587204686, -0.02288719518522242, 0.07281991946017098] - [0.03761796563054052, 0.18839887353939067, -0.14719731035372596, -0.07797496435626049] - [-0.0611353195375354, 0.32807728928258006, -0.12864299253228956, -0.14185670303271622] - [0.039278246069977964, -0.05310006238572645, -0.03719287062329625, 0.05191628497893572]
A2: [-0.007594070645042874, -0.345196445671327, 0.25097915914611324, 0.10804644061482546] - [0.0803126581696168, 0.03657593129316854, -0.04995428925642544, -0.06577381351155548] - [-0.04201701483202498, 0.23131223608405796, -0.040067662439825326, -0.14736807854688735] - [0.06899830613029559, -0.29251666257275666, 0.14271147873311607, 0.0845338043815926]
B1: 0.0004213306791641871 - -0.0004453482651488241 - 0.00011327428904071003 - 0.0002506883681633296
B2: -0.0002581454972310069 - 8.634286018905686e-05 - 0.0005048047460000024 - -0.0001261046751844592
