Number: 5126
Error: 1.31055130733375e-15
A1: [0.06621317142753574, -0.11395208973448091, -0.023983960526335252, 0.07172285791257567] - [0.03740258430550147, 0.1881933428531164, -0.1474089741309007, -0.07818703753199394] - [-0.060229155406201586, 0.3289510075049614, -0.127752898398245, -0.14096811206012538] - [0.039046145671831185, -0.05332269884807117, -0.03741860342047954, 0.05169510749597737]
A2: [-0.009108391700128919, -0.3468029901824483, 0.24945527590208091, 0.10645687289389419] - [0.08003980407483159, 0.036282233604710626, -0.0502501359678299, -0.06607198340435272] - [-0.04245293125101346, 0.23083176770666258, -0.040531365346562404, -0.1478479626112472] - [0.06813469064791941, -0.2934679492498014, 0.14177114512485717, 0.08356176164339024]
B1: -2.552073546240345e-08 - -5.604432048565682e-09 - 9.04918935516615e-09 - -8.554125774587389e-09
B2: 9.960779867517602e-09 - 1.610388435525444e-08 - -5.665994231042616e-08 - 2.2433708422196903e-09
