Number: 4255
Error: 1.1839499194539689e-15
A1: [0.06621321027419638, -0.1139520517558979, -0.02398392171011956, 0.07172289669408576] - [0.03740260788035149, 0.1881933653772536, -0.14740895095504605, -0.07818701435406729] - [-0.06022935168816795, 0.3289508189867549, -0.12775309046838698, -0.14096830309745068] - [0.03904621601408551, -0.053322632081947256, -0.03741853536676639, 0.05169517499715426]
A2: [-0.009108680580669798, -0.3468032966391408, 0.24945498468435331, 0.10645657001873361] - [0.08003988508262362, 0.03628232087323253, -0.05025004743107481, -0.06607189411577087] - [-0.04245284576096907, 0.23083186205835904, -0.040531273732381586, -0.14784786806296005] - [0.06813470180404348, -0.29346793696666656, 0.14177115721926703, 0.08356177415109413]
B1: 1.5903247762903686e-08 - 2.6176887688144764e-08 - 4.760019536615156e-10 - -1.2123290105484183e-08
B2: -1.1969267477719097e-08 - -3.704160333131512e-08 - 1.313348284927833e-08 - 3.586236015885919e-08
