Number: 5161
Error: 6.969617735668104e-16
A1: [0.06621317831449931, -0.11395208300141181, -0.02398395364476951, 0.07172286478798304] - [0.0374025612035401, 0.18819332078075512, -0.1474089968418986, -0.07818706024500169] - [-0.06022942638038224, 0.3289507472487949, -0.12775316355782945, -0.14096837579355648] - [0.03904619369607774, -0.05332265326519765, -0.03741855695858173, 0.05169515358061345]
A2: [-0.00910863548952071, -0.3468032488042495, 0.24945503014010809, 0.10645661729454832] - [0.0800398327240353, 0.03628226446807874, -0.0502501046558937, -0.06607195182657483] - [-0.04245281691947965, 0.23083189388963266, -0.040531242824586144, -0.14784783616530048] - [0.06813477990121485, -0.29346785097835537, 0.1417712418837775, 0.0835618617124452]
B1: -8.049544558411962e-08 - -2.961953247731059e-08 - -2.3177732497472298e-08 - -3.278187170659226e-08
B2: -1.3426131401389827e-08 - 3.2283061613465235e-08 - -1.131288404303842e-07 - -1.741593445950248e-09
