Number: 1683
Error: 9.90624342437999e-08
A1: [-0.007031765604128654, -0.014841733674727908, 0.003159864900652288, 0.019603187873667747] - [0.06741908956482529, 0.190454059282518, -0.14612375483914902, -0.10920366964917934] - [-0.11069999774560671, 0.44361871813109094, -0.0688322053234079, -0.25606646941227906] - [-0.02282962689012495, 0.01586397800978743, -0.029383055776051412, 0.0394713278712452]
A2: [0.13218874694832908, -0.22403262353997336, 0.0232532114508532, 0.070740584493819] - [0.032924886147540126, 0.2040235334144399, -0.11461135938521068, -0.12118370282639966] - [-0.09464025833616083, 0.5555296665021058, -0.2352159302640377, -0.22565829741096294] - [-0.020406477625441673, -0.018865537218165692, 0.008529604515184431, 0.03257844429575376]
B1: -0.00032968188332529693 - -6.227895786887442e-05 - -0.00041606673043125203 - -0.0002726877292194712
B2: -0.00023151165246896926 - 0.0005090845921194715 - -0.00017460756273560574 - -2.1597361149059053e-05
