Number: 6403
Error: 1.1142213765489064e-15
A1: [0.08043169628138495, -0.18046779915506117, -0.019588845390404314, 0.11962498333364369] - [0.03741559045359053, 0.13359639662688153, -0.13472617575930712, -0.036285814643364715] - [-0.0017028068669974821, 0.22819012865230567, -0.12282837051719732, -0.10365889808191367] - [0.038863228422351175, -0.11448102454233357, -0.046416447398720355, 0.12203422194989745]
A2: [0.035307406357443234, -0.029273512602331863, -0.07569738484872232, 0.0696633693298226] - [0.10289376395568257, 0.2828967146628714, -0.392606383402322, 0.006816009915196728] - [-0.011187065806782628, 0.5390146250752322, -0.3594509831368586, -0.16837642854406842] - [0.09786281610707478, 0.017463333270689014, -0.1688509946178773, 0.053524895912017284]
B1: -1.110509228192348e-08 - 9.081665818924659e-09 - 1.1855906447294962e-08 - 2.745849716600581e-09
B2: 5.711268338718223e-09 - 7.454859114532367e-09 - 9.845333836854224e-10 - -1.1981642378315313e-09
