Number: 1441
Error: 5.56593195045535e-10
A1: [-0.007140274324313386, -0.014946100905884855, 0.0030462891464689097, 0.019503287540269205] - [0.06678213570173601, 0.1898415160905712, -0.14678120609296233, -0.10991197647141569] - [-0.11258757898287622, 0.4417830535372518, -0.07079181770713909, -0.25810228103604244] - [-0.023485259810782762, 0.015230214375182271, -0.03005303020699206, 0.03878913130273586]
A2: [0.131643309076469, -0.22457217277074504, 0.0227228021315124, 0.07021646529120014] - [0.032635969337828336, 0.203739129404896, -0.1148985233399629, -0.12146751232825921] - [-0.09451251725695244, 0.5556484664692732, -0.23509402708495625, -0.22552674818618804] - [-0.02103717279358844, -0.019482657078193247, 0.007909977015205027, 0.031980074243469395]
B1: 2.829057952211239e-05 - 3.4801705454204473e-05 - 1.643259429878515e-05 - -1.522399190052254e-05
B2: 3.2031507350145815e-05 - -1.916070164855687e-05 - 1.3670152307921723e-05 - 2.285317482156598e-05
