Number: 4319
Error: 9.177115626985502e-16
A1: [0.06621336312773783, -0.11395190231813974, -0.023983768976538717, 0.07172304929110743] - [0.03740263002727823, 0.1881933865371412, -0.1474089291829158, -0.07818699258001141] - [-0.060229239937619, 0.3289509263169653, -0.12775298111592548, -0.14096819433311597] - [0.03904592747725883, -0.05332290595023647, -0.03741881451652941, 0.05169489811400096]
A2: [-0.009108513137275122, -0.34680311900790656, 0.2494551534824802, 0.10645674557394233] - [0.08003994869907319, 0.03628238940636634, -0.050249977901922906, -0.06607182399622857] - [-0.04245270963251877, 0.23083201229812214, -0.040531127851765214, -0.14784771751005793] - [0.06813479036572317, -0.29346783945641625, 0.14177125322867068, 0.08356187344508557]
B1: 3.773526290529891e-11 - 4.302277009516365e-08 - 1.7429082188815598e-08 - -1.5345548401053847e-08
B2: 1.0457467658459331e-08 - -1.5475611096081707e-08 - 2.4397320437750908e-08 - 3.278970248494107e-08
