Number: 4587
Error: 4.001036320912738e-16
A1: [0.06621315026528149, -0.11395211042384065, -0.023983981671972885, 0.07172283678584337] - [0.03740253359428079, 0.18819329440193933, -0.1474090239839576, -0.0781870873894609] - [-0.06022933563554803, 0.3289508344044418, -0.12775307476024883, -0.14096828747360005] - [0.03904609087940233, -0.0533227508550574, -0.03741865643038743, 0.05169505491652197]
A2: [-0.009108499071820902, -0.34680310408671977, 0.24945516766171177, 0.10645676032072128] - [0.08003982306037055, 0.03628225405752979, -0.050250115217813675, -0.0660719624781222] - [-0.04245284292906555, 0.23083186518388624, -0.040531270697440225, -0.14784786493087965] - [0.06813486626742539, -0.2934677558854809, 0.1417713355130915, 0.08356195854478812]
B1: -3.1713955552739434e-08 - -1.8779375417473727e-08 - -2.6897682378967787e-08 - 1.8161807243516353e-08
B2: 5.785809639840377e-09 - -1.4927362599880567e-08 - -4.5561715174828646e-08 - 4.237502473543893e-09
