Number: 6812
Error: 7.327308390234098e-16
A1: [0.08043168890647166, -0.1804678065291381, -0.01958885275650058, 0.11962497595957218] - [0.037415588888570266, 0.13359639506304766, -0.1347261773212102, -0.036285816207518765] - [-0.0017028356659476167, 0.22819009985396815, -0.12282839927398069, -0.10365892687317743] - [0.03886323059130702, -0.11448102237946206, -0.046416445231148205, 0.12203422411750446]
A2: [0.0353074418953428, -0.029273476966139286, -0.07569735105975589, 0.06966340652410319] - [0.1028936930005735, 0.2828966431055569, -0.39260645202917105, 0.0068159356148185055] - [-0.011187082395790618, 0.539014608387272, -0.35945099883869364, -0.16837644602450974] - [0.09786280706512107, 0.017463324187604466, -0.16885100322522498, 0.05352488642090019]
B1: -1.668349584778321e-08 - -2.5521840874442745e-08 - -9.349214912008648e-09 - -1.4442333418345574e-08
B2: -1.6137163547028224e-08 - -2.1587662446124672e-08 - -1.9887451442808668e-08 - -1.9719850003353204e-08
