Number: 6913
Error: 9.862830601727962e-16
A1: [0.08043167462493075, -0.18046782080906237, -0.019588867020963723, 0.11962496167966263] - [0.037415585258077214, 0.1335963914353009, -0.13472618094446817, -0.03628581983600069] - [-0.0017028270884330776, 0.22819010843129828, -0.12282839070902477, -0.10365891829795236] - [0.03886322682485273, -0.11448102613534746, -0.0464164489952017, 0.12203422035339112]
A2: [0.035307389752040605, -0.029273529253662417, -0.07569740063694327, 0.06966335195048332] - [0.10289377315437367, 0.2828967239396328, -0.3926063745054657, 0.00681601954756682] - [-0.011187165383027216, 0.5390145249050488, -0.35945107738791526, -0.16837653347106607] - [0.09786279337971263, 0.017463310439945846, -0.16885101625284915, 0.05352487205567776]
B1: 2.1887660329577345e-08 - -1.6595463531182978e-09 - -6.16807559732648e-09 - 1.2593127211519052e-09
B2: 1.196643689447263e-09 - 4.1418951881144664e-09 - 8.956553013737176e-09 - 3.7173282652252107e-09
