Number: 705
Error: 6.405500314660799e-15
A1: [-0.012153441100859742, -0.014517218644446488, 0.01808723115668337, 0.00858304683652696] - [0.06583520471389097, 0.18949523135883195, -0.14532260200866357, -0.110008594943594] - [-0.09629417913239287, 0.421785021849551, -0.0534585324188211, -0.2720370217170728] - [-0.0013222842418374179, -0.0182199988478797, -0.0038359452650423833, 0.02337583742260487]
A2: [0.1615869285851136, -0.1677545694038686, 0.008501537476130791, -0.002332866938905713] - [0.03548559046321384, 0.20751659084902704, -0.11721055672129246, -0.12579215972090446] - [-0.08621366703121981, 0.5815380019352564, -0.23538884568532037, -0.25993568748180684] - [-0.003835097158615862, -0.004519417507305681, 0.0011101283496246536, 0.007243268525726183]
B1: -1.0358839207964322e-08 - -6.707632991409875e-08 - 1.4290931227250187e-07 - 8.865689828105482e-08
B2: 4.4387239307844204e-09 - 4.091576894639306e-08 - -8.2620698920882e-08 - 3.110471395369747e-08
