Number: 3925
Error: 1.270850824598869e-15
A1: [0.06621315009454914, -0.11395211059072431, -0.023983981842545327, 0.0717228366154356] - [0.037402566963396104, 0.18819332628388014, -0.14740899117955747, -0.07818705458213243] - [-0.060229302287778924, 0.3289508664330756, -0.12775304212808905, -0.14096825501718646] - [0.0390461213209108, -0.05332272196113644, -0.03741862697925617, 0.05169508412855268]
A2: [-0.009108585061243166, -0.34680319530800285, 0.24945508097663197, 0.10645667016561028] - [0.08003979048280321, 0.03628221896211846, -0.050250150823294724, -0.06607199838593167] - [-0.04245292430946842, 0.23083177536729202, -0.04053135790811309, -0.1478479549347251] - [0.06813460435430134, -0.29346804426323114, 0.1417710515742407, 0.08356166489175297]
B1: -4.127186840914775e-09 - -3.666030334389823e-08 - 2.1398203242573364e-08 - 3.469756458391784e-08
B2: 2.101788022089092e-09 - -8.46541540436309e-09 - -2.1226980174265487e-08 - 1.770948157290182e-08
