Number: 2507
Error: 6.757462364160777e-08
A1: [0.06378200649087272, -0.04752623365152006, -0.023099367946298428, 0.008196870547328232] - [0.04255951855709412, 0.19020503136184613, -0.14370584353804103, -0.09372965369584792] - [-0.12355659949085607, 0.4147497444199367, -0.10496806963081026, -0.18718419079695398] - [0.03629591221259236, 0.018461488218739542, -0.03383866248639128, -0.0237572263318057]
A2: [0.06209199171694098, -0.17502973586165335, 0.08497976224909853, 0.022627783941360946] - [0.02843619407525667, 0.19946056255548977, -0.10255994962916679, -0.12870758650068717] - [-0.0939924314536934, 0.5131247212868733, -0.2261901000617188, -0.19565677743586884] - [-0.025527466768605633, 0.018933517968869346, -0.049891661125691156, 0.05737035567003197]
B1: 0.0002550002217756729 - -0.0001882290165925857 - -5.819403534117694e-06 - -0.00028284399028530516
B2: 7.622662418243283e-05 - -0.0003317812571520948 - -0.00029650593936723186 - -0.000301050466737171
