Number: 970
Error: 0.00037410433404193544
A1: [0.011697126511626105, 0.009863769988120209, 0.044248726383174536, 0.033932512624852446] - [0.06800760862832733, 0.19157359178229671, -0.14309396639310643, -0.10760443380534206] - [-0.07602709089042922, 0.44127565065678465, -0.03169780540582972, -0.24868632524314227] - [0.026326250542821172, 0.00827524665432169, 0.025363352175201706, 0.05505798384040629]
A2: [0.14214655866597195, -0.18700581778883385, -0.01048719927898537, -0.021229569078976572] - [0.03481158161639884, 0.20682844913027643, -0.11787536008776939, -0.12644378835419426] - [-0.09182415981143435, 0.5759315552255073, -0.24082155663744936, -0.26537374204206843] - [-0.00394021450955765, -0.004666329211541115, 0.001014145057823302, 0.007155049547076667]
B1: 0.022320808452478996 - 0.01957674119381648 - 0.01320530429366147 - 0.008179777364409545
B2: -0.0023189599370233155 - -0.008239323811540643 - 0.001154988938531179 - -0.0008987191206072699
