Number: 6552
Error: 8.816673058712071e-16
A1: [0.08043168541560919, -0.18046781001960657, -0.019588856243187878, 0.11962497246910873] - [0.03741558130653581, 0.13359638748674973, -0.1347261848881362, -0.0362858237853527] - [-0.0017028031857569575, 0.22819013233346774, -0.12282836684134671, -0.1036588944016556] - [0.038863219436590844, -0.11448103350287647, -0.0464164563787549, 0.1220342129697219]
A2: [0.03530742760544618, -0.02927349129555905, -0.075697364646404, 0.0696633915681744] - [0.10289373681103253, 0.28289668728784073, -0.39260640965626764, 0.006815981490773646] - [-0.011187114439454401, 0.5390145761524848, -0.35945102916872007, -0.16837647979003526] - [0.09786279499178757, 0.017463312059355002, -0.16885101471825656, 0.05352487374783116]
B1: -2.559367094246918e-10 - -1.790678896816238e-09 - -1.4407551342623015e-09 - -3.2164730091898834e-09
B2: -2.4032677365322272e-09 - -7.835172883465663e-09 - 1.2839078062561764e-08 - -1.0459172188211133e-08
