Number: 7328
Error: 7.303166888857023e-16
A1: [0.08043168767776837, -0.18046780775770427, -0.019588853983731704, 0.11962497473100964] - [0.03741559416092014, 0.1335964003314077, -0.13472617205935955, -0.03628581093808759] - [-0.0017028230244071408, 0.22819011249523913, -0.12282838665094545, -0.10365891423500762] - [0.03886323922713589, -0.11448101376787334, -0.04641643660082505, 0.12203423274796389]
A2: [0.035307464026649325, -0.029273454773619523, -0.07569733001758884, 0.0696634296869031] - [0.10289367851507622, 0.2828966284971301, -0.3926064660393651, 0.006815920446421548] - [-0.011187183375040773, 0.5390145068057189, -0.35945109441778594, -0.16837655242983907] - [0.09786283689053216, 0.017463354148679562, -0.1688509748333552, 0.05352491772785881]
B1: 2.6295256270281474e-08 - -2.481627135622056e-08 - -1.9173935306940457e-08 - -1.0945215463649142e-08
B2: -9.29883915711495e-09 - -6.609429183978802e-09 - -1.2355544104710028e-08 - -6.611908938772585e-09
