Number: 165
Error: 1.650810136505428e-05
A1: [-0.0001357421371326632, -0.0021554072910566734, 0.0316734766750746, 0.021486856980383294] - [0.06916016771132288, 0.19267275008959614, -0.1419794376103729, -0.10636054476001186] - [-0.0785172647952232, 0.4391893346190692, -0.03387112269318794, -0.25107530291213626] - [0.018250748327386164, 0.0006814835833103784, 0.017662506672581957, 0.04635164589115156]
A2: [0.1831517418152915, -0.14677823284962688, 0.029747822071097503, 0.018351845323310956] - [0.04730430324232393, 0.21911389470061657, -0.10551507741233745, -0.11434719013989306] - [-0.08983207448592688, 0.5779819971611339, -0.23896305423570485, -0.2638371111916743] - [-0.0007120605652572045, -0.0013795965225330599, 0.004172919581863863, 0.01004758551495226]
B1: -0.0009586978873924523 - 0.00780429374326864 - 0.010060022288161241 - 0.006286141225794542
B2: 0.01190820390327565 - -0.0051738822319163736 - 0.004350601486502945 - 0.005168896894231012
