Number: 7620
Error: 7.844871499136273e-16
A1: [0.08043172652666652, -0.1804677689132129, -0.01958881518129535, 0.11962501357546515] - [0.037415638976424526, 0.13359644511298863, -0.13472612733315362, -0.03628576614741219] - [-0.0017027793315189095, 0.22819015618719204, -0.12282834302203748, -0.10365887055378245] - [0.038863273316630205, -0.11448097977405247, -0.04641640253305921, 0.1220342668162659]
A2: [0.035307484454202225, -0.029273434289558822, -0.07569731059529917, 0.06966345106652302] - [0.1028937719834897, 0.2828967227588185, -0.39260637563791023, 0.006816018321472049] - [-0.011186960816098058, 0.5390147306921144, -0.3594508837607455, -0.1683763179118803] - [0.09786290680378681, 0.01746342437994418, -0.16885090828039329, 0.053524991113943744]
B1: 1.7309721653599364e-09 - -1.1256915837705993e-08 - 6.611201895635827e-09 - 8.638085831610302e-10
B2: -1.2072922648167877e-09 - 4.785762072556388e-09 - 6.040311638581861e-09 - -2.897788474960348e-10
