Number: 5980
Error: 1.7267758226522778e-11
A1: [0.08041413546864418, -0.18048535780016736, -0.019606384272716777, 0.11960742504493399] - [0.037423303068401075, 0.13360410305041237, -0.13471847959517524, -0.03627810691749373] - [-0.001710006833323031, 0.22818292893928424, -0.12283555953535194, -0.10366609592540059] - [0.038851874937056295, -0.11449234595040654, -0.046427792985507574, 0.12202287586103955]
A2: [0.035247282669090156, -0.029333803532719322, -0.07575454993501703, 0.06960044333234616] - [0.10285326028596099, 0.28285586653674716, -0.39264555835317, 0.006773596473151325] - [-0.011164432759255792, 0.5390373934755728, -0.3594295604738531, -0.16835257930911843] - [0.09784643285538602, 0.017446875366651945, -0.1688665904818159, 0.05350769885238273]
B1: -4.9669554943435275e-06 - 5.701074415654967e-06 - 2.4026169823685145e-06 - -4.2320212016895446e-06
B2: -5.874064892235739e-06 - 7.522964805910904e-06 - -3.971405451501226e-07 - 4.458957570300057e-07
