Number: 6949
Error: 1.0219975815189742e-15
A1: [0.08043167020362668, -0.1804678252298648, -0.019588871436978846, 0.11962495725886456] - [0.037415596782455984, 0.13359640295095687, -0.13472616944305021, -0.03628580831800553] - [-0.001702804286768972, 0.22819013123247506, -0.12282836794074524, -0.10365889550237385] - [0.03886324174869491, -0.11448101125338779, -0.046416434080869214, 0.12203423526795766]
A2: [0.03530743458379214, -0.02927348429791001, -0.07569735801148147, 0.06966339887177429] - [0.10289382671317596, 0.2828967779529957, -0.39260632270408785, 0.006816075631459203] - [-0.011187243510613419, 0.539014446311461, -0.35945115133738365, -0.16837661579683233] - [0.09786280245729896, 0.017463319558823704, -0.16885100761157323, 0.05352488158418843]
B1: 4.605781118021243e-08 - -5.17979296067053e-09 - -2.007319095174413e-08 - 1.3604990662431527e-08
B2: -8.464872827904313e-09 - 1.1348509338561342e-08 - 1.8116862047749433e-08 - 8.10995115433935e-09
