Number: 1826
Error: 1.2809373097469612e-07
A1: [-0.007176427059442805, -0.014965744512381265, 0.00305210866761857, 0.01944844691928047] - [0.06685914575182453, 0.18992096515632337, -0.1467043334214326, -0.10982515800211791] - [-0.11350669898353848, 0.4409104124559157, -0.07179114532312848, -0.25908600265590964] - [-0.024100155926026066, 0.014660973747871316, -0.030753784370283945, 0.038148575245083784]
A2: [0.13188175596933868, -0.22437155510926377, 0.022965660693034195, 0.07044745533881117] - [0.03254164379218895, 0.20365864934709657, -0.11498950204551228, -0.12155126122975066] - [-0.09516902035932247, 0.5550324919376787, -0.23565873988153258, -0.22605153253591695] - [-0.0199013999852386, -0.01840233759247906, 0.009028402112050372, 0.033053051448848736]
B1: -0.0003831089375707063 - 0.0015287531045274608 - -0.00018129025628500675 - -0.00011972265761171879
B2: 1.102533144004095e-05 - -0.000388419025364111 - -6.310739270380513e-05 - -8.806412143148943e-05
