Number: 1184
Error: 6.021966569352656e-08
A1: [-0.008522700800388227, -0.01633372299156115, 0.0016066833515930737, 0.01807464492953312] - [0.06802971268121838, 0.19104223581239413, -0.14549193951589567, -0.10852227778011761] - [-0.11288766768955322, 0.44149646408134785, -0.071099337075261, -0.25843190537071414] - [-0.027161363528607284, 0.011627344427285392, -0.0337893154413192, 0.03489718027983824]
A2: [0.131314936249404, -0.22489320317544376, 0.022402310507805237, 0.0698999024503476] - [0.032716219981822094, 0.20381954593823082, -0.11481779718269046, -0.12139043739644931] - [-0.09494145822549335, 0.5552237457308685, -0.23551932160331573, -0.22596011089531012] - [-0.023322360416406732, -0.021742254633134627, 0.005642378303503764, 0.02978649847635624]
B1: -0.0005068586555120513 - -0.0005596127472346831 - 0.0005767210494161391 - 0.00024275243197188984
B2: 0.0002953102386239107 - 4.137143214509245e-05 - -0.0004989178624066163 - 0.00014160979889057306
