Number: 3648
Error: 1.5290093137913284e-13
A1: [0.06621001620511974, -0.11395517444099384, -0.02398711327050437, 0.07171970798520423] - [0.03740323275240006, 0.18819396239852423, -0.14740833665815187, -0.07818640000278608] - [-0.060230403181084, 0.32894980909164023, -0.1277541193916831, -0.14096932649033053] - [0.03904837654894051, -0.05332058139049339, -0.03741644512545564, 0.0516972482693597]
A2: [-0.009109745730929649, -0.34680442660982735, 0.2494539109095818, 0.10645545324880792] - [0.08004042277445, 0.03628290012351703, -0.050249459763149644, -0.06607130145241548] - [-0.0424524486084438, 0.23083230037709113, -0.040530848130752375, -0.14784742882612684] - [0.06813407867301959, -0.29346862307088956, 0.14177048167857323, 0.08356107549149568]
B1: -3.059711066314427e-07 - -5.434268886547955e-07 - -9.548465753421067e-07 - -5.854291740885006e-07
B2: -4.6960983982320324e-07 - 9.676759728175358e-07 - -3.168535348367137e-07 - -1.9054402467626607e-06
