Number: 3946
Error: 1.090481241470327e-15
A1: [0.06621320705908143, -0.11395205489916788, -0.023983924922715907, 0.07172289348436697] - [0.03740259668986637, 0.188193354685501, -0.1474089619561581, -0.07818702535614887] - [-0.06022926106507777, 0.3289509060251972, -0.12775300178999327, -0.14096821489604736] - [0.03904620470652768, -0.053322642814677065, -0.03741854630647077, 0.05169516414628613]
A2: [-0.009108544450154644, -0.3468031522259638, 0.24945512191631836, 0.10645671274413447] - [0.08003981769957104, 0.036282248282382204, -0.05025012107690706, -0.0660719683869619] - [-0.042452798720906564, 0.2308319139747044, -0.040531223322385984, -0.1478478160384275] - [0.06813471072801815, -0.2934679271410595, 0.14177116689366837, 0.08356178415644294]
B1: 1.2462145556104064e-08 - -2.2780885576001483e-08 - 1.7837915327518752e-08 - -4.684252833475073e-09
B2: 8.216495281318064e-09 - -1.978499353089267e-08 - -3.2638702521645144e-08 - 3.237386700158323e-08
