Number: 2461
Error: 9.829510938290704e-07
A1: [0.06474440952649284, -0.046609413156912964, -0.0221218220079157, 0.009164352725487754] - [0.044977303434824416, 0.192521652356207, -0.14124209225217674, -0.09109222060982189] - [-0.11833048986768796, 0.41989361294015964, -0.09977498038958654, -0.1820294468981194] - [0.03697737255343652, 0.019133360448018794, -0.03316907937486551, -0.023111669349652055]
A2: [0.057126272560034635, -0.17999867576899126, 0.07998339478053997, 0.017745186135303456] - [0.02819976292569666, 0.19921634223514925, -0.10280881974606222, -0.12894817450724125] - [-0.09659638083364734, 0.5106307184691572, -0.2287740090386293, -0.19813018820975128] - [-0.028580477464382473, 0.015931132499698894, -0.052917743011326165, 0.05444973729915384]
B1: 0.0008158269180301364 - -2.0004356597597703e-05 - -0.0015149983617268178 - -0.0013161901086132016
B2: 0.002599522311028289 - -0.0004197117865215661 - -0.00022611900599161017 - -0.0005834404558263003
