Number: 948
Error: 4.18294450351269e-07
A1: [-0.01229316663008259, -0.014660941225092077, 0.017932659784792138, 0.008433556660606927] - [0.06568783084119617, 0.18935343114932987, -0.14547497300876944, -0.11017270303995651] - [-0.0965553595254481, 0.42153228436026086, -0.0537421735966995, -0.2723416157274467] - [-0.0015704928934545648, -0.018458893939011005, -0.004100321026803636, 0.023088861285280596]
A2: [0.16167620526986914, -0.16766675719950794, 0.008589177574710291, -0.0022455244472337145] - [0.0355027769152084, 0.20753352082761772, -0.11719339343200166, -0.12577528798399382] - [-0.08653311970811059, 0.5812252664434095, -0.23569954339565832, -0.2602470077919573] - [-0.004460486798443075, -0.0051343088939917, 0.0004911948730772123, 0.006644964813503156]
B1: 7.604105737807717e-05 - 0.0003232456801183551 - 0.0002289211820659405 - 0.00029294118974882826
B2: -0.0003844416773587427 - -0.0002967320851496399 - -0.0005262338725852641 - -0.0004031357932069629
