Number: 8978
Error: 0.0006796824840550761
A1: [-0.004867831056121621, -0.2440762606390366, -0.08503893130462485, 0.056419247629436016] - [-0.09943971539936007, 0.026232281643153894, -0.22428445206154443, -0.12909456673218875] - [0.04283812291733759, 0.27071712670302533, -0.054238275307644926, -0.030356166439621766] - [-0.06985767542006965, -0.20139346083598877, -0.14404234752317738, 0.02510500462666753]
A2: [-0.1836196604731297, -0.26502115760707534, -0.33670319630682033, -0.11176583686814835] - [-0.039325987659929645, 0.11476933288384361, -0.56498646652977, -0.10405800358065016] - [-0.22009357514113204, 0.2792978944208267, -0.6034748245940968, -0.33884521824654895] - [-0.10243436071751788, -0.22502265243170977, -0.4078860563862505, -0.10548226364339987]
B1: 0.013831006195643578 - -0.034341253905680665 - 0.0012255751577370114 - -0.014963425261065777
B2: 0.007229366449175725 - 0.021674171562728536 - -0.04251294469380907 - 0.019139411784024344
