Number: 5815
Error: 6.933485836506395e-06
A1: [0.06742814497050195, -0.19356762424298388, -0.03257891926015166, 0.10660686735236827] - [0.014312948785688284, 0.11044141659561994, -0.15789939362417027, -0.05945804705146132] - [-0.005785373553882157, 0.22408071196768944, -0.1268502239198133, -0.10771618607676604] - [0.04310635450465937, -0.11027955959129893, -0.0420155816293497, 0.12636522410380124]
A2: [0.03479230215954879, -0.029840039541559484, -0.07610743671460438, 0.0692707377184643] - [0.11532425640385395, 0.2951842836105331, -0.3804949944405151, 0.020136209749835696] - [-0.014384143787077325, 0.5359864921153312, -0.3625322748348928, -0.17195590359807758] - [0.09582761456127098, 0.015495655918719329, -0.17079291164588128, 0.05132487430224296]
B1: -0.0010358835290711506 - 0.005464612675341817 - -0.0036693687765894786 - -0.002077350403677013
B2: -0.002045858029710289 - 0.0014093239333959466 - -0.005633395223716136 - -0.0017812905685073753
