Number: 3253
Error: 0.0007300480259638866
A1: [-0.07618682165392407, -0.2561405029092082, -0.17610363714462457, -0.07737792748995087] - [0.0474529105420282, 0.18435688495137287, -0.1390394437570227, -0.0684125322667045] - [-0.2921355333701997, 0.1362711161745526, -0.3383906287357171, -0.34983473704320317] - [-0.1617448483501339, -0.2252658660552132, -0.2280633817843427, -0.1360188520179703]
A2: [-0.16941983741064415, -0.5502980292393171, 0.09335048390415147, -0.06783529672266979] - [0.05389757674937048, 0.02473589082986319, -0.08581960140085501, -0.10302443323322405] - [-0.18799813975213267, 0.047150207290307715, -0.236702532498066, -0.33823912538818124] - [-0.052889376885973526, -0.44215321643136246, -0.030065172755040438, -0.08040762881896504]
B1: -0.010901787420092875 - -0.17226125352184118 - -0.028376976499876826 - -0.02547562215052241
B2: -0.12658652467830422 - -0.16051968931896998 - 0.010284161987053947 - -0.0018008825593518463
