Number: 1484
Error: 2.0926860523454095e-09
A1: [-0.00708547823813135, -0.014890988690989208, 0.0031028026556626895, 0.019559135211916018] - [0.06673648243336437, 0.18979757826401242, -0.1468284190695536, -0.10996276523368438] - [-0.11309052184777085, 0.4412900507819666, -0.07131578403098118, -0.25864658296735504] - [-0.023806763789190097, 0.0149142597233151, -0.030380766238159183, 0.038450244129433556]
A2: [0.13161632932525089, -0.2245985694375734, 0.022696574429455822, 0.07019015915013466] - [0.03266026480867451, 0.2037630395492799, -0.11487430961356743, -0.12144374949519686] - [-0.09452007838469709, 0.5556407509141685, -0.235101889218877, -0.2255349940899269] - [-0.020670255996662466, -0.019120993765852516, 0.008273630040831152, 0.03233231654016081]
B1: -5.989994133214818e-05 - -5.888693653951817e-05 - 4.2419985323687755e-05 - 1.3796972863396906e-05
B2: 0.00013693671791322436 - -4.10872707484928e-05 - 8.135211186812715e-05 - -0.00022358097036763376
