Number: 4518
Error: 1.1551067633165883e-15
A1: [0.0662131143245583, -0.11395214556141156, -0.02398401758448324, 0.07172280090544654] - [0.037402539213781436, 0.18819329977099006, -0.1474090184595489, -0.07818708186456598] - [-0.060229456161410254, 0.3289507186459519, -0.1277531926997375, -0.1409684047788358] - [0.03904599423691921, -0.0533228425844848, -0.037418749928777195, 0.05169496217733193]
A2: [-0.009108571638607331, -0.34680318106866553, 0.24945509450777095, 0.10645668423848977] - [0.08003980704279458, 0.036282236802015234, -0.05025013272412022, -0.06607198013305123] - [-0.04245280887311841, 0.23083190277009558, -0.04053123420179941, -0.14784782726631981] - [0.06813484466310936, -0.29346777967272636, 0.14177131209204077, 0.08356193432239604]
B1: -1.0618497323086833e-08 - -2.075881912920341e-08 - -3.5117541453600205e-08 - -1.845547364325565e-08
B2: 2.285766337887428e-08 - 2.4572843538158013e-08 - -1.3364889300603986e-07 - 3.32347368622477e-08
