Number: 9378
Error: 2.1070882987921344e-11
A1: [0.053168024903141084, -0.14800579588887347, -0.02700356657351546, 0.12182329654373049] - [0.005309285501029866, 0.1308322544546242, -0.11360517786653368, -0.022554204515516506] - [-0.014455238639587281, 0.22308085482804763, -0.1270519327524085, -0.08161669817270245] - [0.02713472978388423, -0.10003176659877847, -0.04943626192561194, 0.12228636292366728]
A2: [0.08925675683632832, -0.07291108186854572, -0.1236251780842653, 0.10728870677403163] - [0.10881505678601412, 0.24978750550317597, -0.40487143247177637, 0.046162360135422985] - [0.03664523025976179, 0.46256436927888145, -0.3777083783267739, -0.12146387291119855] - [0.14343506487040414, -0.044598022404229665, -0.2014911067833157, 0.10268862234556383]
B1: -1.396730439783069e-05 - 1.4637155764682013e-05 - -4.5877665993992236e-06 - 6.09586643024646e-06
B2: -4.4568483997202524e-07 - -2.440338513047225e-06 - 5.10160753210488e-06 - 1.2576580153586474e-06
