Number: 6349
Error: 7.134163185044658e-16
A1: [0.08043171340137768, -0.18046778203700573, -0.01958882829088074, 0.1196250004516821] - [0.037415631326979795, 0.13359643746933708, -0.13472613496735794, -0.03628577379261563] - [-0.001702761871442714, 0.22819017364690006, -0.1228283255875243, -0.10365885309836753] - [0.03886329137375044, -0.11448096176760092, -0.0464163844874356, 0.12203428486217142]
A2: [0.03530738440588571, -0.029273534614607993, -0.07569740571996808, 0.06966334635512009] - [0.10289383397042451, 0.2828967852718405, -0.39260631568499466, 0.006816083230887856] - [-0.011187004294282404, 0.539014686954632, -0.35945092491397085, -0.1683763637261636] - [0.09786282029633563, 0.017463337479004817, -0.16885099062997308, 0.053524900309378294]
B1: -2.7216024760916105e-08 - 3.2236570701546735e-08 - 2.2564334210069673e-08 - 3.334408857663003e-11
B2: -6.927220206595141e-09 - -9.430778083721405e-09 - 2.6176120686866055e-08 - 1.0957216364021498e-08
