Number: 5332
Error: 1.0602338542806426e-15
A1: [0.06621319410446272, -0.11395206756426868, -0.02398393786717502, 0.07172288055146114] - [0.03740263893214273, 0.18819339504525126, -0.14740892042867138, -0.07818698382501761] - [-0.06022929388671373, 0.3289508745015993, -0.127753033907423, -0.1409682468404242] - [0.03904628132085437, -0.05332257009484607, -0.03741847218437436, 0.05169523766647342]
A2: [-0.009108861466317092, -0.3468034885294675, 0.2494548023348516, 0.10645638037080422] - [0.08003992275979169, 0.0362823614622693, -0.05025000625204985, -0.0660718525872105] - [-0.04245274805068862, 0.23083196989719007, -0.04053116902227382, -0.1478477599993227] - [0.06813483790570567, -0.29346778711316235, 0.14177130476599228, 0.08356192674588815]
B1: -2.7572808696225103e-08 - -5.3542735127173325e-08 - 2.7890345508992502e-08 - 3.362857420878791e-08
B2: -2.071108761361855e-08 - -3.8270135257935645e-08 - -4.300106308932579e-08 - 4.167516871307415e-08
