Number: 6753
Error: 8.386235821927584e-16
A1: [0.08043162280782118, -0.18046787262030328, -0.019588918776116186, 0.11962490986847098] - [0.03741554425248664, 0.13359635046074658, -0.13472622186835512, -0.03628586081887667] - [-0.001702863010451299, 0.22819007251004716, -0.1228284265784474, -0.1036589542103834] - [0.03886318510520238, -0.11448106773791603, -0.04641649068826823, 0.12203417865967016]
A2: [0.03530741798974513, -0.02927350093785601, -0.0756973737888897, 0.06966338150429985] - [0.10289373881827904, 0.2828966893121234, -0.392606407714887, 0.006815983592656725] - [-0.011187140842626024, 0.5390145495918262, -0.35945105415988576, -0.16837650761199074] - [0.09786277918349225, 0.017463296179152047, -0.16885102976672708, 0.05352485715426323]
B1: -1.3345968184170907e-08 - -6.545690504466614e-09 - -1.8543847582298618e-08 - -1.6084319609704416e-08
B2: -2.497613945148301e-08 - -1.3719387516862234e-08 - -1.3810455493375344e-08 - -1.2622836506814277e-08
