Number: 6266
Error: 9.675720687410343e-16
A1: [0.08043165182372342, -0.18046784360768392, -0.019588889794906566, 0.11962493888106221] - [0.03741555262547977, 0.133596358827405, -0.1347262135120444, -0.036285852450518186] - [-0.0017028285304399847, 0.22819010698932793, -0.12282839214892183, -0.10365891973957216] - [0.03886321282362609, -0.11448104009727958, -0.04641646298750698, 0.12203420636086983]
A2: [0.03530748507636933, -0.029273433665680016, -0.07569731000380814, 0.06966345171775871] - [0.10289367485712898, 0.28289662480812394, -0.39260646957725764, 0.006815916615952776] - [-0.01118719395863697, 0.539014496159, -0.3594511044353045, -0.16837656358224043] - [0.0978627569068327, 0.017463273801162048, -0.1688510509726448, 0.05352483377099802]
B1: 1.694486860679298e-08 - -2.2894503682914495e-08 - -3.473388473796647e-08 - -1.3813390845960241e-08
B2: -2.0883021089335525e-08 - -1.9282294249604746e-08 - -1.8106808997937033e-09 - -9.460588368652921e-09
