Number: 1413
Error: 3.4241559076320925e-10
A1: [-0.007298091842070885, -0.015105326041328354, 0.0028822269045683736, 0.019341228389854758] - [0.06686746314074922, 0.18992361982083417, -0.1466930215665084, -0.10981702947653278] - [-0.11275434971012054, 0.4416195993158102, -0.07096559124199717, -0.2582828301473383] - [-0.02350365657922348, 0.015212153340874076, -0.03007181558777038, 0.0387697554478742]
A2: [0.1316753939889019, -0.2245406299059296, 0.02275436975012541, 0.07024781038463962] - [0.032700243642868804, 0.20380237712808608, -0.11483451721042218, -0.12140463199327702] - [-0.0943713749698002, 0.5557873956603209, -0.23495527677143105, -0.22538806513529425] - [-0.021189848411143634, -0.019633240763628667, 0.007758544021253722, 0.03183337658480261]
B1: 7.20061203651293e-05 - -7.90761413587277e-05 - 3.497206855019281e-05 - 8.773091371366276e-06
B2: -1.3915911683838694e-05 - 1.7746369774720747e-05 - 2.5080885547275524e-05 - 3.6761515641306715e-05
