Number: 6345
Error: 8.904797660956655e-16
A1: [0.0804317103052966, -0.18046778513273606, -0.01958883138325974, 0.11962499735595467] - [0.03741562736857344, 0.1335964335139268, -0.134726138917877, -0.036285777748829205] - [-0.0017027562095156066, 0.22819017930870625, -0.12282831993388739, -0.10365884743795155] - [0.03886329524577035, -0.11448095790644751, -0.046416380617883155, 0.12203428873178475]
A2: [0.03530741066750388, -0.02927350828035291, -0.07569738075076946, 0.06966337384076644] - [0.10289381619146418, 0.2828967673419872, -0.39260633288056895, 0.0068160646137116684] - [-0.011187024428248276, 0.5390146667005744, -0.35945094397119737, -0.16837638494203863] - [0.09786282401910025, 0.01746334121870319, -0.16885098708614377, 0.053524904217071255]
B1: -1.9296433240935033e-08 - 2.2111971297458526e-08 - 1.4833321373909365e-08 - -3.681906885226935e-10
B2: -9.967674093969336e-09 - -1.1039071555884635e-08 - 2.86554795432932e-08 - 1.3042942319994709e-08
