Number: 4344
Error: 7.392943509100859e-16
A1: [0.06621318896808126, -0.11395207258590485, -0.023983942999517678, 0.07172287542372995] - [0.03740266948252086, 0.18819342423394483, -0.14740889039538985, -0.07818695378906589] - [-0.06022928917271991, 0.32895087902936315, -0.12775302929448218, -0.140968242252576] - [0.03904622628444366, -0.053322622333681166, -0.037418525430535525, 0.051695184852729004]
A2: [-0.009108676876183113, -0.3468032927092436, 0.24945498841877722, 0.10645657390263909] - [0.08003981787022077, 0.03628224846623718, -0.05025012089039087, -0.06607196819881951] - [-0.04245283541444725, 0.2308318734774556, -0.04053126264461066, -0.14784785662000052] - [0.0681349362298361, -0.29346767885374336, 0.1417714113593795, 0.08356203698559875]
B1: 6.233662899338191e-08 - -5.66828476090992e-09 - -2.9565047075145288e-08 - 4.0384263909671617e-08
B2: -2.8424820479885752e-08 - 2.6887717504993408e-08 - 2.993440896003773e-09 - 5.751594766035702e-08
