Number: 3622
Error: 2.626605512863172e-13
A1: [0.06621539957652989, -0.11394991136540457, -0.023981734135649895, 0.07172508232118116] - [0.03740484844096004, 0.18819550608192098, -0.14740674830846867, -0.07818481151528779] - [-0.060226680711613745, 0.3289533843343613, -0.12775047678440055, -0.14096570349743034] - [0.03904693138521492, -0.05332195309233585, -0.037417843287594496, 0.051695861462486094]
A2: [-0.009102824695386364, -0.3467970844809427, 0.24946088794789276, 0.1064627095558318] - [0.0800382155765961, 0.036280522343687185, -0.050251872106064716, -0.06607373427267509] - [-0.042453174023986025, 0.23083149974607758, -0.04053162553692533, -0.14784823111302936] - [0.06813798387788816, -0.293464323273994, 0.14177471531153715, 0.08356545395476793]
B1: -4.765068940618087e-07 - 1.5101064160999532e-06 - 6.43158987941943e-07 - 3.0988946380213887e-07
B2: 8.797175640300868e-07 - -2.0446906544661026e-06 - 8.256315873155248e-07 - 1.7263923408569448e-06
