Number: 6973
Error: 1.2946551196699054e-15
A1: [0.08043168642039414, -0.18046780901493448, -0.01958885523960101, 0.11962497347377994] - [0.0374155899894388, 0.13359639616308183, -0.1347261762225323, -0.036285815107259506] - [-0.001702819825376758, 0.22819011569419959, -0.12282838345660292, -0.10365891103683456] - [0.038863230035703, -0.11448102293350801, -0.046416445786398246, 0.12203422356224561]
A2: [0.03530746746461078, -0.029273451326147965, -0.0756973267488169, 0.06966343328511466] - [0.1028937984644862, 0.282896749464557, -0.3926063500258522, 0.00681604605095436] - [-0.011187152446005866, 0.5390145379192292, -0.35945106514274794, -0.16837651983887808] - [0.09786281832814861, 0.017463335501864262, -0.1688509925035509, 0.053524898243412965]
B1: 1.1919225203169106e-08 - 1.0253549716872613e-08 - -1.637527816695662e-08 - 5.060381207393236e-09
B2: 3.25491204710989e-09 - 2.648929407740094e-09 - 6.4106831425126144e-09 - 7.992762468255783e-10
