Number: 5013
Error: 9.009657415158626e-16
A1: [0.06621321446743243, -0.11395204765633916, -0.02398391752017117, 0.07172290088028271] - [0.03740267432930129, 0.18819342886475796, -0.14740888563061189, -0.07818694902387462] - [-0.06022923948628739, 0.32895092675059895, -0.12775298067416074, -0.14096819389355025] - [0.03904618632778706, -0.05332266025894173, -0.03741856408714609, 0.051695146509947894]
A2: [-0.00910861662861035, -0.346803228795911, 0.2494550491537843, 0.10645663706905309] - [0.08003980807537225, 0.036282237914432205, -0.05025013159547896, -0.06607197899487419] - [-0.04245286207083254, 0.23083184405797025, -0.040531291210401665, -0.14784788610087504] - [0.06813474300809506, -0.2934678915991397, 0.14177120188830333, 0.08356182034854961]
B1: 7.60456122696718e-09 - 5.732815504707683e-09 - 1.211488556490922e-08 - 8.259059596786225e-09
B2: 2.154141022782667e-08 - 1.691064193404803e-08 - -1.3171538420044345e-08 - 5.644198194081958e-09
