Number: 7044
Error: 8.727843798269502e-16
A1: [0.08043169585997981, -0.18046779957641818, -0.01958884581130301, 0.11962498291228722] - [0.03741559755956889, 0.1335964037274829, -0.13472616866748527, -0.03628580754132257] - [-0.0017028126827356548, 0.22819012283668794, -0.12282837632442084, -0.10365890389610002] - [0.03886323604923649, -0.11448101693684958, -0.04641643977669455, 0.12203422957204253]
A2: [0.03530739374030164, -0.029273525254367834, -0.07569739684495687, 0.06966335612463577] - [0.10289376404327862, 0.2828967147512137, -0.3926063833175942, 0.006816010006920672] - [-0.011187078230292026, 0.5390146125776069, -0.3594509948959554, -0.16837644163519355] - [0.097862793275567, 0.017463310335327435, -0.16885101635198885, 0.05352487194636023]
B1: -1.171603860646313e-08 - 5.647268415890804e-09 - 8.718127823954965e-09 - -1.964817589219655e-09
B2: -1.011410526848296e-09 - -2.4090172767090358e-09 - 5.555060627076267e-09 - -4.941128981710957e-09
