Number: 2058
Error: 0.0001640673504036672
A1: [-0.028603062901058365, -0.04339803817743155, -0.02922049034514263, -0.013972245239397808] - [0.05704391232372982, 0.18220996308663104, -0.15767221571542586, -0.12396533675748207] - [-0.12474232502560198, 0.42139099000127567, -0.08251043926400942, -0.24734083565528517] - [-0.06947371720988671, -0.02423849887293119, -0.07851383634124826, -0.02829723317691482]
A2: [0.03865079036909755, -0.303639604409891, -0.06232853352093307, -0.014505785494238164] - [0.03271364385452155, 0.19808328785197615, -0.11953937262549225, -0.12390009800186642] - [-0.11836861107502963, 0.5371186520330455, -0.24077191471331813, -0.250068259463635] - [-0.08838079135995797, -0.06894548467788332, -0.0675586152158126, -0.011944101959119637]
B1: 0.0005708938309049276 - 0.003005613026248616 - -0.005864852071340151 - -0.022733246816570286
B2: -0.024244053201966778 - 0.039331525930520625 - -0.022421473649585754 - -0.03195469686499821
