Number: 8994
Error: 0.0002184944000498591
A1: [-0.02106448174767766, -0.25689129499993774, -0.10198966063833635, 0.03836024899538431] - [0.07191265222419754, 0.1976011332571237, -0.050304560719574475, 0.043209062417387964] - [-0.055683468732631435, 0.1848395391404864, -0.14691940298552586, -0.1199683220389715] - [0.04781599210577495, -0.08199252529565149, -0.02450767716419832, 0.1432223416155352]
A2: [0.17731583115378483, 0.06663421853188012, -0.006087892439294543, 0.23753922972362557] - [0.16141548300189365, 0.3023755917236758, -0.3620686267952377, 0.09368711351964099] - [0.12574489792818302, 0.5953180338557832, -0.2899071735693948, -0.004238023471925954] - [0.2309641723528545, 0.08126258352028877, -0.10043369048960539, 0.21850325129997875]
B1: -0.0007502346693705197 - 0.019318413838742526 - 0.0028378700775935593 - 0.012544758299931678
B2: -0.03942312596037519 - 0.0065345393418457225 - 0.053956993391640916 - -0.006916366019227272
