Number: 84
Error: 0.0003570678375330988
A1: [0.045730231462848, 0.04724550627165222, 0.08285750392548426, 0.06783041880469991] - [0.11063589559017775, 0.23632254081661835, -0.10242846851070248, -0.06905677441142324] - [-0.041899003345940794, 0.4794132352297317, 0.005839701482574899, -0.2126871770645393] - [0.05764065511778099, 0.04437836410743717, 0.059288434772200936, 0.08622297257927292]
A2: [0.27051935613555533, -0.06192988279424686, 0.11483353156183401, 0.10313264924674223] - [0.07352620229054435, 0.24204344666068067, -0.0834266942544634, -0.09226319291971025] - [0.03721127938418297, 0.7035605460803235, -0.11556115994886791, -0.1401572858021701] - [0.23288892743210615, 0.23128930851854387, 0.23630329182623647, 0.23418153304668807]
B1: 0.022371391520071136 - 0.36299132410007023 - 0.007883203744621372 - -0.023352857626730818
B2: -0.005534108735082038 - 0.33921056452927534 - -0.005465546213730481 - -0.00021702402187927976
