Number: 9372
Error: 2.94132807967514e-11
A1: [0.05317732851171504, -0.1479964884924201, -0.02699427300319794, 0.12183260498615499] - [0.005292273410452597, 0.1308152240254065, -0.11362218750966023, -0.022571240730992388] - [-0.014453374856308734, 0.22308271944200317, -0.12705007036928165, -0.08161483355789392] - [0.027152310494877985, -0.10001418547602345, -0.04941864382819814, 0.12230398880009798]
A2: [0.08928169287318731, -0.07288620431758405, -0.12360080429166787, 0.10731395043288787] - [0.10881828289127798, 0.2497907326918758, -0.4048682703260888, 0.04616564066556821] - [0.0366367926751927, 0.4625559755929272, -0.37771661055226746, -0.12147239787834258] - [0.14340472297536908, -0.04462825064170202, -0.20152073296084325, 0.10265783043506682]
B1: 9.35864877866798e-06 - -2.7921284829615066e-06 - 1.1592574407274173e-06 - -6.82145229349923e-06
B2: -2.7457878860622624e-06 - 6.136048075207315e-06 - -2.305037686504657e-06 - -4.740467278947091e-06
