Number: 9490
Error: 1.3232225062803933e-13
A1: [0.053173320332748845, -0.14800050052480082, -0.026998277993508176, 0.12182859254685767] - [0.005313679141470179, 0.13083665352998838, -0.11360078446145591, -0.02254980411444221] - [-0.014444855571727522, 0.22309124168298058, -0.12704155830547775, -0.08160631214003411] - [0.027145884052254696, -0.10002061402588121, -0.049425085603788034, 0.12229754295360168]
A2: [0.0892496492282599, -0.07291817123671968, -0.12363212441766669, 0.10728151173079092] - [0.10884021223689334, 0.24981266428715962, -0.40484677606090913, 0.0461879380123841] - [0.036634233832750274, 0.4625534301717932, -0.3777191068025338, -0.12147498320905808] - [0.1434249617186282, -0.04460808931630821, -0.20150097224121988, 0.10267836919209175]
B1: -3.5693367764636227e-07 - -7.661390899240848e-08 - -1.5246581126948516e-07 - -3.514322574142961e-07
B2: -4.764311743114709e-08 - -1.4540165781713263e-07 - -3.1379708684871286e-07 - 1.2997623759712113e-07
