Number: 373
Error: 5.332538884434514e-11
A1: [-0.012195707441110063, -0.014560628419341195, 0.018040517581761856, 0.008537883569102057] - [0.06586460797189343, 0.18952351625278965, -0.14529220253483519, -0.10997585739612394] - [-0.09634505739266738, 0.42173585054779905, -0.05351373719522814, -0.272096297686535] - [-0.0013408962396240932, -0.018237897664706928, -0.0038557532193978826, 0.023354324449264677]
A2: [0.1615931004209934, -0.1677485195649775, 0.008507582594733274, -0.0023268536285291695] - [0.035470438624360945, 0.20750168102057184, -0.11722564638478952, -0.12580698324532788] - [-0.08618698167139004, 0.5815641353201139, -0.2353628858582429, -0.2599096722260036] - [-0.0038378922160128195, -0.004522168117677694, 0.0011073622589693858, 0.0072405938124922575]
B1: -8.31284116894672e-06 - 2.4075511799732727e-05 - 9.242639423556445e-06 - 2.1969595498061378e-07
B2: 1.600057660562347e-05 - 2.20716599094035e-05 - -1.937069391272915e-05 - 1.046979970899199e-06
