Number: 1306
Error: 1.5350204964688269e-09
A1: [-0.007570346017548028, -0.015379932673756895, 0.0025997875682055643, 0.019061525138801418] - [0.06658245238813716, 0.1896493217933891, -0.1469877672818862, -0.11013408424488566] - [-0.11294840168390317, 0.44143003367253164, -0.0711670005143703, -0.2584930052168041] - [-0.023988027941051218, 0.014736567205721328, -0.030565197495634678, 0.03825840726694495]
A2: [0.13154570750272426, -0.2246687444592052, 0.02262728930576096, 0.07012116620572686] - [0.0323775335356415, 0.203484780576203, -0.11515601767707409, -0.12172035770308676] - [-0.09391632502601698, 0.5562355408186755, -0.23450782843958407, -0.2249406619904377] - [-0.0211046603584037, -0.019549845358578774, 0.007843466497084646, 0.03191529895405101]
B1: -0.0001336909824579262 - 0.00020674154243329523 - 8.572488375204832e-06 - -9.258950168757112e-05
B2: 4.7878148393777035e-05 - -0.00012077775521196096 - 3.637726180656069e-05 - 5.0633594715007846e-05
