Number: 8606
Error: 1.48105739398015e-15
A1: [0.0804317034076375, -0.18046779202959204, -0.019588838272689292, 0.11962499045909757] - [0.037415566176376015, 0.13359637236811062, -0.13472619998792087, -0.036285838907004465] - [-0.0017027508726272784, 0.2281901846454693, -0.12282831460481988, -0.10365884210247685] - [0.0388632520278742, -0.11448100100298134, -0.04641642380822748, 0.12203424554080436]
A2: [0.03530733822984664, -0.029273580918311257, -0.0756974496238546, 0.06966329802713653] - [0.10289372104627514, 0.2828966713893332, -0.3926064249037203, 0.006815964982786916] - [-0.011187123732337021, 0.5390145668041558, -0.35945103796471867, -0.16837648958217874] - [0.09786274663061302, 0.01746326347818312, -0.16885106075509837, 0.053524822984462095]
B1: -2.6160721279409103e-09 - 1.0169537113390238e-08 - 7.718532160903624e-09 - 2.0130270641513984e-08
B2: 1.9642520050974428e-08 - -1.1536436625263234e-08 - 7.14231204975502e-08 - 1.9500608485729837e-08
