Number: 365
Error: 1.3771043811553624e-10
A1: [-0.012092309991324006, -0.014454427299048823, 0.018154802779612633, 0.008648379377217902] - [0.06588145039121425, 0.18953971799348787, -0.14527478922152162, -0.10995710495936173] - [-0.09627170817864798, 0.421806741841941, -0.053434144720611476, -0.27201084262994324] - [-0.0013407854682290282, -0.018237791376163354, -0.0038556334994058195, 0.023354451459549744]
A2: [0.1615961031630897, -0.16774557450959487, 0.00851052387901137, -0.002323927561040033] - [0.03548198690472008, 0.20751304353976804, -0.11721414675577256, -0.1257956860194728] - [-0.08617339271027112, 0.5815774455828763, -0.23534966387503872, -0.2598964232071016] - [-0.003841028065663698, -0.004525250439596795, 0.001104261311928735, 0.007237595818796665]
B1: -5.395877712179956e-06 - 3.724923571823099e-05 - 1.8929166254083754e-05 - 3.7182786116698494e-06
B2: -8.831692813264646e-06 - 2.0009630580446726e-05 - 1.7935315443085972e-05 - -9.538343282900635e-06
