Number: 7669
Error: 8.664069072905516e-16
A1: [0.08043170047215022, -0.18046779496477758, -0.0195888412046428, 0.11962498752393425] - [0.037415617889396284, 0.1335964240419206, -0.13472614837815067, -0.03628578722275038] - [-0.0017028121740461169, 0.22819012334536562, -0.12282837581646856, -0.10365890338753893] - [0.038863250411699836, -0.11448100261470263, -0.04641642542337876, 0.12203424392558085]
A2: [0.03530747883163547, -0.02927343992767715, -0.0756973159411714, 0.06966344518190497] - [0.1028937325051425, 0.28289668294541936, -0.3926064138208702, 0.0068159769819032354] - [-0.011187119809916716, 0.5390145707499833, -0.3594510342519843, -0.16837648544907083] - [0.09786278655664588, 0.017463303585850257, -0.16885102274798092, 0.05352486489369811]
B1: -2.764923556511612e-08 - -1.205198966687644e-08 - 1.8510915825027775e-08 - 5.320771267935384e-09
B2: -5.0822860354027485e-09 - -1.741786344633423e-08 - 1.4491989449674456e-09 - -7.351426916264628e-09
