Number: 6799
Error: 1.02584145819411e-15
A1: [0.08043166890588185, -0.18046782652746285, -0.019588872733175503, 0.11962495596126668] - [0.03741556741274431, 0.13359637360347562, -0.134726198754245, -0.03628583767144842] - [-0.001702848770784125, 0.22819008674941102, -0.12282841235962959, -0.10365893997451651] - [0.03886320991827594, -0.11448104299447695, -0.046416465891006085, 0.12203420345732195]
A2: [0.03530739530843037, -0.02927352368190486, -0.07569739535399264, 0.06966335776584096] - [0.10289365957580716, 0.2828966093971111, -0.39260648435716655, 0.006815900614201664] - [-0.011187109948161066, 0.5390145806705633, -0.3594510249176082, -0.16837647505740827] - [0.09786276788188598, 0.017463284826138105, -0.16885104052512456, 0.053524845291254744]
B1: -3.0349825275758824e-09 - -2.1714654848482414e-08 - 6.138424689596566e-09 - -9.037197673861745e-10
B2: 1.1349504699129983e-10 - -5.32937644325865e-09 - -6.075157170670596e-09 - -4.08970515254619e-09
