Number: 7378
Error: 1.0381370677294738e-15
A1: [0.08043168865188605, -0.1804678067836989, -0.019588853010782756, 0.11962497570501576] - [0.03741554475486701, 0.1335963509627478, -0.13472622136696927, -0.036285860316772243] - [-0.001702818629492844, 0.22819011689005694, -0.12282838226247146, -0.10365890984126686] - [0.03886319508342299, -0.1144810577877036, -0.04641648071640952, 0.12203418863168694]
A2: [0.035307585449013974, -0.029273333015412642, -0.0756972145706917, 0.06966355676851795] - [0.10289378924523632, 0.28289674016706273, -0.39260635894257545, 0.0068160363970412455] - [-0.01118710623492378, 0.5390145844059383, -0.3594510214029507, -0.16837647114464477] - [0.09786284666278461, 0.017463363965382776, -0.16885096553079684, 0.053524927985535604]
B1: 2.8522761406515202e-08 - 2.3871950939351637e-09 - -2.2860350420220807e-08 - 8.25492645131369e-09
B2: 1.7264124856907368e-08 - -1.6124156730281403e-08 - 1.8974150790869518e-08 - -1.1644273994614855e-08
