Number: 2991
Error: 1.4370300176726915e-08
A1: [0.06344709489114547, -0.047858248813746736, -0.023430435791742664, 0.00786613722724398] - [0.04384357864564791, 0.19144692230178006, -0.14237614441258542, -0.09231012283519043] - [-0.12304915055139962, 0.41526175994205294, -0.10445681226423485, -0.18667032883051496] - [0.03692001809710185, 0.01908766298211688, -0.0332156158199907, -0.02313457607592549]
A2: [0.06404509384470249, -0.17308667772470956, 0.08692853468689003, 0.024553701995545373] - [0.028951514408718276, 0.19996523419730677, -0.10204783895629652, -0.1282049426757435] - [-0.09335527020159808, 0.5137345015850477, -0.22555049455249307, -0.19504362540077347] - [-0.025570553193385515, 0.018870408872385516, -0.049935037979094654, 0.05732400823579278]
B1: -0.00027142377594588883 - 8.725970321216528e-05 - 0.00018392345625430043 - 0.00029877191479743244
B2: -0.00015233067468801016 - -1.7889771956088724e-05 - 6.169929805165639e-05 - 6.52767994371438e-05
