Number: 4315
Error: 9.558012989416946e-16
A1: [0.06621335534372484, -0.11395190992820842, -0.023983776754446434, 0.0717230415201548] - [0.037402619348656754, 0.18819337633444203, -0.1474089396808208, -0.07818700307884514] - [-0.06022919503679069, 0.32895096944173735, -0.1277529371786248, -0.1409681506321312] - [0.03904588693728568, -0.05332294442924392, -0.037418853737587514, 0.05169485921140623]
A2: [-0.009108714645286235, -0.34680333277632586, 0.2494549503440635, 0.10645653430390153] - [0.08003992090780067, 0.036282359467209105, -0.05025000827619906, -0.06607185462841347] - [-0.04245267368363711, 0.2308320519735185, -0.04053108932753425, -0.14784767775198246] - [0.06813484736351302, -0.2934677766993938, 0.14177131501975546, 0.08356193735009237]
B1: 6.588371873117939e-08 - 3.197290144025259e-08 - -8.977401113499947e-09 - -2.7470166299028098e-08
B2: 1.0569784857151408e-08 - -2.264652049997657e-08 - 1.9429972760452952e-08 - 1.8500677726050435e-08
