Number: 2823
Error: 2.5853788252335462e-08
A1: [0.06353336298937579, -0.047773802054645396, -0.02334585909597854, 0.007953215389322324] - [0.04361798124852934, 0.19122851784460165, -0.1426094559647932, -0.09255993657215975] - [-0.12324936926957694, 0.41505537195798525, -0.10466331412043894, -0.18687825459324608] - [0.03711926076048153, 0.019282541943801534, -0.0330176430823853, -0.02293775452668028]
A2: [0.0625595595934979, -0.1745632519547663, 0.08544361312915087, 0.023086284235534285] - [0.029055978506118293, 0.20006825398333017, -0.10194318711454584, -0.12810189597201027] - [-0.09345711590808607, 0.5136355667785152, -0.22565329434746734, -0.1951436558632258] - [-0.02626164694399007, 0.018188014142914495, -0.05062183794431994, 0.0566517737692458]
B1: -3.498434919866105e-05 - 2.1955847224946166e-05 - 0.00018844038568868464 - 0.00022461634493482746
B2: -5.1351045265465425e-05 - -5.276339995430094e-05 - -3.298956764048375e-05 - -4.888907087702357e-05
