Number: 3979
Error: 1.0078473676637392e-15
A1: [0.06621317888835945, -0.11395208244036781, -0.023983953071328445, 0.07172286536092118] - [0.037402667765778295, 0.1881934225937073, -0.14740889208309257, -0.0781869554768986] - [-0.060229242710358705, 0.3289509236538908, -0.1277529838291478, -0.140968197031799] - [0.03904606996503162, -0.05332277070620688, -0.03741867666434235, 0.051695034846880386]
A2: [-0.009108554723165909, -0.34680316312403126, 0.24945511156018965, 0.10645670197344362] - [0.0800397856716892, 0.03628221377917231, -0.050250156081568846, -0.06607200368885746] - [-0.04245278211797244, 0.2308319322987425, -0.040531205530016975, -0.14784779767619285] - [0.06813474470576593, -0.293467889730051, 0.14177120372883836, 0.08356182225180674]
B1: -1.8231274972346017e-08 - -3.101357173012209e-08 - -2.590525340738761e-09 - -1.395491408560053e-08
B2: -1.2500734251027573e-08 - -9.500962565742541e-09 - -4.927607532178567e-08 - -5.3494750440389855e-09
