Number: 459
Error: 3.669236990284363e-12
A1: [-0.012158223218904725, -0.014522130295407538, 0.01808194557341518, 0.00857793665871693] - [0.06583061624339072, 0.18949081744668866, -0.14532734608173845, -0.11001370375142468] - [-0.09630151415489839, 0.421777932823548, -0.05346649164860286, -0.27204556729478996] - [-0.0013317548210769867, -0.018229106692709798, -0.0038460262219873016, 0.023364891107459367]
A2: [0.1615836500363763, -0.16775778626749854, 0.008498325132361505, -0.002336062944381623] - [0.035486518748599115, 0.20751750422846973, -0.1172096323191703, -0.12579125161125698] - [-0.08621230737941864, 0.5815393337399554, -0.23538752266246646, -0.25993436159070016] - [-0.0038353676220990694, -0.004519683450441642, 0.0011098607032753068, 0.007243009810790972]
B1: -1.082598752483296e-06 - -2.1942026991910295e-06 - -4.6658937885016476e-07 - -5.9192531216437444e-08
B2: 1.7529843958853532e-06 - -2.9973086740275845e-06 - 1.174296170533882e-06 - 2.333137686972681e-06
