Number: 9656
Error: 3.457775624212922e-15
A1: [0.05317285532521462, -0.14800096568034488, -0.026998742473693823, 0.12182812731453625] - [0.005313841846409394, 0.13083681642368078, -0.11360062176435956, -0.02254964117401077] - [-0.01444450547957688, 0.22309159191435238, -0.12704120847881617, -0.08160596191210173] - [0.02714663835721254, -0.10001985977869884, -0.04942432976377684, 0.12229829911823335]
A2: [0.08925437233810331, -0.07291345906754482, -0.12362750775987637, 0.10728629300995211] - [0.10884206273617923, 0.249814515107486, -0.4048449622097097, 0.046189819644549275] - [0.03663614872238307, 0.46255533508307345, -0.37771723854881994, -0.12147304846952113] - [0.14342605986875442, -0.04460699526480094, -0.20149990000607268, 0.10267948362241068]
B1: -2.8985434898036855e-08 - -4.825972695116205e-08 - -1.5119307459529085e-08 - 6.379847563273819e-08
B2: 3.902742683185252e-08 - 4.373223492984573e-08 - -4.495704952915317e-08 - 2.2579569227454954e-08
