Number: 5572
Error: 6.586549945936627e-09
A1: [0.06629860834985987, -0.11386854248523094, -0.02389857802197613, 0.07180816188721242] - [0.03745855729846497, 0.18824683711506082, -0.14735394050867398, -0.07813200122545319] - [-0.06009548639676593, 0.32907942379736366, -0.12762207027504235, -0.1408379915038804] - [0.03913940412853724, -0.05323415925542385, -0.037328355092279164, 0.05178462004424344]
A2: [-0.009121369910745988, -0.3468167512976041, 0.2494422076083729, 0.10644327773514733] - [0.08003051170714054, 0.036272226669386266, -0.050260292873056445, -0.06608222417816506] - [-0.04247350405023792, 0.23080906931154554, -0.04055342678587671, -0.14787071569309887] - [0.06808377316826039, -0.29352400438166953, 0.14171593295651397, 0.08350467323238607]
B1: 4.078075296128783e-05 - 2.5836076449847973e-05 - 3.4620137685947445e-05 - 4.443746412990987e-05
B2: -4.8236955789615575e-05 - -2.5521715112042324e-05 - -5.174864379158821e-05 - -4.1355386185447295e-05
