Number: 5913
Error: 5.200638031676778e-09
A1: [0.08053869621995474, -0.18036087083531654, -0.01948197040027171, 0.11973197371040487] - [0.03738846614114765, 0.1335692333868476, -0.13475325140597014, -0.03631292013718016] - [-0.0014921768908883256, 0.22840077902729763, -0.12261798102463962, -0.10344829180991125] - [0.03931680201626846, -0.11402866867472083, -0.045963062209643926, 0.1224875598977058]
A2: [0.03536365291394393, -0.029217076757669044, -0.07564393082540208, 0.06972219680797882] - [0.10257772647814692, 0.28257799511166876, -0.39291211242846164, 0.006484962275290951] - [-0.011624430680504208, 0.5385747149387119, -0.35986497305436427, -0.16883739790775176] - [0.09768972005748588, 0.01728949671948165, -0.16901579125268532, 0.0533431321591183]
B1: -6.257958016854996e-05 - 5.937619742922151e-05 - -9.38162724810123e-05 - -7.394137250291724e-05
B2: -0.00017473423906850356 - -7.377675322298e-05 - 0.00021517115924982871 - 2.9061864861653687e-05
