Number: 1276
Error: 7.491632897449687e-09
A1: [-0.006830198834222819, -0.014632827652830437, 0.0033688313612793867, 0.019821723047701512] - [0.06665337046762311, 0.1897175513028268, -0.14691451552074872, -0.11005519298411287] - [-0.11190830115697567, 0.4424503119038489, -0.0700829268858565, -0.25736693977613817] - [-0.022989420682049996, 0.015718188587021443, -0.0295462373765767, 0.03931258224493354]
A2: [0.13202118880952862, -0.22420131203694374, 0.02309514913388058, 0.07058628881931708] - [0.03282007539129823, 0.20392012682617341, -0.11471526813158224, -0.12128736857064487] - [-0.09421677142467237, 0.5559400322608251, -0.2348033851605571, -0.22523567143060955] - [-0.02052489987807308, -0.01897892442509928, 0.008419006547755722, 0.03247274096215152]
B1: -0.0001002903973593495 - 0.00043273544472349903 - -0.00012363521159815225 - -3.187517042471841e-05
B2: 1.3254153917399282e-05 - -0.0001243552453004687 - 1.4212277463165018e-05 - -2.372096782233397e-05
