Number: 5028
Error: 1.2011798578347375e-15
A1: [0.06621318102128892, -0.11395208035508399, -0.023983950940069935, 0.07172286749026759] - [0.037402638517478895, 0.18819339464897886, -0.1474089208363846, -0.07818698423276074] - [-0.06022932167291034, 0.32895084781478606, -0.12775306109719373, -0.14096827388403635] - [0.039046170762454036, -0.053322675032976406, -0.03741857914608754, 0.05169513157327891]
A2: [-0.009108703513019316, -0.34680332096649413, 0.24945496156641148, 0.10645654597565353] - [0.08003980925984949, 0.03628223919045279, -0.05025013030091291, -0.0660719776893169] - [-0.04245283865721477, 0.23083186989862073, -0.04053126611949855, -0.14784786020636828] - [0.06813475611150262, -0.2934678771717565, 0.14177121609362484, 0.0835618350398432]
B1: -3.0492463028988754e-08 - 8.094615424281722e-09 - 1.4002343971014366e-08 - 6.624762698440645e-09
B2: -1.756828603685075e-08 - -4.043904875767187e-08 - 4.883140128074299e-08 - -4.953011537850946e-08
