Number: 7471
Error: 8.818243041027278e-16
A1: [0.0804317293839303, -0.18046776605627174, -0.01958881232744745, 0.11962501643240397] - [0.037415629283935575, 0.13359643542783578, -0.13472613700633168, -0.036285775834532075] - [-0.0017027736463173474, 0.22819016187227403, -0.1228283373451577, -0.10365886487009549] - [0.038863276416077036, -0.11448097668330325, -0.04641639943558777, 0.12203426991378724]
A2: [0.0353074951390566, -0.02927342357515132, -0.07569730043628049, 0.06966346224938633] - [0.10289375176729804, 0.28289670237105163, -0.39260639519075585, 0.006815997152180188] - [-0.011187080009778978, 0.5390146107875078, -0.3594509965802656, -0.16837644351030345] - [0.09786281631831885, 0.01746333348289555, -0.16885099441677628, 0.053524896133743]
B1: 9.087247617187316e-09 - 6.914316258982819e-09 - -9.669885558977705e-09 - 4.545557459334969e-09
B2: -1.3673989758448464e-09 - 1.070633779886521e-09 - -2.9993177187613364e-09 - -1.817784449849773e-09
