Number: 8362
Error: 9.749788162049453e-16
A1: [0.0804316644795401, -0.18046783095332278, -0.019588877154276256, 0.11962495153540059] - [0.03741562933967821, 0.1335964354835798, -0.13472613695054514, -0.036285775778718755] - [-0.0017028185516369469, 0.22819011696791175, -0.12282838218472664, -0.10365890976342203] - [0.038863206980261585, -0.11448104592425144, -0.046416468827166456, 0.12203420052112297]
A2: [0.03530741652724794, -0.02927350240433952, -0.07569737517944095, 0.06966337997367264] - [0.10289369618113368, 0.2828966463131577, -0.3926064489529922, 0.006815938945404198] - [-0.011187131349205624, 0.5390145591418156, -0.35945104517423304, -0.16837649760837595] - [0.09786278484888791, 0.017463301870279682, -0.16885102437367494, 0.05352486310110839]
B1: 1.2302804252776608e-08 - 7.0697518526506805e-09 - 1.4054572303856331e-09 - -5.753322522491574e-09
B2: -5.211720934350066e-09 - 3.982467958477866e-08 - 1.2211618069280118e-08 - -9.99485849697417e-09
