Number: 6724
Error: 1.0321693086850715e-15
A1: [0.08043167162880663, -0.1804678238048477, -0.019588870013505472, 0.11962495868388083] - [0.03741557894968848, 0.13359638513168715, -0.13472618724028784, -0.0362858261408948] - [-0.0017028321191367567, 0.22819010340070256, -0.12282839573236219, -0.10365892332731293] - [0.038863219914318056, -0.11448103302648836, -0.04641645590133288, 0.12203421344715168]
A2: [0.03530742949984818, -0.029273489395917264, -0.07569736284523242, 0.0696633935508735] - [0.10289375590320786, 0.28289670654205423, -0.3926063911905683, 0.006816001483075896] - [-0.011187125585166553, 0.5390145649402907, -0.3594510397183712, -0.16837649153466933] - [0.09786278944787112, 0.01746330649022044, -0.1688510199957042, 0.053524867928521715]
B1: -4.300626082652355e-09 - 2.2080531972997245e-09 - -1.0810945812036385e-08 - -6.802519661553349e-09
B2: -5.1099588749218245e-09 - -3.4149653684085927e-09 - -4.535443050371488e-09 - -3.4135794860115925e-09
