Number: 3534
Error: 6.504892468627987e-11
A1: [0.06621922199388004, -0.1139461750768134, -0.023977915558678384, 0.07172889892167934] - [0.03739611235455643, 0.18818715864406355, -0.14741533689456837, -0.07819339989138491] - [-0.060228288765032785, 0.32895184202827343, -0.12775204810916174, -0.14096726945149968] - [0.03905947683055569, -0.05331004613421797, -0.03740570653204334, 0.051707900462146586]
A2: [-0.009086712401619288, -0.346779991675782, 0.2494771330141125, 0.10647960237840974] - [0.08000498231742398, 0.03624472126803074, -0.05028819424123763, -0.06611036480112399] - [-0.042500372135110244, 0.23077940950968806, -0.04058220451514762, -0.1479004315184333] - [0.06818606549409213, -0.29341138415723206, 0.1418268427979168, 0.08361936359879424]
B1: 1.1309737542840115e-05 - 1.5430124204571974e-05 - -1.3829629380452119e-05 - 1.6797193214369053e-05
B2: 2.034478541001448e-06 - 5.596031899379119e-06 - 2.1054457200902027e-06 - 8.415792478127877e-06
