Number: 8310
Error: 1.1589135595862978e-15
A1: [0.08043163882089639, -0.18046785660907103, -0.019588902782249205, 0.11962492587967358] - [0.0374156195913765, 0.13359642574266462, -0.13472614667942145, -0.03628578552162074] - [-0.001702830270911961, 0.22819010524887973, -0.12282839388684962, -0.10365892147958129] - [0.03886317639124073, -0.11448107642743964, -0.04641649939670516, 0.1220341699510991]
A2: [0.035307400670695176, -0.02927351830474456, -0.07569739025569247, 0.06966336337811344] - [0.10289368584502188, 0.2828966358893115, -0.39260645894995855, 0.006815928121998129] - [-0.011187084594515267, 0.5390146061753668, -0.35945100091980325, -0.16837644834143514] - [0.09786283932960832, 0.01746335659880874, -0.16885097251144668, 0.05352492028800931]
B1: 3.7396943676616727e-11 - 1.6403495576376728e-08 - 6.8287841396108755e-09 - 2.063515455072121e-08
B2: -2.761513800446821e-09 - 5.578988023812544e-08 - -1.1448503521334352e-10 - 7.787385880137636e-10
