Number: 6506
Error: 9.312002549426105e-16
A1: [0.0804316858258226, -0.18046780960943956, -0.019588855833464987, 0.11962497287927529] - [0.03741558431594479, 0.133596390493881, -0.1347261818847235, -0.03628582077761074] - [-0.001702813779689222, 0.22819012173976136, -0.12282837741976774, -0.10365890499276055] - [0.03886322443303194, -0.1144810285204574, -0.046416451385497645, 0.1220342179630576]
A2: [0.03530743995787718, -0.02927347890896285, -0.07569735290187422, 0.06966340449633747] - [0.10289373400565814, 0.2828966844586567, -0.3926064123695887, 0.006815978553136129] - [-0.011187098437934593, 0.5390145922494474, -0.3594510140229393, -0.16837646292866867] - [0.09786280204704367, 0.017463319146703203, -0.1688510080021116, 0.053524881153555824]
B1: -1.2570894377799168e-09 - 5.907105873763149e-10 - -5.289326454472023e-10 - 9.34425144686218e-10
B2: 3.867671682023939e-10 - -2.4529700671202697e-09 - 6.385207436310065e-09 - -4.472974841109937e-09
