Number: 5475
Error: 1.54909553466182e-13
A1: [0.0662130450155811, -0.11395221332376972, -0.02398408684142707, 0.07172273171052758] - [0.037403297644185415, 0.18819402439942398, -0.14740827286478667, -0.07818633620371881] - [-0.06022904838658111, 0.32895111028827007, -0.12775279367848547, -0.140968007903023] - [0.039045154465368694, -0.05332363966902037, -0.037419562384782105, 0.051694156318116934]
A2: [-0.009110373567711274, -0.3468050926264968, 0.24945327799910602, 0.10645479501916236] - [0.08004067101997155, 0.03628316755089909, -0.05024918844660655, -0.0660710278385103] - [-0.042451280693536424, 0.23083358935548612, -0.040529596549701855, -0.14784613716525177] - [0.06813659402676028, -0.29346585355717064, 0.14177320856244358, 0.08356389567101183]
B1: 7.585188641199652e-07 - 5.642061568448053e-07 - -3.4113322194247066e-07 - -3.504300201487627e-07
B2: 4.762830836284209e-08 - 7.450322145513457e-08 - 9.578709750058325e-08 - -3.729544589462722e-07
