Number: 4423
Error: 1.135822621988632e-15
A1: [0.06621312655917198, -0.11395213360019679, -0.02398400535946815, 0.0717228131195452] - [0.03740262283760146, 0.18819337966788982, -0.1474089362509182, -0.07818699964865465] - [-0.060229386863264185, 0.32895078520296855, -0.12775312488870383, -0.1409683373325937] - [0.03904618410770245, -0.053322662366229394, -0.0374185662350936, 0.05169514437950782]
A2: [-0.009108563317005026, -0.3468031722407332, 0.24945510289677045, 0.10645669296323962] - [0.08003989637361811, 0.036282333036878105, -0.05025003509065278, -0.06607188167054015] - [-0.04245278545537586, 0.23083192861535362, -0.040531209106500286, -0.14784780136719153] - [0.06813468525721299, -0.2934679551854092, 0.14177113928092325, 0.08356175559910267]
B1: -1.7677866703062054e-08 - 5.159776576725469e-08 - 1.1334142699746476e-08 - -3.2935901861868514e-08
B2: 2.435871825309835e-10 - 1.661163940180332e-08 - 3.6207871311011e-09 - -1.6542759940683594e-08
