Number: 6218
Error: 7.879031990633906e-16
A1: [0.08043165836926766, -0.18046783706288086, -0.019588883257188834, 0.11962494542585897] - [0.03741557132059949, 0.13359637750837536, -0.1347261948541753, -0.0362858337657543] - [-0.001702829280100268, 0.22819010623968358, -0.12282839289748457, -0.10365892048903244] - [0.03886322021448406, -0.11448103272716312, -0.04641645560135857, 0.12203421374713427]
A2: [0.035307363685541264, -0.029273555392262562, -0.07569742542058808, 0.06966332466901515] - [0.10289370902250645, 0.2828966592634684, -0.39260643653295957, 0.006815952392109407] - [-0.011187075448056468, 0.5390146153764537, -0.3594509922625321, -0.16837643870342323] - [0.09786277329823774, 0.017463290267126747, -0.16885103536909607, 0.053524850976646644]
B1: -2.982792248849451e-08 - -1.0574666938856947e-08 - -9.563846428414295e-10 - -1.0047820140394813e-08
B2: -1.800917640338321e-08 - -2.423084549828508e-08 - -3.7094369997024117e-09 - -1.1206729141931036e-08
