Number: 9053
Error: 0.0002486627711743599
A1: [-0.005304387993770896, -0.22082115423024165, -0.08823362779374008, 0.058653019596280255] - [0.025445162598137363, 0.14769045868085032, -0.09606174716317972, -0.0047300529000354535] - [-0.00220406484279014, 0.24455757103308454, -0.1024287344112522, -0.062194053218825276] - [0.03710201922263104, -0.08962893763079041, -0.03571187625330535, 0.13280597565276892]
A2: [0.18742581295718386, 0.03509605873968788, -0.007994275998527008, 0.21841501793259008] - [0.029512819525338622, 0.15719927999677166, -0.49652653916722367, -0.048120637098565726] - [0.0810907847744073, 0.5142378698825205, -0.3354469637418067, -0.07399043053746092] - [0.18832887092015274, 0.004161746243191003, -0.15602291302368865, 0.1512940107699627]
B1: -0.014341539031018185 - -0.02165158699959226 - -0.05589508010408293 - -0.023308433404217305
B2: -0.0538374023940293 - -0.020657045673997388 - -0.015746138641448817 - -0.02150129654700332
