Number: 6418
Error: 9.83946554334549e-16
A1: [0.08043169744969168, -0.18046779798688686, -0.019588844223494658, 0.11962498450181691] - [0.037415596538362655, 0.13359640270704826, -0.13472616968665918, -0.03628580856196329] - [-0.001702809689232771, 0.22819012583013054, -0.1228283733353004, -0.10365890090339575] - [0.038863228487677495, -0.11448102447719058, -0.046416447333435654, 0.12203422201518317]
A2: [0.03530743135544655, -0.029273487535186844, -0.07569736108095121, 0.06966339549295643] - [0.10289375085914468, 0.2828967014551811, -0.39260639606911957, 0.006815996201203514] - [-0.01118709912239794, 0.5390145915609017, -0.35945101467079754, -0.16837646364991313] - [0.09786281063828291, 0.017463327777021274, -0.16885099982381094, 0.053524890171563574]
B1: 1.2098632360092137e-09 - 2.9818191367732014e-09 - 4.856146252151577e-09 - 4.146077165776902e-10
B2: 5.715990358680028e-09 - 2.315975398458719e-09 - 3.752374297516611e-09 - -4.868043615995487e-09
