Number: 2589
Error: 1.326940439392933e-08
A1: [0.06341255591126688, -0.047889179232017465, -0.023462989698884298, 0.007835856708022945] - [0.043732826911645754, 0.19133942826291156, -0.14249131976194224, -0.09243438483406798] - [-0.12374666532620149, 0.41456998131151845, -0.10515179966062743, -0.18736377832682638] - [0.037391112029444167, 0.01956264065451886, -0.032741028818063546, -0.02266205177940273]
A2: [0.06310969920550619, -0.17402072173373895, 0.08599909753313704, 0.023631224832891904] - [0.02934559795976754, 0.20035325175186797, -0.1016547703477355, -0.12781894639702024] - [-0.09345089170489153, 0.5136408400447068, -0.22564983624831403, -0.19513821822188335] - [-0.026082630753624315, 0.01836852273268524, -0.05044975483140708, 0.05682383247260131]
B1: -0.00011567186046511119 - 4.305347993628762e-05 - -8.588307659921486e-05 - -0.00014317311020521295
B2: -0.00020091761334330437 - 0.00011966814833067342 - 0.00015849373593257264 - -0.00028445771430438263
