Number: 8907
Error: 0.00022695905044503657
A1: [0.06285587123225463, -0.1862424511019559, -0.01889058122478856, 0.12047778446604515] - [0.02902503322087837, 0.13878737098986701, -0.11915526154733654, -0.02214483549324983] - [-0.020657788133772767, 0.21645219228290102, -0.13249501014954784, -0.11475153627566871] - [0.019560013761709474, -0.11783953729174867, -0.04672046710276949, 0.1217683441362882]
A2: [0.16954014871941747, 0.1088080233389235, 0.044052938806362844, 0.2153039751273556] - [0.23225955820145808, 0.41384622952419997, -0.2679511968262921, 0.14546663757308806] - [0.08400641325685224, 0.6295987520071087, -0.2647852280011395, -0.06016788093978536] - [0.18371789376210218, 0.10023922307102867, -0.08148314833801877, 0.15230920118540495]
B1: 0.004630512138482319 - -0.006181157042623011 - -0.019618431229041677 - -0.019498959827163438
B2: -0.01313246555257368 - -0.016327753131073784 - -0.024524215033868334 - -0.010782450572554569
