Number: 1240
Error: 1.6549704745722346e-07
A1: [-0.0065697551797177555, -0.014369601082378742, 0.0036434996113591947, 0.020089216207676237] - [0.06658571022186849, 0.18965291318237118, -0.14698465645314132, -0.11013041895899987] - [-0.11126152886002295, 0.4430839818426031, -0.06940284677212098, -0.2566663109830556] - [-0.02209321605937451, 0.016598418999432547, -0.028625440545681866, 0.04025773651666578]
A2: [0.13065691427806694, -0.22554142333874716, 0.02175226102252615, 0.0692516231304072] - [0.03276624320751644, 0.20386756032484726, -0.11476879332698421, -0.12134011720913315] - [-0.09690104615660834, 0.5533025870650586, -0.23744375641717358, -0.22787447576817138] - [-0.0222985814948021, -0.020726584974186238, 0.006658489823500839, 0.03076868060602196]
B1: -0.0003097012246300884 - -0.00021584475585634635 - -0.0003751504629833465 - -1.0199081574841759e-05
B2: 1.3965831971810942e-06 - 0.0004516434133076837 - 7.314683765356788e-05 - -0.000129892199689504
