Number: 9983
Error: 1.0756685098309274e-15
A1: [0.053172486237049295, -0.1480013349024458, -0.02699911115342557, 0.12182775804810063] - [0.005313672846774472, 0.13083664724919114, -0.1136007907352969, -0.02254981041253051] - [-0.014444533866637329, 0.22309156351855441, -0.12704123684147375, -0.08160599030939526] - [0.02714635878020376, -0.10002013935374442, -0.0494246099289547, 0.12229801883065684]
A2: [0.0892545233893733, -0.07291330836434924, -0.12362736011079037, 0.10728644592427013] - [0.10884176011867419, 0.2498142124365063, -0.4048452588339256, 0.046189511934790345] - [0.0366359331181568, 0.46255512060008624, -0.37771744890404985, -0.12147326631065226] - [0.14342655816852803, -0.044606498819084066, -0.20149941345776387, 0.10267998931631235]
B1: -2.7701785514901634e-08 - 2.834976963727821e-08 - 1.2966581275672913e-08 - -2.192766828044947e-08
B2: -2.0037635732792104e-09 - 2.2142511484420453e-09 - 1.8988575181056686e-09 - 1.3379917853620994e-08
