Number: 9614
Error: 1.8748100792686196e-14
A1: [0.053172796768991046, -0.14800102426119677, -0.02699880096677662, 0.12182806872849403] - [0.005313833681717638, 0.13083680825014402, -0.11360062992775342, -0.02254964935017145] - [-0.014444428472938326, 0.22309166895017282, -0.1270411315321805, -0.08160588487678952] - [0.02714637359133963, -0.10002012454583371, -0.04942459508886904, 0.12229803367736969]
A2: [0.0892548480131203, -0.07291298448959797, -0.12362704279816338, 0.10728677455274052] - [0.1088404790787472, 0.2498129311692643, -0.4048465145015989, 0.04618820934091511] - [0.036635319511537874, 0.4625545101868869, -0.37771804756842553, -0.1214738862803678] - [0.14342656948853952, -0.04460648754440466, -0.20149940240822156, 0.10268000080269497]
B1: 1.3387753662312147e-07 - -2.030305345393437e-07 - -1.4609564302146897e-07 - 1.3025516753066158e-07
B2: 1.3562059427376662e-08 - -8.701012458562195e-08 - -5.3732614164083733e-08 - -6.799180528162923e-08
