Number: 8060
Error: 1.042880966003955e-15
A1: [0.08043170867307045, -0.1804677867647851, -0.019588833013541612, 0.1196249957239129] - [0.03741558136261454, 0.1335963875427867, -0.134726184832107, -0.03628582372928287] - [-0.0017028070539376505, 0.22819012846536516, -0.1228283707038583, -0.10365889826879726] - [0.0388632482587699, -0.11448100476158841, -0.04641642757494228, 0.12203424177398689]
A2: [0.0353074059042527, -0.029273513056770548, -0.07569738527966927, 0.06966336885555927] - [0.10289367647283319, 0.28289662643757274, -0.39260646801461574, 0.006815918307936703] - [-0.011187017939220143, 0.5390146732282534, -0.3594509378290076, -0.1683763781045318] - [0.09786278530128281, 0.01746330232476104, -0.16885102394301008, 0.053524863575974795]
B1: -2.403276461833368e-08 - 1.9724030623660064e-08 - 2.2061913311800304e-08 - 1.2724226279256313e-08
B2: 1.3602251970056349e-08 - -1.0450099932142506e-08 - 8.110093020389093e-09 - 5.266490378800704e-09
