Number: 3679
Error: 4.2649235285842866e-15
A1: [0.06621396434296208, -0.11395131453739013, -0.02398316823273407, 0.07172364949727436] - [0.03740246687599267, 0.1881932306564864, -0.1474090895735731, -0.07818715298442741] - [-0.060229190171139174, 0.3289509741146758, -0.12775293241745309, -0.1409681458965336] - [0.039045482294864244, -0.05332332850204614, -0.03741924521577744, 0.051694470912690436]
A2: [-0.009107901434048812, -0.34680247008745446, 0.2494557701343864, 0.10645738690964966] - [0.08003942076634729, 0.036281820672068595, -0.050250554902379105, -0.06607240589519286] - [-0.0424523884540284, 0.2308323667713084, -0.0405307836635238, -0.14784736229816614] - [0.06813558324060051, -0.29346696646698794, 0.14177211278188176, 0.0835627624035325]
B1: -6.062074158988545e-08 - 1.2217785691538608e-08 - 1.5996997300197685e-07 - -1.2404550416267003e-08
B2: -2.4362551395655856e-08 - -2.4484528027550197e-07 - 1.510470192127046e-07 - 1.6547820495363662e-07
