Number: 5363
Error: 1.0572705884502924e-15
A1: [0.06621316071766295, -0.1139521002049757, -0.023983971227756036, 0.07172284722070942] - [0.037402589855534976, 0.18819334815589553, -0.14740896867471817, -0.07818703207533213] - [-0.060229642140331795, 0.3289505400228628, -0.12775337468801173, -0.14096858578819838] - [0.039046042598093, -0.05332279668180888, -0.03741870314084189, 0.05169500858526508]
A2: [-0.009108681039004815, -0.34680329712486235, 0.24945498422193085, 0.10645656953854697] - [0.08003999549717151, 0.03628243982115194, -0.05024992675436952, -0.06607177241450055] - [-0.04245302233316373, 0.23083166718330247, -0.040531462953407184, -0.14784806334408385] - [0.06813455006518163, -0.2934681040367746, 0.1417709927201609, 0.08356160402512322]
B1: 7.649575168564841e-09 - -2.521263147731772e-08 - 1.0006570878557874e-08 - 5.802530497773066e-09
B2: 1.7643168901332724e-08 - 1.907705839173617e-08 - 2.6051408785980143e-08 - -2.644733976697084e-08
