Number: 6961
Error: 8.914056184950887e-16
A1: [0.08043167771814183, -0.18046781771620096, -0.019588863931448312, 0.11962496477252152] - [0.03741558599418203, 0.13359639217084882, -0.13472618020982852, -0.036285819100303214] - [-0.0017028215096224733, 0.2281901140099897, -0.12282838513838257, -0.10365891272063084] - [0.03886322925145181, -0.11448102371555838, -0.04641644657014961, 0.12203422277848182]
A2: [0.03530741656139593, -0.029273502370153935, -0.07569737514694687, 0.06966338000938163] - [0.10289381792889003, 0.28289676909415695, -0.3926063312001345, 0.006816066433028656] - [-0.011187181547056389, 0.5390145086446037, -0.35945109268752673, -0.16837655050367004] - [0.09786280094890838, 0.01746331804357196, -0.16885100904746353, 0.05352488000086925]
B1: 3.025216921430744e-08 - -2.866541749558716e-09 - -2.533645570818175e-09 - 1.1709105451991633e-08
B2: 3.5703068392971573e-09 - 1.0261160008715347e-08 - 1.438190006333106e-08 - 6.831431031030945e-09
