Number: 3984
Error: 1.0141271890236926e-15
A1: [0.06621315621838836, -0.11395210460373843, -0.02398397572350814, 0.0717228427289959] - [0.037402672458551264, 0.1881934270773333, -0.14740888746973732, -0.07818695086313476] - [-0.060229337513456396, 0.32895083260076596, -0.1277530765978496, -0.14096828930154026] - [0.03904606463380005, -0.053322775766410695, -0.03741868182212955, 0.05169502973097201]
A2: [-0.009108614474365239, -0.34680322651074025, 0.2494550513255325, 0.10645663932755575] - [0.08003976400001013, 0.03628219043256009, -0.05025017976748789, -0.06607202757589654] - [-0.04245280491124626, 0.2308319071426583, -0.04053122995619916, -0.147847822884706] - [0.06813471934597709, -0.29346791765230057, 0.14177117623636565, 0.08356179381878001]
B1: -8.393272857263633e-09 - -3.437932117188801e-08 - 9.255081159275204e-09 - -1.3294588770845383e-08
B2: -1.6348570878845644e-08 - 1.1212342915955593e-08 - -2.3152526811403615e-08 - -2.2817714598260884e-08
