Number: 6045
Error: 1.429429283966757e-13
A1: [0.08043341055836342, -0.18046608507293446, -0.019587133163903196, 0.11962669741417263] - [0.03741772322658316, 0.1335985277830075, -0.13472404723980763, -0.03628368305446206] - [-0.0017009924789331322, 0.22819194300485673, -0.12282655878293572, -0.10365708417640213] - [0.03886525861041009, -0.11447900005065688, -0.04641441850352596, 0.12203625087650655]
A2: [0.03530469998331164, -0.029276226463913972, -0.07569995802898385, 0.06966053681525117] - [0.1028924094446714, 0.2828953486556479, -0.392607693467056, 0.006814591543538848] - [-0.011186186113349213, 0.5390155100178639, -0.359450150487361, -0.16837550157896672] - [0.09786339119440912, 0.017463910974823096, -0.16885044717097247, 0.05352549956778353]
B1: -7.023308486173166e-07 - 2.545406285923355e-07 - 6.069116270365483e-07 - 2.0834621555093362e-07
B2: -7.872640255808117e-07 - -1.1989398454777978e-06 - 2.4845604629951047e-06 - 7.817161347099526e-08
