Number: 670
Error: 2.266243043877625e-14
A1: [-0.012152574916479617, -0.014516328984263544, 0.01808818855219308, 0.008583972455303904] - [0.06583543903579489, 0.18949545676668225, -0.1453223597403763, -0.11000833404971837] - [-0.09629205528907483, 0.4217870745103102, -0.05345622779338642, -0.27203454733542387] - [-0.001320160355596579, -0.018217956269861037, -0.0038336844567069287, 0.023378292279067268]
A2: [0.16158687817398626, -0.16775461886473073, 0.008501488082640287, -0.0023329160828524133] - [0.03548573102549372, 0.20751672915238994, -0.11721041674806539, -0.12579202221467456] - [-0.08621350464791755, 0.5815381609897705, -0.23538868768013643, -0.2599355291339072] - [-0.003834741375709315, -0.0045190676389896345, 0.001110480489557504, 0.007243608914449179]
B1: -1.2704574503691964e-07 - 1.5242408877671713e-07 - -2.3242114826455586e-08 - -4.0647760965539974e-08
B2: 3.0077581331428176e-07 - 3.565382834308582e-07 - -2.258439953000773e-07 - -2.4137915288995825e-07
