Number: 8868
Error: 6.992738458961125e-06
A1: [0.06727541008611852, -0.19298103943244443, -0.03358997902536612, 0.10693590647991845] - [0.022365178711512144, 0.1193246686566861, -0.14955351006151837, -0.05108943622698529] - [-0.0023294387493489562, 0.22782192162171042, -0.12344292168143851, -0.10422848538249528] - [0.030941524359330085, -0.12161083560615743, -0.055506707841030005, 0.11465779114708385]
A2: [0.023809470606913654, -0.04080932477970195, -0.08664539360090692, 0.05766145646522247] - [0.08931894085251965, 0.2693452587262154, -0.4049926265403019, -0.007493379061217777] - [-0.02298827674906625, 0.5260147877967088, -0.37136971274384645, -0.18062256028304965] - [0.08851791851937281, 0.008360112696095986, -0.17753703462405696, 0.043730190573461114]
B1: -0.004127484391516492 - -0.001700189610284914 - 0.001636490047446699 - -0.0006329173307964382
B2: 0.002112206189830125 - 0.0025659008412039007 - -0.0015347234189498613 - -0.002029661805475779
