Number: 4996
Error: 1.2232994282712757e-15
A1: [0.0662132818898265, -0.11395198174059838, -0.023983850150692678, 0.07172296818952109] - [0.03740264356033107, 0.18819339946708338, -0.14740891587887417, -0.07818697927481195] - [-0.06022933599579272, 0.32895083405843756, -0.1277530751127287, -0.1409682878241905] - [0.039046267381350926, -0.05332258332588942, -0.03741848567049345, 0.0516952242898881]
A2: [-0.009108693421171316, -0.34680331026065375, 0.24945497173990727, 0.10645655655636357] - [0.08003982225937793, 0.03628225319465629, -0.0502501160931841, -0.06607196336094712] - [-0.04245283737670108, 0.23083187131187485, -0.04053126474723856, -0.14784785879016873] - [0.068134749905796, -0.2934678840044902, 0.1417712093660626, 0.08356182808212428]
B1: -3.7530972084331406e-08 - 6.570518099115552e-09 - 2.325196621806655e-08 - 1.2214663851747667e-08
B2: 1.4384375181870883e-08 - 2.081184158835679e-08 - -3.247086060925612e-08 - -3.713326492102834e-08
