Number: 1274
Error: 2.2714876557887384e-08
A1: [-0.006877831392610233, -0.014680905576082976, 0.0033193608992547765, 0.019772787319209] - [0.0666119808223431, 0.1896777349620577, -0.14695731174721444, -0.11010123505032401] - [-0.11181123882178334, 0.44254554376617283, -0.06998170665413825, -0.2572618590649572] - [-0.022868384997766264, 0.015837183517799898, -0.029422644535563678, 0.039440330344271066]
A2: [0.1321560595687838, -0.22406857806409028, 0.023227871189432554, 0.07071821916498924] - [0.032843801706242313, 0.2039434722469666, -0.1146916302274882, -0.12126414625612668] - [-0.09428051670819589, 0.555877399211005, -0.2348659955367352, -0.22529826998856364] - [-0.020372878758677774, -0.018829037624465517, 0.008569920742201984, 0.032618932656307]
B1: -0.00020323084564429934 - 0.000233673694455351 - -0.0002973038608923594 - -0.00010299035990618004
B2: 2.4742106425696904e-05 - 9.787958839277461e-05 - -6.012689905086865e-05 - -5.373719776531339e-05
