Number: 1806
Error: 5.363202578369152e-08
A1: [-0.005938365694569701, -0.013728041071225, 0.00433299257417119, 0.020713554438704138] - [0.0666677593175595, 0.18973730726275337, -0.14690183617865735, -0.11003818152793088] - [-0.11152748219860456, 0.44284627818964784, -0.06973038237014412, -0.2569477922838817] - [-0.02372230723243943, 0.015033657704591648, -0.030361324302309256, 0.03854710257377419]
A2: [0.132109653419245, -0.22413341179072352, 0.02319788044144555, 0.07068317819145488] - [0.03277725886507096, 0.20388688334289165, -0.11475657609394078, -0.12132376248500445] - [-0.09383982865207384, 0.5563460706830454, -0.2343451932823058, -0.22474595406591505] - [-0.02073084824012989, -0.019218081015168666, 0.008207776496534959, 0.032258946971471684]
B1: -1.3713674975030074e-05 - -0.0005271152230040224 - 4.336160978935294e-06 - -0.00012872220337201173
B2: -3.253522444319226e-05 - 0.0001425470863649585 - -0.00019228222538566418 - 0.00018211352288108887
