Number: 9508
Error: 4.109448725336409e-13
A1: [0.05317290940794476, -0.14800091159650638, -0.02699868846225179, 0.12182818142719003] - [0.005314276350634356, 0.13083725136369467, -0.11360018734565093, -0.022549206067138734] - [-0.014443546056774368, 0.22309255167955178, -0.12704024982602466, -0.08160500215579655] - [0.027146368472373165, -0.10002012962667849, -0.049424600180906296, 0.12229802858128809]
A2: [0.08925719412103934, -0.07291064380750018, -0.1236247495426456, 0.10728914962798267] - [0.10884272803107921, 0.24981518052281146, -0.40484431009909105, 0.04619049613445102] - [0.036637589786307635, 0.46255676866004375, -0.3777158325735597, -0.12147159245087091] - [0.14342811582101717, -0.044604946962903444, -0.20149789253871656, 0.10268157009261085]
B1: 1.923884995063287e-07 - 3.5155824980668406e-08 - 3.8797824939167604e-08 - 1.064968343382146e-07
B2: 3.71962274083882e-07 - 5.688112621601298e-07 - 9.252423857193507e-07 - 8.269925674489691e-07
