Number: 7951
Error: 9.886469452638248e-16
A1: [0.08043169824106564, -0.18046779719561448, -0.019588843433073138, 0.11962498529309779] - [0.037415672475071486, 0.1335964785862872, -0.13472609390120444, -0.0362857326673012] - [-0.0017028030320334177, 0.2281901324871827, -0.12282836668784204, -0.10365889424796633] - [0.03886325451637836, -0.11448099852154693, -0.046416421321322926, 0.12203424802770377]
A2: [0.035307421767704704, -0.02927349714943752, -0.07569737019686565, 0.06966338545835041] - [0.10289378455722563, 0.2828967354392656, -0.392606363476731, 0.006816031487974419] - [-0.011186999837169368, 0.5390146914382837, -0.35945092069501616, -0.168376359029775] - [0.09786286102794065, 0.017463378395869835, -0.168850951856036, 0.05352494306420426]
B1: -1.2470035132303173e-08 - 2.3093636633667222e-08 - 3.138985581123788e-08 - 1.291858883040898e-08
B2: 7.676109637368072e-10 - 3.731365119889463e-08 - 1.0261630955421668e-09 - 7.04141243638421e-09
