Number: 6217
Error: 8.512905018261089e-16
A1: [0.0804316574705983, -0.18046783796144844, -0.019588884154783628, 0.11962494452729225] - [0.03741557014356279, 0.1335963763322295, -0.1347261960288667, -0.03628583494213898] - [-0.0017028292954020191, 0.22819010622438216, -0.12282839291276391, -0.10365892050433011] - [0.03886321988601231, -0.11448103305471305, -0.046416455929621, 0.12203421341886668]
A2: [0.035307370778506035, -0.029273548279679342, -0.07569741867669186, 0.06966333209257669] - [0.10289371079087332, 0.28289666104684374, -0.3926064348226187, 0.006815954243848709] - [-0.011187074385777063, 0.5390146164450692, -0.35945099125706215, -0.16837643758406157] - [0.09786277562806094, 0.01746329260754764, -0.16885103315125644, 0.05352485342220402]
B1: -2.8905596342161508e-08 - -1.0561811800884556e-08 - -2.623860236447078e-09 - -1.006130813547327e-08
B2: -1.7986992150532626e-08 - -2.411339985237032e-08 - -2.9777242638832233e-09 - -1.0684853126769516e-08
