Number: 5104
Error: 9.628230863360913e-16
A1: [0.06621323406674337, -0.11395202849504045, -0.02398389793628533, 0.07172292044666088] - [0.037402621149863875, 0.1881933780554128, -0.1474089379100664, -0.07818700130795568] - [-0.060229345052758544, 0.3289508253596542, -0.12775308397537816, -0.14096829663916333] - [0.039046155187238425, -0.053322689816385084, -0.037418594214594675, 0.05169511662711828]
A2: [-0.00910852279934819, -0.34680312925790563, 0.24945514374215158, 0.10645673544379884] - [0.08003978153769596, 0.03628220932578353, -0.05025016059961197, -0.06607200824528063] - [-0.04245291011037708, 0.2308317910387183, -0.0405313426914045, -0.1478479392305973] - [0.0681346742635221, -0.29346796728966834, 0.14177112736270603, 0.08356174327350088]
B1: 5.488687371658123e-08 - -1.9249368758360334e-08 - -1.4690531659754308e-08 - -1.224624555391325e-08
B2: 2.6082631993347997e-08 - 6.278589499987377e-09 - -7.678359241209468e-08 - 3.970794027416008e-08
