Number: 1358
Error: 1.5548069233019357e-09
A1: [-0.00720576474468689, -0.015012195597872417, 0.0029782787163339427, 0.01943603205346939] - [0.06687278179031145, 0.18992871836066041, -0.14668759356349637, -0.10981110104082674] - [-0.11253964450849255, 0.4418301845898012, -0.0707417815498503, -0.25805032202300227] - [-0.02352264986788062, 0.015193531132037542, -0.030091105685696572, 0.03874976669226217]
A2: [0.1315409784832516, -0.22467299540859534, 0.022622261557003295, 0.07011638221356047] - [0.03268052731238168, 0.20378293214507504, -0.11485421699613625, -0.12142397193530394] - [-0.09448806131438078, 0.5556726694082484, -0.2350697902587904, -0.22550274615637728] - [-0.02098696618830141, -0.019433280124678473, 0.007959736979021489, 0.03202828181508918]
B1: -2.974301223208747e-05 - -0.00024906388778045955 - 0.0001146139894113331 - -6.107110886406383e-05
B2: -5.624488280493598e-05 - -4.012290970645128e-05 - -5.198961863304377e-05 - -2.8100114936015748e-05
