Number: 8220
Error: 9.16492455814684e-16
A1: [0.08043167878448758, -0.18046781665001052, -0.01958886286643877, 0.11962496583870412] - [0.03741558950444345, 0.13359639567850187, -0.1347261767064169, -0.03628581559189956] - [-0.0017028200047640443, 0.2281901155148082, -0.1228283836357363, -0.10365891121617742] - [0.03886322468106245, -0.11448102827313884, -0.046416451137648855, 0.12203421821091509]
A2: [0.035307496544112, -0.029273422166168694, -0.07569729910027538, 0.06966346371984442] - [0.10289370275320767, 0.2828966529409856, -0.3926064425965682, 0.006815945827307959] - [-0.011187122381837281, 0.5390145681626793, -0.3594510366863939, -0.16837648815917208] - [0.09786284529237461, 0.01746336258870306, -0.16885096683528156, 0.05352492654697893]
B1: 1.651029892426593e-08 - 5.959565504671455e-09 - -1.6423960856397614e-08 - -2.2845195397742588e-08
B2: -9.088527282454097e-09 - 7.58064135459386e-10 - -1.626730770976725e-11 - -8.217532119290922e-09
