Number: 186
Error: 1.1261206243302204e-05
A1: [0.003390581428271207, 0.001346540972506572, 0.03513937862511629, 0.025119742396977795] - [0.06605379382688278, 0.18971271150123545, -0.14508497964576075, -0.10975224406352826] - [-0.07536684737469991, 0.4420829477410737, -0.030782170935971076, -0.2476261085032801] - [-0.008180519550279453, -0.024990093459293313, -0.011073258895984869, 0.015325907786044889]
A2: [0.16910882785986514, -0.1604581578582647, 0.015970788377578357, 0.004709692875164725] - [0.04795165881792581, 0.21977482914604463, -0.10479283310262123, -0.11361521474920704] - [-0.06799663613125453, 0.5992294467880812, -0.2176499573962847, -0.2424316170756524] - [0.009145228989467574, 0.008213274899807825, 0.014013857455756668, 0.019578399141106578]
B1: 0.005880160127628259 - -0.0014747329318772128 - 0.002226160859862954 - 0.0011587767060632036
B2: -0.007298117796404586 - 0.003381766774716193 - 0.010032903657446014 - -0.0035844691689631424
