Number: 3064
Error: 7.267830032904529e-07
A1: [0.06241333976106943, -0.04888643647339636, -0.024455558186740636, 0.006835142846938611] - [0.043624831601801126, 0.19123613690790234, -0.14259752256152272, -0.0925474443749299] - [-0.12423267479933317, 0.41408988049736334, -0.10563867981708104, -0.18784092850205883] - [0.03560738750391681, 0.01777219769139326, -0.034533540045686824, -0.02445511469413524]
A2: [0.059717947698265585, -0.17738847526784457, 0.08260771484545655, 0.020279204902948014] - [0.02876508705986086, 0.19978365655499272, -0.10223472814139402, -0.12838760923022954] - [-0.0963143373952824, 0.5108286557593323, -0.22851745185375752, -0.19790764183961487] - [-0.02893339939459527, 0.015521052003192367, -0.05330903307865481, 0.054054179435655055]
B1: 2.0923127459528503e-05 - -0.0005709769013606293 - -0.00028270990448390907 - -0.0003263915049851018
B2: 0.00016874939959795867 - 0.001437031694341351 - 0.0002333607044283748 - 0.00014705722779368547
