Number: 3516
Error: 8.95062249765539e-11
A1: [0.06620199158477293, -0.11396302060742411, -0.023995132826366394, 0.071711697515699] - [0.03741806356357697, 0.1882081307028614, -0.1473937565665551, -0.07817181850695352] - [-0.060284236332169956, 0.3288981121991607, -0.1278067933919944, -0.141021722638718] - [0.03904111723399028, -0.053327475714297204, -0.03742347080631829, 0.051690282858969476]
A2: [-0.00913331264807907, -0.3468294288409478, 0.24943015957615808, 0.10643074352281731] - [0.08007169298954923, 0.03631658867642122, -0.05021528536497854, -0.06603683436293808] - [-0.042465627892318294, 0.23081775400725385, -0.040544969812834813, -0.14786200635087926] - [0.06810992723918509, -0.2934952172005423, 0.14174430558521572, 0.08353399737854425]
B1: 1.122294552045372e-05 - -2.3642132293081602e-05 - -4.1742546938747e-06 - 1.4798221204145968e-05
B2: 5.301226030356018e-06 - -4.614569939221574e-06 - 7.179560728509469e-06 - -1.3808095979118874e-05
