Number: 1709
Error: 2.9398053940802243e-07
A1: [-0.008279903632054336, -0.016110563557746944, 0.0018609443694447248, 0.018318018045498468] - [0.06646612514822307, 0.18953740947188402, -0.14710860250435487, -0.11026405416980561] - [-0.1137298209627936, 0.44064074866625375, -0.07199163052582572, -0.2593457853971395] - [-0.023779161755519945, 0.014922295804324635, -0.030354466381872433, 0.03846779947850829]
A2: [0.13231718218787691, -0.2238820713512484, 0.023394316161244554, 0.07087622773919713] - [0.031887654756106235, 0.20300318347468427, -0.11564393012352964, -0.12219696249182148] - [-0.09468038058440516, 0.5555078826665657, -0.23524615072566957, -0.22569098804363735] - [-0.019985385326719333, -0.018426378583569856, 0.008959518905821022, 0.03299205449066175]
B1: 0.0005959218538682684 - -0.0005968418050210653 - 0.0006048229663404756 - 0.000440368096447714
B2: -0.00032195945735133847 - -0.0003146742958232557 - 4.971945830811362e-05 - -0.00022393055430674786
