Number: 3352
Error: 8.587532806973166e-07
A1: [0.0649871384719464, -0.11516225801187152, -0.025233103970150193, 0.07048154777721621] - [0.03657122597248319, 0.18738434530308007, -0.14824106674050733, -0.07901686344169734] - [-0.05423138601587216, 0.3348146973236366, -0.1217696495098174, -0.13504303852914082] - [0.040924264250032046, -0.05155615002535747, -0.03561714119792237, 0.05348063284486019]
A2: [-0.006900298371057379, -0.34446098117094215, 0.25179630450984636, 0.10878156753848431] - [0.0799998377114091, 0.0362452593852553, -0.05032900508814315, -0.06612036211960201] - [-0.044099956885098796, 0.22899776043752168, -0.04231448518970588, -0.14969403306265333] - [0.06728823708430079, -0.2944068986805183, 0.14086953370367408, 0.08260246828342711]
B1: -0.0009195243078569483 - 0.0008707767765406933 - 0.0001942208756139805 - -7.896806038607549e-05
B2: -0.00046571988299620395 - 0.0019264130736251842 - -0.002533811988922322 - 0.000649712689894591
