Number: 4758
Error: 1.0364455072285596e-15
A1: [0.06621318307976765, -0.11395207834263447, -0.02398394888323471, 0.07172286954525657] - [0.03740263896744328, 0.1881933950788738, -0.14740892039404865, -0.07818698379038577] - [-0.06022940444825211, 0.32895076831356385, -0.1277531420963268, -0.14096835444751665] - [0.03904605977352022, -0.05332278037959916, -0.03741868652429204, 0.05169502506694892]
A2: [-0.009108521442099815, -0.34680312781810546, 0.24945514511038158, 0.10645673686668954] - [0.08003990057769707, 0.03628233756585622, -0.05025003049581488, -0.06607187703674886] - [-0.042452768168654904, 0.23083194769399015, -0.04053119058130454, -0.14784778224883136] - [0.06813483741681926, -0.293467787651265, 0.14177130423625695, 0.08356192619789543]
B1: 7.858821264564342e-09 - 4.126072050836905e-08 - 4.486059030298701e-09 - 8.315453411123044e-09
B2: 1.0555476446915157e-08 - -3.207453398702808e-10 - 1.5383321330954804e-08 - 4.677159575808901e-08
