Number: 8511
Error: 2.5015132559957276e-15
A1: [0.08043159836424156, -0.18046789706110994, -0.01958894319051124, 0.11962488542767717] - [0.03741556431084752, 0.1335963705039851, -0.13472620184974474, -0.03628584077150994] - [-0.0017029176022429387, 0.22819001791939178, -0.12282848109033678, -0.10365900878761397] - [0.03886321859707058, -0.11448103433997099, -0.04641645721771588, 0.122034212130776]
A2: [0.03530768395776374, -0.02927323423419217, -0.07569712090926495, 0.06966365986801942] - [0.10289383109946991, 0.2828967823765326, -0.39260631846158156, 0.0068160802243800445] - [-0.011187094439031122, 0.5390145962721852, -0.35945101023788917, -0.16837645871488668] - [0.09786291620978621, 0.017463433828688587, -0.16885089932630756, 0.0535250009869602]
B1: -3.728473657638115e-09 - -5.6091542940001765e-08 - -1.480693786079855e-08 - -5.5956836726880586e-08
B2: 3.873787847088378e-08 - -8.442635194033108e-08 - 3.691685555361675e-08 - 5.967805349447977e-09
