Number: 653
Error: 1.2331617341392097e-14
A1: [-0.012153281655716344, -0.01451705487833038, 0.018087407391756558, 0.00858321722242293] - [0.06583520771460406, 0.18949523424554174, -0.14532259890623878, -0.11000859160267223] - [-0.09629246085824406, 0.42178668253547236, -0.05345666788398189, -0.27203501984308626] - [-0.0013227782959336874, -0.018220473987483554, -0.0038364711690169907, 0.023375266378359787]
A2: [0.1615870023268891, -0.16775449704924134, 0.008501609733959088, -0.002332795050839538] - [0.03548576353331658, 0.20751676113782078, -0.11721038437647398, -0.12579199041367703] - [-0.08621348249745824, 0.5815381826866269, -0.23538866612609544, -0.259935507533543] - [-0.0038344924545424134, -0.0045188228558079736, 0.001110726862554715, 0.0072438470651581075]
B1: 2.0960060476988055e-07 - 3.0762914123455223e-07 - 9.675679931915911e-08 - 1.0351888362370195e-07
B2: -4.270536301013323e-07 - -1.0087889151069577e-07 - 5.87544023286737e-07 - 3.207461120662953e-07
