Number: 6412
Error: 9.61734159336394e-16
A1: [0.0804316980251144, -0.1804677974115293, -0.01958884364875994, 0.11962498507717392] - [0.037415595600454245, 0.13359640176984972, -0.1347261706226988, -0.03628580949935214] - [-0.0017028085214975722, 0.22819012699784083, -0.12282837216927496, -0.1036588997359722] - [0.038863227997545824, -0.11448102496594675, -0.046416447823255005, 0.12203422152535613]
A2: [0.035307423594648564, -0.029273495317450323, -0.07569736845981538, 0.06966338737043588] - [0.10289375437819707, 0.28289670500410025, -0.3926063926655388, 0.006815999886166755] - [-0.011187091245513325, 0.539014599484769, -0.3594510072151586, -0.16837645534976065] - [0.09786281247675252, 0.017463329623853517, -0.1688509980737076, 0.05352489210135902]
B1: -1.6071731656436748e-09 - 4.5731559897666136e-09 - 7.269646727808596e-09 - 1.0751873877607456e-09
B2: 5.953445403006028e-09 - 3.4338982364063853e-09 - 3.3098252986779417e-09 - -4.6924066488486586e-09
