Number: 6871
Error: 1.2382859671014562e-15
A1: [0.08043165473224062, -0.18046784069949948, -0.019588886889869008, 0.11962494178924422] - [0.037415559655612905, 0.133596365852214, -0.13472620649591996, -0.036285845424282946] - [-0.0017028446394069155, 0.228190090880699, -0.1228284082343014, -0.1036589358442421] - [0.038863201815032215, -0.11448105107498098, -0.046416473989086264, 0.12203419535911439]
A2: [0.03530740219258916, -0.029273516778704524, -0.07569738880862463, 0.06966336497086371] - [0.10289381990806684, 0.2828967710901288, -0.39260632928590555, 0.0068160685055165485] - [-0.011187134192027519, 0.5390145562820909, -0.35945104786495574, -0.16837650060401857] - [0.09786281020284389, 0.017463327339599946, -0.16885100023831642, 0.053524889714488766]
B1: 2.1892568172670562e-08 - -2.301159773398098e-08 - 2.7781738682083853e-09 - 3.1211112272276914e-09
B2: 4.735282578635952e-09 - 7.1508448626745825e-09 - 2.403722428240418e-09 - 6.647196937313902e-09
