Number: 5418
Error: 3.4008261191612847e-15
A1: [0.06621323112577271, -0.11395203137017348, -0.02398390087487296, 0.0717229175106954] - [0.03740257525914266, 0.18819333421003873, -0.14740898302408798, -0.07818704642597192] - [-0.0602295082557209, 0.32895066861172517, -0.12775324367617444, -0.14096845548095768] - [0.03904614161191478, -0.053322702701455706, -0.03741860734812142, 0.05169510360020882]
A2: [-0.009108566911416162, -0.346803176053719, 0.24945509927278273, 0.10645668919474008] - [0.08003986773407058, 0.03628230218390171, -0.05025006639170262, -0.06607191323773956] - [-0.04245297861958984, 0.23083171542813533, -0.04053141610862573, -0.1478480149987401] - [0.06813452433870901, -0.2934681323625754, 0.14177096483001977, 0.08356157518117653]
B1: 4.841735570906534e-08 - 2.5010031349380785e-08 - -3.1046885607819454e-08 - -6.342785905222111e-08
B2: -2.309207756030679e-08 - -3.450793395108138e-08 - 1.8042553306280485e-07 - -3.1674121879735194e-08
