Number: 892
Error: 4.362044197586345e-09
A1: [-0.012206196696218278, -0.014571466781755364, 0.01802889978819355, 0.008526632114555894] - [0.06572859888478148, 0.18939268503799558, -0.14543282208328182, -0.11012728512665111] - [-0.09628752439865068, 0.4217914371916804, -0.05345131813810674, -0.2720292721344432] - [-0.0014203678172737338, -0.018314292690477827, -0.003940345888170485, 0.023262525880249806]
A2: [0.16147648277152882, -0.16786284625295628, 0.008393374899643457, -0.002440412263001986] - [0.035489721812182094, 0.2075206640764268, -0.11720643930454895, -0.12578811434365686] - [-0.08631092130523153, 0.5814428189080639, -0.2354834335393527, -0.26003043013802] - [-0.003872056831124641, -0.004555727094367308, 0.0010735634425536947, 0.007207930083022742]
B1: 3.7927933001281334e-05 - 1.901938096433102e-06 - 3.220703723045271e-05 - 1.3953804661765079e-05
B2: -4.410111127518354e-05 - -0.0001801940270547501 - 1.6229236931368788e-05 - 6.300655625160873e-05
