Number: 2458
Error: 1.6663181386286388e-06
A1: [0.06910498016741573, -0.04227084812131362, -0.017787364913532906, 0.013501519055378544] - [0.04532134764574713, 0.19285285586340553, -0.140892581049074, -0.0907175548053725] - [-0.11594691108014582, 0.4222788963991388, -0.0973817667590107, -0.17964932924595212] - [0.03863152306527487, 0.020801619676598607, -0.031514010509358904, -0.021468567975282404]
A2: [0.057702883299620734, -0.17943402892525953, 0.08056895200228503, 0.01832171434025863] - [0.02774969761207061, 0.1987704223671343, -0.1032591219824635, -0.1293915071722303] - [-0.09779495694166225, 0.5094749651828936, -0.22994524586222137, -0.19926511260221336] - [-0.029684797687900295, 0.014848779283315763, -0.053993635097202675, 0.053400153688666456]
B1: 0.00027254976888281134 - -0.0002697855787976922 - -0.0011150558926432208 - -0.001028071124629626
B2: 0.0020902190229769094 - -0.0003115262823527573 - 0.00025856079323086296 - -0.0007805748718876789
