Number: 7533
Error: 7.543934178557948e-16
A1: [0.08043172266617117, -0.1804677727732711, -0.019588819037174236, 0.11962500971541097] - [0.03741561339353391, 0.13359641954946022, -0.13472615286507109, -0.03628579171613203] - [-0.0017027694784664306, 0.22819016604003448, -0.12282833318340963, -0.10365886070335854] - [0.03886325812572971, -0.11448099492232214, -0.046416417714280366, 0.12203425163480647]
A2: [0.035307469206135284, -0.0292734495797987, -0.0756973250929864, 0.06966343510778698] - [0.10289379422619013, 0.28289674519029284, -0.3926063541250557, 0.006816041612821705] - [-0.011187049050039196, 0.5390146419319057, -0.3594509672761758, -0.1683764108869699] - [0.09786285471324775, 0.017463372052467376, -0.16885095786726348, 0.05352493643589011]
B1: 6.125765730337851e-09 - 1.3723286838489459e-08 - 1.512351923525093e-08 - 1.140321951304145e-08
B2: 1.968071575484921e-08 - 1.123183618284944e-08 - 3.0331309479630234e-08 - 1.0300071621046396e-08
