Number: 7289
Error: 1.2111313116126247e-15
A1: [0.08043167404438793, -0.18046782138953946, -0.01958886760080944, 0.1196249610991869] - [0.03741557700182807, 0.13359638318530326, -0.1347261891842611, -0.036285828087674284] - [-0.001702831492467907, 0.22819010402736029, -0.12282839510660627, -0.10365892270080784] - [0.03886321907358113, -0.11448103386486823, -0.04641645674153596, 0.1220342126069356]
A2: [0.03530744534477901, -0.029273473507160933, -0.0756973477800814, 0.06966341013430927] - [0.10289377438975783, 0.28289672518550407, -0.39260637331060555, 0.006816020841190902] - [-0.011187052746224313, 0.5390146382136729, -0.35945097077471144, -0.16837641478175963] - [0.09786281837547403, 0.017463335549403596, -0.16885099245849988, 0.053524898293084065]
B1: -1.719156781757937e-08 - -3.247069694189521e-09 - -2.2018043428262622e-09 - -6.404463793020202e-09
B2: -8.680015710052316e-09 - -8.957000098438583e-09 - -7.446215473287225e-09 - -7.854648488886268e-09
