Number: 8529
Error: 7.168447975056827e-16
A1: [0.08043170500716028, -0.18046779043025366, -0.01958883667508084, 0.1196249920584316] - [0.03741567748281091, 0.13359648359030912, -0.13472608890326582, -0.03628572766222573] - [-0.00170282216774986, 0.2281901133518596, -0.12282838579555154, -0.1036589133785788] - [0.03886323257555785, -0.11448102040070667, -0.04641644324813913, 0.1220342261005779]
A2: [0.03530738556740015, -0.029273533449833793, -0.07569740461576323, 0.06966334757088981] - [0.1028936851864187, 0.28289663522514064, -0.39260645958694407, 0.006815927432350768] - [-0.01118701022704164, 0.5390146809864359, -0.3594509305291997, -0.1683763699780106] - [0.09786279631420695, 0.017463313387759343, -0.16885101345940787, 0.05352487513593146]
B1: -2.2800266453212487e-08 - 1.2937262831214e-08 - -2.4483381894762586e-08 - 1.1809440217122945e-08
B2: -7.179488670409701e-09 - 6.355058539143999e-08 - -3.179145837630941e-08 - -5.671342608252114e-09
