Number: 5682
Error: 0.0005923953525551888
A1: [0.04096975956540831, -0.1370076325749511, -0.048254706360945865, 0.04815287497800153] - [0.043179928710511684, 0.1939225284158539, -0.14190007439316277, -0.0733003612487231] - [0.00706935711547297, 0.3897587542157793, -0.06546141193153282, -0.08498324624141798] - [-0.045274315158577605, -0.12860801879743194, -0.1159684087361235, -0.02266457365210776]
A2: [0.12510416127787197, -0.20445108028665618, 0.3834676599447193, 0.25038430095527264] - [0.08986802054335503, 0.047779360887887014, -0.038680327210726846, -0.05508107218333122] - [0.016564472717050933, 0.2967093098425293, 0.024181532266358947, -0.08149665807724166] - [0.06881511528834969, -0.2923836126464664, 0.14749680531109247, 0.08314630305778382]
B1: -0.033537520653124736 - -0.00696659442120769 - -0.01559845503463822 - 0.005634526070679631
B2: 0.0026670375236839405 - 0.015081113028082432 - -0.02621924069807113 - 0.020314414623464044
