Number: 1739
Error: 5.093950407799755e-07
A1: [-0.004322661363486028, -0.01211349952858749, 0.00598857871925834, 0.022378137154550812] - [0.06570496085665367, 0.1888066250748478, -0.1478977798594084, -0.11110936415062621] - [-0.11405991072438168, 0.44032122086350056, -0.07235375075848144, -0.2596933824666135] - [-0.02427574385045246, 0.014442140362704739, -0.03088614217528886, 0.03795504352726726]
A2: [0.13269661068046645, -0.2235194690554329, 0.023764280597010044, 0.07124597044601044] - [0.03307150484663495, 0.2041690576162812, -0.11446423366287617, -0.12103670482629417] - [-0.09175012834068763, 0.5583995897722166, -0.2323450894385381, -0.22278106867017136] - [-0.020614251680457236, -0.019060508200246153, 0.008323501608801229, 0.032376347381475594]
B1: -0.0003851330114678955 - 0.0003436119595169034 - -0.0008596984008523432 - -4.360528948814244e-05
B2: 0.001126194234325575 - 0.001132036706613963 - -0.0006666554512859774 - -0.0006375783479356336
