Number: 6448
Error: 1.0244388901125238e-15
A1: [0.08043170355547297, -0.18046779188179718, -0.019588838125014153, 0.1196249906069008] - [0.03741560105707017, 0.13359640722233576, -0.13472616517695535, -0.03628580404575889] - [-0.0017028074139271616, 0.22819012810538758, -0.1228283710633262, -0.10365889862869739] - [0.03886322471127744, -0.1144810282429926, -0.04641645110742937, 0.12203421824113019]
A2: [0.035307450943340944, -0.029273467893114576, -0.07569734245703977, 0.06966341599382136] - [0.10289376190093737, 0.2828967125906871, -0.3926063853896443, 0.006816007763577773] - [-0.011187080866814539, 0.5390146099253726, -0.35945099739149916, -0.16837644441335775] - [0.09786281498090212, 0.01746333213939371, -0.16885099568992032, 0.05352489472990207]
B1: 1.2337514987690358e-10 - 9.2667758269067e-09 - 2.401192284756634e-09 - 2.8938253717622483e-09
B2: 1.0026486912161092e-08 - 3.513273144812511e-09 - 9.541902728437115e-09 - -7.89432628645792e-09
