Number: 7560
Error: 9.514558877328027e-16
A1: [0.08043172242988501, -0.18046777300953062, -0.01958881927317829, 0.11962500947915157] - [0.0374156059856215, 0.1335964121471544, -0.13472616025822298, -0.03628579911994087] - [-0.001702758850993647, 0.22819017666728042, -0.122828322571498, -0.10365885007872254] - [0.038863253604232866, -0.11448099943113009, -0.04641642223289603, 0.12203424711611982]
A2: [0.035307383212469, -0.02927353581130745, -0.07569740685473147, 0.06966334510615453] - [0.10289367487551686, 0.28289662482669103, -0.39260646955951, 0.006815916635291682] - [-0.011187182206293386, 0.5390145079814445, -0.3594510933115662, -0.1683765511982543] - [0.09786273314296012, 0.017463249929207572, -0.16885107359439075, 0.053524808826757406]
B1: -4.974706984466509e-09 - -1.6665013923555272e-08 - -1.1477630855029049e-08 - -1.0893900008644187e-08
B2: 3.3820722710681587e-09 - -8.271627049302227e-09 - 1.9912779926812926e-08 - -7.400644861412377e-09
