Number: 9437
Error: 1.7860618094296934e-12
A1: [0.05316734009842822, -0.1480064829377057, -0.027004251672406467, 0.1218226093914218] - [0.005315982735254679, 0.13083895954573757, -0.11359848116454437, -0.02254749718613543] - [-0.014449012127599576, 0.22308708356763915, -0.1270457116175698, -0.08161047024697213] - [0.027147755856288678, -0.10001874216325404, -0.04942320976842244, 0.12229941965397731]
A2: [0.08925211436806449, -0.07291571181128026, -0.12362971481876638, 0.10728400728116864] - [0.10884726823391362, 0.24981972155069454, -0.40483985978865505, 0.046195112738213875] - [0.036624389947027984, 0.4625436374213755, -0.37772871096260513, -0.12148492928984812] - [0.1434134264142559, -0.04461958177833729, -0.20151223542293903, 0.10266666258160481]
B1: -2.0162492867048645e-06 - -3.5770274851194845e-06 - -1.3978089897559683e-06 - -1.5627033680756648e-06
B2: -2.5089315946536166e-06 - -1.6849520673043604e-07 - -1.368274949946228e-06 - -1.3004808554707466e-06
