Number: 8538
Error: 1.0070380046074392e-15
A1: [0.08043170934952684, -0.18046778608837497, -0.019588832337903376, 0.11962499640030604] - [0.03741559823970554, 0.133596404407173, -0.1347261679884765, -0.036285806861439444] - [-0.0017027654254970328, 0.22819017009290543, -0.1228283291363777, -0.10365885665146711] - [0.03886326545866185, -0.11448098760988303, -0.04641641038599157, 0.1220342589632442]
A2: [0.03530751041756741, -0.029273408254371188, -0.07569728590950148, 0.06966347823979394] - [0.10289378212532878, 0.28289673298675244, -0.3926063658287819, 0.006816028941375284] - [-0.0111871005028218, 0.5390145901722228, -0.35945101597742307, -0.16837646510449283] - [0.09786287274440345, 0.017463390165594585, -0.16885094070263215, 0.0535249553625553]
B1: 9.510861422803034e-09 - -1.1195376425708738e-08 - 2.0513573780942057e-08 - -3.764125751277205e-09
B2: 2.787303233419865e-08 - -1.8993144340350133e-08 - 1.7795544848077644e-09 - 2.4130432827403998e-08
