Number: 7942
Error: 8.457866214728561e-16
A1: [0.08043170370037621, -0.18046779173692223, -0.019588837980290257, 0.11962499075178482] - [0.03741561791571747, 0.13359642406822467, -0.13472614835185087, -0.03628578719643391] - [-0.0017028120192511683, 0.2281901235001562, -0.12282837566190163, -0.10365890323278586] - [0.03886325076133488, -0.11448100226605265, -0.04641642507397392, 0.12203424427499394]
A2: [0.03530749336423082, -0.029273425354890092, -0.07569730212370357, 0.06966346039177843] - [0.10289375226214165, 0.2828967028700954, -0.39260639471213493, 0.006815997670334582] - [-0.011187078431830963, 0.5390146123748518, -0.3594509950866812, -0.16837644184759298] - [0.09786284650508689, 0.01746336380695901, -0.16885096568087063, 0.053524927819956374]
B1: 3.1477479430388543e-09 - 2.4624362964812044e-08 - 2.8416519252609265e-09 - 3.772170094895941e-09
B2: -1.4821129479015082e-09 - 2.2450817204721363e-08 - 5.7049175716775085e-09 - 2.197835132831608e-09
