Number: 9720
Error: 2.952593116425677e-15
A1: [0.053172688823974, -0.14800113224123196, -0.026998908790036445, 0.12182796073256683] - [0.005313865714582765, 0.13083684031901083, -0.11360059789723122, -0.02254961727292748] - [-0.014444320287548888, 0.2230917771756766, -0.12704102343163173, -0.08160577665421424] - [0.02714665996150205, -0.10001983817284472, -0.04942430811236476, 0.12229832077734815]
A2: [0.08925426650593751, -0.07291356465399736, -0.12362761120651623, 0.10728618587363509] - [0.10884154453443812, 0.24981399681415178, -0.40484547014810224, 0.04618929272325119] - [0.03663586012031591, 0.46255504798217356, -0.3777175201244609, -0.1214733400655484] - [0.14342626142395346, -0.04460679445858512, -0.20149970320317143, 0.10267968816920654]
B1: 2.5252758075146576e-08 - 4.367451488202195e-08 - 4.1309055125438536e-08 - 3.2948877554289245e-08
B2: -1.183555444635234e-08 - 2.1669345971889502e-08 - -1.4365685193578494e-08 - -2.642233449042688e-09
