Number: 376
Error: 3.227596984460357e-11
A1: [-0.012218884336146131, -0.014584433667023727, 0.018014900362467695, 0.008513115652023387] - [0.06585483779101946, 0.18951411771894452, -0.14530230389088303, -0.10998673554666097] - [-0.09631463228191464, 0.42176525596385167, -0.05348072290535057, -0.27206085056385854] - [-0.001336830853253309, -0.01823398783664417, -0.003851426138081039, 0.023359023620188508]
A2: [0.16159455319064478, -0.167747093903609, 0.008509005984891866, -0.0023254372486795345] - [0.03547160210441177, 0.20750282596259323, -0.11722448763799626, -0.12580584500819364] - [-0.08618739773257604, 0.5815637279073351, -0.23536329024032593, -0.2599100773400698] - [-0.0038318879413643636, -0.004516263818647952, 0.0011133044188337427, 0.007246337831438969]
B1: -4.119635944150145e-06 - 1.88329177295629e-05 - 9.533012202104016e-06 - 4.3957968974413063e-07
B2: 1.0791779300947279e-05 - 9.478878025696515e-06 - -1.115790451076728e-05 - -2.9648382147470406e-07
