Number: 2685
Error: 5.555296167858413e-09
A1: [0.06361669107755456, -0.04769155502381348, -0.023263660581639135, 0.008036006248381388] - [0.04372034287109098, 0.1913271471433571, -0.1425041767995726, -0.0924478225137665] - [-0.1231109011694979, 0.4151956414507294, -0.10451942622074255, -0.1867337686790537] - [0.03656323090953718, 0.018727430802897606, -0.03357070494494901, -0.023488144513113898]
A2: [0.06341675895516656, -0.1737095489717333, 0.08630260195423095, 0.02393654150239612] - [0.029206918237900246, 0.20021680737184486, -0.10179298652946209, -0.1279542648645352] - [-0.09304676844774366, 0.5140390920912197, -0.22524318573891833, -0.19474545567192272] - [-0.02555017917467141, 0.018896732207637244, -0.049913091856505505, 0.057345303297915325]
B1: -6.11833569409726e-05 - 2.5483444852174675e-05 - 9.734447225195314e-05 - 6.407036102243809e-05
B2: 0.00017000428725372864 - 7.42379033501779e-05 - -8.078205146234005e-05 - 0.00013392447688450012
