Number: 6518
Error: 9.216699331312968e-16
A1: [0.08043168574653103, -0.18046780968872217, -0.019588855912661744, 0.11962497279999276] - [0.03741557437771971, 0.13359638056317763, -0.13472619180314643, -0.03628583071033069] - [-0.0017027996225201208, 0.22819013589662868, -0.122828363283327, -0.10365889083936965] - [0.038863208040573645, -0.11448104486691227, -0.04641646776751046, 0.1220342015807874]
A2: [0.03530744133045522, -0.029273477532588427, -0.07569735159684507, 0.06966340593288982] - [0.10289373230864399, 0.2828966827472398, -0.39260641401091834, 0.006815976776113871] - [-0.011187099406025098, 0.5390145912755826, -0.3594510149392576, -0.16837646394877986] - [0.09786280064879792, 0.01746331774209727, -0.1688510093331506, 0.053524879685852435]
B1: -2.513975006552218e-09 - 6.271186179272391e-10 - -2.3936858420236394e-09 - 1.9001022385719262e-10
B2: 1.0713175003482282e-09 - -9.203062551343613e-09 - 1.931935564598667e-08 - -1.4845459945945645e-08
