Number: 8774
Error: 6.577695013501991e-08
A1: [0.0804307389054698, -0.1804687399536622, -0.019589795854220812, 0.11962403142292122] - [0.03717427825782433, 0.13335527884721138, -0.13496699256269998, -0.036526988174716106] - [-0.0016069460775383882, 0.22828600665209292, -0.12273264955423538, -0.10356305737721261] - [0.03885744718529285, -0.11448677761799071, -0.04642221619247695, 0.12202844876147258]
A2: [0.03501616992942128, -0.029565560117047533, -0.07597429012121773, 0.06935856006577985] - [0.10270212829116973, 0.28270343674292386, -0.39279172682695074, 0.00661534196564104] - [-0.011346469171531603, 0.5388542690836053, -0.3596018641321394, -0.16854439317687733] - [0.09762720993221301, 0.01722664592710418, -0.16907527594049104, 0.05327758866204688]
B1: -0.00018613451691357804 - -0.00014628780320563215 - -0.00017958505161886227 - -0.0001703005281411921
B2: 7.164311629957005e-05 - 0.0001643567604081447 - 2.0365320574442208e-05 - 3.182083017656251e-05
