Number: 781
Error: 4.781426518754595e-13
A1: [-0.012152186250914462, -0.014515929784690882, 0.018088618142274426, 0.008584387789329758] - [0.06583605478608041, 0.18949604909260137, -0.14532172310786365, -0.11000764847298243] - [-0.0962905554458986, 0.42178852408206136, -0.0534546002904827, -0.2720327999475093] - [-0.0013253604508816378, -0.018222957289683213, -0.0038392197860060164, 0.02337228184628805]
A2: [0.16158757738143287, -0.1677539328261196, 0.008502173190464429, -0.0023322344503140095] - [0.035485841681022104, 0.20751683802984247, -0.11721030655579978, -0.12579191396505568] - [-0.0862133633896172, 0.5815382993477534, -0.2353885502309812, -0.25993539138700283] - [-0.003834090945092887, -0.004518428022588324, 0.0011111242547412895, 0.007244231205085805]
B1: 5.0451308651809705e-08 - 5.183253296320259e-07 - -6.727546980390569e-08 - -3.277076393707182e-09
B2: 9.284110170189449e-08 - -6.106131490000839e-07 - -5.83764369806342e-07 - 2.019893825292588e-06
