Number: 6701
Error: 1.104844748202873e-15
A1: [0.08043166889742243, -0.1804678265359225, -0.019588872741623842, 0.11962495595280856] - [0.03741556626633921, 0.1335963724579376, -0.13472619989836557, -0.03628583881721839] - [-0.001702832573173081, 0.22819010294667588, -0.12282839618573377, -0.10365892378122807] - [0.03886320271205626, -0.1144810501804737, -0.04641647309263352, 0.12203419625558119]
A2: [0.03530742641270878, -0.02927349249159528, -0.07569736578044452, 0.06966339031984659] - [0.1028937704169128, 0.28289672117893877, -0.39260637715310376, 0.006816016681047796] - [-0.011187153607824149, 0.5390145367504895, -0.3594510662424202, -0.1683765210631289] - [0.09786277673845474, 0.01746329372299316, -0.16885103209424362, 0.05352485458776934]
B1: -9.426049001348222e-09 - 4.322880986134461e-09 - -2.5945327694302858e-08 - -1.4694417666069155e-08
B2: -6.238569008461967e-09 - -1.0345331855621723e-08 - -7.994120550910242e-10 - -1.4227836370516898e-08
