Number: 7362
Error: 7.112831623506111e-16
A1: [0.08043163896392129, -0.18046785646603541, -0.019588902639332793, 0.11962492602272645] - [0.03741556934933155, 0.13359637553859777, -0.13472619682151035, -0.036285835735931575] - [-0.0017028854431548155, 0.22819005007782098, -0.1228284489783043, -0.10365897663709708] - [0.03886321029208804, -0.11448104262171956, -0.046416465517435765, 0.12203420383089972]
A2: [0.03530742825996807, -0.029273490639223753, -0.07569736402410948, 0.06966339225320907] - [0.10289371819499589, 0.282896668513815, -0.3926064276614562, 0.006815961997082193] - [-0.011187077031013704, 0.5390146137840361, -0.3594509937607998, -0.16837644037148078] - [0.09786276334741048, 0.01746328027103902, -0.168851044841679, 0.05352484053155903]
B1: -2.9762844636531098e-08 - -1.778461817641781e-08 - -9.34347199283513e-09 - -2.1456719954504954e-09
B2: -1.6397071798877335e-08 - 2.7174773868974206e-09 - -3.337121154805113e-08 - 2.6680281926208096e-10
