Number: 1281
Error: 5.124267174239766e-09
A1: [-0.007367250729101247, -0.015174761415214774, 0.002810457718422479, 0.019270138059891365] - [0.06687186073734401, 0.18992777537718536, -0.1466886475756512, -0.10981213442356148] - [-0.11306386928247907, 0.44131727179020125, -0.07128722944842084, -0.25861819705237404] - [-0.023720638565942056, 0.014999600931916766, -0.030292639453817872, 0.03854068171863661]
A2: [0.13179186694018924, -0.22442696674729906, 0.022869405390041606, 0.07036192335849507] - [0.03263820168868687, 0.2037411841369233, -0.11489638377600368, -0.12146530292760349] - [-0.09428538826590413, 0.555872360473634, -0.23487100763460395, -0.22530327183109106] - [-0.020728199920846315, -0.019179348083939642, 0.008217092477665238, 0.032277170692625555]
B1: -0.0001046186297509232 - 0.00035155543612404186 - -0.00010643486463059006 - -9.441776632225537e-05
B2: -1.3579875748965457e-05 - 4.8150692932187275e-05 - -4.62632803516544e-05 - -5.5908647836153084e-05
