Number: 5921
Error: 2.3016188357831763e-09
A1: [0.08068884462343014, -0.1802106941919668, -0.019331988561907026, 0.11988211064955913] - [0.03766896028866479, 0.13384955023653233, -0.13447329448627288, -0.03603257296415645] - [-0.0015412216426003555, 0.22835170851698453, -0.12266699567961507, -0.10349734310179708] - [0.03913269562225418, -0.11421227959998703, -0.04614710251932013, 0.12230354391360818]
A2: [0.03545948972680311, -0.029121018195159023, -0.07555280839607692, 0.06982254419500535] - [0.1028950559557865, 0.2828980147622836, -0.3926051633002077, 0.006817309222640279] - [-0.011266760355815779, 0.5389344723706384, -0.3595264318631091, -0.16846044228684243] - [0.09789090793030022, 0.017491557878249953, -0.1688242717765059, 0.053554366150824005]
B1: 6.510207331321237e-05 - 5.557552135338511e-05 - -9.85257815021831e-06 - 2.08668548435084e-05
B2: -4.110068967867362e-05 - 7.289669843055293e-06 - 5.941282127307905e-05 - -4.046510832914982e-05
