Number: 7704
Error: 9.615264605743407e-16
A1: [0.08043167611301534, -0.18046781932115458, -0.019588865534652063, 0.11962496316758059] - [0.0374155785085932, 0.1335963846909201, -0.1347261876804885, -0.03628582658174117] - [-0.0017028281461895613, 0.22819010737356268, -0.12282839176522685, -0.10365891935542033] - [0.03886321997245522, -0.11448103296852528, -0.04641645584322818, 0.12203421350525324]
A2: [0.03530734173260069, -0.029273577405899736, -0.07569744629331604, 0.06966330169303253] - [0.10289361439980825, 0.28289656383772865, -0.39260652805085866, 0.006815853308442043] - [-0.011187159655704838, 0.539014530666537, -0.35945107196692877, -0.16837652743592574] - [0.09786276438431027, 0.017463281312662303, -0.16885104385462835, 0.05352484161998549]
B1: 4.548241273048646e-08 - -1.566146289064046e-08 - -3.4770228150651645e-08 - -8.287308451313186e-09
B2: -1.673650332624387e-08 - -3.5434263690143893e-09 - -1.753669661060141e-08 - -1.3971391036303067e-08
