Number: 9872
Error: 9.729765612980378e-16
A1: [0.05317264453749982, -0.14800117654386047, -0.026998953027529526, 0.12182791642481088] - [0.0053138361561393364, 0.13083681072977413, -0.11360062745071964, -0.022549646872918213] - [-0.014444431570891685, 0.22309166585173457, -0.12704113462674935, -0.08160588797718944] - [0.02714646823298783, -0.10002002990097235, -0.0494245002451319, 0.12229812856170381]
A2: [0.08925452048659938, -0.07291331126040942, -0.1236273629481321, 0.10728644298592996] - [0.1088417068810518, 0.24981415918948705, -0.40484531101706767, 0.04618945780145905] - [0.03663579317553565, 0.462554981385608, -0.3777175854390535, -0.12147340770466834] - [0.14342642918579068, -0.04460662732144623, -0.20149953939823245, 0.10267985842001158]
B1: 3.208806164683471e-08 - -2.324670840164506e-09 - -3.064732713127422e-08 - -2.9276392844084915e-09
B2: 1.275598047229348e-08 - 4.943878995499633e-09 - -1.3396506364824446e-08 - -3.434337696546745e-08
