Number: 9122
Error: 9.06992155603076e-06
A1: [0.068351349117742, -0.13317660560748334, -0.011836411196850777, 0.13656204255707843] - [0.01369382270494569, 0.13934484983124049, -0.10515959682070172, -0.013935096935195408] - [-0.0067154077718295235, 0.23121603443667357, -0.11904115803688982, -0.07321513792317019] - [0.03963419776963966, -0.08752296452369354, -0.036657235624530174, 0.1348853930459281]
A2: [0.08332058104474183, -0.0783447218754931, -0.1285535298013024, 0.1016606118068095] - [0.1048659127939607, 0.24581650039194708, -0.4087468757538159, 0.0421006197210014] - [0.027488443617066215, 0.4536922107270618, -0.3862969428834685, -0.1307370891541934] - [0.14299804243851216, -0.04516988101624339, -0.20227191025464725, 0.10205759286213335]
B1: 0.0015671388481270402 - 0.003537665676138547 - 0.004490374830222545 - 0.004110607895916082
B2: -0.0007567093948054912 - 0.0016338801119676182 - 0.0037775645172255156 - 0.0008678231617730244
