Number: 7601
Error: 9.430864613131106e-16
A1: [0.08043171735006166, -0.1804677780887785, -0.019588824346928047, 0.11962500439990817] - [0.03741562506752767, 0.13359643121461878, -0.13472614121433743, -0.03628578004860472] - [-0.0017027853905799224, 0.22819015012826016, -0.1228283490722271, -0.10365887661122641] - [0.038863265380178466, -0.11448098768823169, -0.04641641046445411, 0.12203425888474655]
A2: [0.03530743121707402, -0.029273487673931186, -0.07569736121252706, 0.06966339534814098] - [0.1028937239494129, 0.2828966743170766, -0.39260642209586083, 0.006815968022804192] - [-0.011187114247550792, 0.5390145763455241, -0.3594510289870837, -0.16837647958781463] - [0.09786279185628396, 0.017463308909593127, -0.16885101770306438, 0.05352487045658595]
B1: 6.480692129872218e-09 - 1.0073037000955839e-08 - 1.707657806678268e-08 - 1.3268354892451799e-08
B2: 7.334951889493085e-09 - 9.73646118469256e-09 - 1.1164013495178279e-08 - 7.606867158531175e-09
