Number: 6976
Error: 8.284745532118748e-16
A1: [0.08043168718425175, -0.18046780825116338, -0.019588854476656717, 0.11962497423755032] - [0.03741559091224876, 0.13359639708519336, -0.13472617530156103, -0.03628581418496072] - [-0.0017028196404395843, 0.22819011587913282, -0.12282838327193654, -0.10365891085194674] - [0.03886323007295154, -0.11448102289636398, -0.04641644574917345, 0.122034223599471]
A2: [0.035307455586759545, -0.029273463236851614, -0.07569733804212701, 0.06966342085365576] - [0.10289378444442249, 0.2828967353255038, -0.3926063635858751, 0.00681603136989961] - [-0.011187125326621892, 0.5390145652003683, -0.35945103947365964, -0.16837649126223772] - [0.09786281327284559, 0.017463330423566462, -0.16885099731587241, 0.05352489293699082]
B1: 5.949926117510106e-09 - 3.1666889809247833e-09 - -7.149062061996226e-09 - 3.450629459210705e-09
B2: 1.2003172222210977e-09 - -7.722610441154854e-11 - 3.627948434275037e-09 - -1.6215203089030228e-09
