Number: 8534
Error: 9.954549775522998e-16
A1: [0.08043171226898596, -0.1804677831692477, -0.019588829421935895, 0.11962499931943049] - [0.037415625681187954, 0.13359643182788827, -0.13472614060167223, -0.03628577943515658] - [-0.001702779741328457, 0.22819015577737836, -0.1228283434312486, -0.1036588709634786] - [0.03886325892398756, -0.11448099412621891, -0.04641641691650076, 0.12203425243263151]
A2: [0.03530747731854742, -0.02927344144493195, -0.07569731737971121, 0.06966344359816967] - [0.10289373284503854, 0.28289668328823014, -0.39260641349209324, 0.00681597733780152] - [-0.01118703956018468, 0.5390146514783398, -0.35945095829373414, -0.16837640088728328] - [0.09786283399634993, 0.017463351241297675, -0.16885097758836037, 0.05352491468981526]
B1: 2.7543767476719882e-09 - 1.0518294731783302e-08 - -4.840381557418209e-09 - 6.822057744302602e-09
B2: 4.6186744927601e-09 - -5.1530581034330305e-09 - -2.109656879485866e-08 - 3.789710572312032e-09
