Number: 4684
Error: 1.00034408246085e-15
A1: [0.066213177407973, -0.11395208388768269, -0.02398395455058045, 0.07172286388298355] - [0.03740258254457727, 0.188193341170642, -0.14740897586205903, -0.0781870392632998] - [-0.06022933697162573, 0.3289508331211429, -0.12775307606767686, -0.14096828877399337] - [0.0390461383745428, -0.053322705774455484, -0.03741861048042293, 0.0516951004933881]
A2: [-0.009108488574982586, -0.34680309295126394, 0.2494551782433579, 0.10645677132600899] - [0.08003987448245245, 0.03628230945381359, -0.05025005901642897, -0.06607190579952411] - [-0.04245276174367212, 0.2308319547849961, -0.040531183696068146, -0.14784777514303615] - [0.06813477229866824, -0.29346785934906977, 0.14177123364193264, 0.08356185318855965]
B1: -2.708208302734579e-08 - 7.741613278883458e-08 - -2.426842990133962e-08 - -4.4587402772991405e-08
B2: -2.6945298586525267e-08 - -1.7630434005771344e-08 - 3.935181409634884e-08 - -3.1950096811612335e-08
