Number: 2554
Error: 1.4749736704569836e-08
A1: [0.06308828791454979, -0.048211560973591826, -0.023784287763520554, 0.0075132794527882005] - [0.04441094081435343, 0.1919935563290316, -0.14179422130710034, -0.09169027377019032] - [-0.12382242895377507, 0.4144935714673883, -0.10522809183757541, -0.1874398699824453] - [0.03657990049253857, 0.018751398807271863, -0.033550351284571206, -0.023467567382641295]
A2: [0.0631882671810003, -0.17394547816578776, 0.08607672295922937, 0.02370889622900482] - [0.029650731029078913, 0.2006537816426766, -0.10135044657245043, -0.12752023052018488] - [-0.09299302711083088, 0.5140899231851173, -0.2251920389114448, -0.19469467233575172] - [-0.02508820258967794, 0.01935779028968584, -0.049456472395482384, 0.05779169081815097]
B1: -0.00011914588587136026 - -9.32619284451137e-05 - -5.9461446462634914e-05 - -0.00014994725747163323
B2: -0.00010215517129770816 - 3.5827844590402384e-05 - -0.00010609427203363854 - -8.789276878959118e-06
