Number: 4428
Error: 1.1354561034046564e-15
A1: [0.0662131392430601, -0.11395212119975082, -0.023983992685533608, 0.07172282578214735] - [0.03740262999049536, 0.18819338650199463, -0.14740892921907522, -0.07818699261618967] - [-0.06022936307019615, 0.3289508080549035, -0.12775310160620854, -0.14096831417532224] - [0.03904615979580412, -0.05332268544217135, -0.03741858975604606, 0.051695121049538814]
A2: [-0.0091085565154201, -0.3468031650253201, 0.2494551097533867, 0.10645670009432716] - [0.08003984462894882, 0.03628227729305562, -0.050250091644618675, -0.06607193870471798] - [-0.04245280734695333, 0.23083190445446655, -0.040531232566368806, -0.14784782557843357] - [0.06813477168938792, -0.293467860019878, 0.14177123298168928, 0.08356185250546727]
B1: -6.5588039232524454e-09 - 2.632165410531867e-08 - -6.599533038434838e-10 - -5.268886300969802e-09
B2: -8.895368345434574e-09 - 1.7389671953321636e-08 - 6.850844227761132e-10 - -3.3616656575721204e-09
