Number: 1897
Error: 1.3542167838363257e-06
A1: [-0.001955980127012746, -0.009655377411634221, 0.00847213988232371, 0.024839963329078136] - [0.06941269691220285, 0.1923778566569219, -0.144056138542008, -0.10698479300522079] - [-0.11069189983644313, 0.4436183917410791, -0.06888715357146763, -0.2560698287670812] - [-0.016915227376323907, 0.02170767461272412, -0.02342933685055607, 0.04572427967176852]
A2: [0.13168342116517548, -0.22460311421318144, 0.02267929165392178, 0.07019948009939554] - [0.032217960349424694, 0.20334101576077734, -0.11530604915243468, -0.12186115451538962] - [-0.09439823762131032, 0.5557427115097983, -0.23497092115157656, -0.22535040638465453] - [-0.020310342561096532, -0.018820984476839112, 0.008556564157110445, 0.03262764586709703]
B1: 5.948235538340361e-05 - 0.00016962590424168008 - -0.0003616361376534584 - -0.0007844183246034733
B2: -0.002234139888203852 - 0.00071917907170608 - -8.535650939301429e-05 - -0.0015223773749700213
