Number: 620
Error: 3.8249564617580526e-14
A1: [-0.012154506166665063, -0.014518312578474527, 0.018086053937677357, 0.008581908689424378] - [0.06583525657515016, 0.1894952812473408, -0.14532254838871478, -0.11000853720140671] - [-0.09629283961452619, 0.42178631647562237, -0.05345707887941873, -0.2720354611121919] - [-0.0013223223934302533, -0.018220035538899244, -0.003835985874757719, 0.023375793324571403]
A2: [0.1615869580362864, -0.16775454050449784, 0.008501566338875966, -0.0023328382271924006] - [0.03548558630930301, 0.20751658676173806, -0.11721056085804026, -0.12579216378455926] - [-0.08621316902390552, 0.5815384897348983, -0.23538836110210457, -0.25993520184840263] - [-0.00383502510880663, -0.004519346653071141, 0.0011101996657586698, 0.007243337459020401]
B1: 4.1122042866675656e-07 - 2.5840377082603103e-07 - 3.9336069300139797e-07 - 1.0911445872117476e-07
B2: -3.204167139022276e-07 - 2.1166468300997492e-07 - 9.627026390635803e-07 - -5.674961792039908e-08
