Number: 4578
Error: 5.0033769701050045e-16
A1: [0.06621311345854405, -0.11395214640807205, -0.023984018449823678, 0.07172280004087811] - [0.03740251303514851, 0.18819327475908088, -0.14740904419516115, -0.07818710760245301] - [-0.060229513742715124, 0.32895066334225836, -0.12775324904544857, -0.14096846082140885] - [0.03904614026602329, -0.05332270397911919, -0.037418608650469636, 0.05169510230848162]
A2: [-0.009108656420183507, -0.34680327100858555, 0.24945500904025314, 0.1064565953496683] - [0.08003981877818875, 0.03628224944439495, -0.05025011989799425, -0.06607196719804072] - [-0.04245283127828019, 0.23083187804240168, -0.04053125821201271, -0.147847852045561] - [0.06813482189401693, -0.2934678047424825, 0.14177128740808725, 0.08356190879405924]
B1: 2.6382595550939887e-08 - -1.4334607009848145e-08 - -1.2469959825201158e-08 - 1.630629227185253e-08
B2: 2.345115298129008e-09 - -1.4443052111233805e-08 - 2.7520318413539815e-08 - -1.1041772941266141e-08
