Number: 8794
Error: 4.5800499765800806e-06
A1: [0.08033238637272501, -0.18056715464336012, -0.01968813271731566, 0.11952570536415374] - [0.03675726666488549, 0.1329383594708763, -0.13538319874340066, -0.03694381163821406] - [-0.0005312805179854977, 0.22936174686761068, -0.12165894731809136, -0.10248756535293178] - [0.038675236602573, -0.11466850986930906, -0.04660451421733982, 0.12184637487078152]
A2: [0.03350041534863254, -0.03108561491169664, -0.07741559046596373, 0.06777231031476134] - [0.10141191746808458, 0.2814021757102366, -0.39403966328315243, 0.005264361095244621] - [-0.012141696583445558, 0.5380542823303299, -0.3603548389123314, -0.16938209722500838] - [0.09606789276433265, 0.015660130436411603, -0.17055971886578492, 0.05164094199766823]
B1: -0.001369988415002798 - -0.0012749940139383132 - -0.0016033602107386696 - -0.0012938578201814363
B2: 0.0008320283116137861 - 0.0011862127660793203 - -0.00018273678901619935 - 0.0008601049539248666
