Number: 772
Error: 1.9923615467970434e-14
A1: [-0.01215533532479763, -0.014519164206118327, 0.018085137466936706, 0.008581022640354043] - [0.06583612030874456, 0.1894961121226426, -0.1453216553632992, -0.1100075755201733] - [-0.09629676561145976, 0.42178252205959155, -0.053461339057427046, -0.27204003508487273] - [-0.0013184586718107496, -0.018216319729083157, -0.0038318730736061294, 0.023380259135324735]
A2: [0.1615868840260718, -0.167754613124308, 0.008501493814022787, -0.002332910375159387] - [0.03548559793019594, 0.20751659819584478, -0.11721054928573808, -0.12579215241583852] - [-0.08621353650862713, 0.5815381297795844, -0.23538871868385125, -0.2599355602001782] - [-0.0038346194012875367, -0.004518947693098737, 0.0011106012113692636, 0.007243725613835357]
B1: 1.5759729696657142e-07 - 3.263732905134633e-08 - 2.4344143470001114e-07 - 1.1987838827437998e-07
B2: -4.9709580342141805e-08 - 1.2874695710548452e-06 - -1.393477059892589e-07 - -5.738033360440975e-07
