Number: 3105
Error: 6.428036625786578e-07
A1: [0.06597507671733233, -0.045471847256407384, -0.021074045706400073, 0.010295371717738469] - [0.04311637492212407, 0.19069325053035635, -0.14316847259301907, -0.09313855163831904] - [-0.12069948315299536, 0.41747050469608477, -0.10222268973213375, -0.18439702160855398] - [0.041206261901486546, 0.023215476034367955, -0.029105286556799028, -0.018891034501470387]
A2: [0.05833851704645302, -0.17865228757703838, 0.08121970364544863, 0.018893097856990254] - [0.030707789982604358, 0.2016920501702308, -0.10026839209314772, -0.12647471349132766] - [-0.08826133704362894, 0.5187399831264221, -0.2204635122413745, -0.19009062812636773] - [-0.020909017400214926, 0.023478298983915888, -0.04531222563218767, 0.061777969831241696]
B1: -0.0002802019006270789 - 0.00018259333683066166 - 0.0023269030414272487 - 0.0004345220372797198
B2: -0.00011218854555617397 - 0.00213972114010673 - 0.00014374251307536624 - 0.0005829618147592598
