Number: 686
Error: 1.2039670824524303e-14
A1: [-0.012153363318228493, -0.014517138753836105, 0.01808731712994388, 0.008583129956280086] - [0.06583589634586, 0.18949589667956712, -0.14532188692173634, -0.11000782488082765] - [-0.09629387056177854, 0.4217853200781828, -0.0534581975825452, -0.27203666221735207] - [-0.001321803986491346, -0.018219536978155614, -0.0038354340488460236, 0.023376392516925602]
A2: [0.16158663793676004, -0.1677548545784773, 0.00850125268784747, -0.0023331502809227495] - [0.035485638313777684, 0.20751663793062178, -0.11721050907119294, -0.12579211291069883] - [-0.08621363802445282, 0.5815380303474679, -0.23538881746067528, -0.25993565919596795] - [-0.0038347264215595205, -0.004519052933888676, 0.0011104952897982266, 0.007243623221377184]
B1: -2.8662711751567067e-09 - -1.3498654915376916e-07 - -5.4135694263806794e-08 - -1.3964911919902127e-08
B2: 1.693983120102836e-07 - 4.195094380577215e-08 - -2.4953872068002543e-07 - -7.495805246447645e-08
