Number: 2243
Error: 0.00018848814108178184
A1: [0.03346712096156104, -0.07068207424342389, -0.048303683356667834, -0.017831405984046204] - [0.06811955093546974, 0.20449460732986552, -0.13681605523493715, -0.08377655944726568] - [-0.12638132697851287, 0.4213918771986064, -0.09314190901096939, -0.18190518191667512] - [0.000990345661011608, -0.001062056190228108, -0.04822202530962896, -0.05256387861707351]
A2: [0.041411246877195836, -0.21036501931585738, 0.06283550668672452, -0.001078012109688718] - [0.10281119524372392, 0.27258983875530957, -0.025330910971140506, -0.05768160538978275] - [-0.07069218977116178, 0.5523116249928921, -0.19548856419135033, -0.17648205975963516] - [-0.016313499084373823, 0.04590297835892189, -0.03702822116158733, 0.07635265139965412]
B1: -0.013401418583215455 - -0.017177289966689595 - -0.01073849237294635 - 0.006535911731337761
B2: 0.007126320160132218 - -0.005127047067320053 - 0.0015945038168066437 - 0.00836861861514204
