Number: 2552
Error: 2.725606781381892e-08
A1: [0.06332244483281495, -0.04797821809857439, -0.023552170557477197, 0.007745676304275872] - [0.04466341728705661, 0.19223716512634492, -0.14153443617389197, -0.09141286229113332] - [-0.12353235895320977, 0.41478263796390935, -0.10493685021212681, -0.1871497508881037] - [0.036345068391258735, 0.018516465309311586, -0.033784641998186024, -0.023700700461076314]
A2: [0.06265888427772433, -0.174472801435331, 0.08554858755020428, 0.023186130500449074] - [0.029545186722059396, 0.2005497960977134, -0.10145563099105291, -0.12762352278325145] - [-0.0932280904893739, 0.5138591535174646, -0.225427641473662, -0.19492233524676472] - [-0.025149578041253916, 0.019296774926424096, -0.04951795042436019, 0.05773189500302024]
B1: -5.760269688337918e-05 - -4.723556824833512e-05 - -0.00010621727093307554 - -0.00023343977139566054
B2: -0.00025955509425652323 - -0.0003455309523450903 - -0.00010036172392437326 - 3.371573660881166e-05
