Number: 2622
Error: 1.629632288705175e-08
A1: [0.06433774515157784, -0.04696951987322584, -0.02254647979275806, 0.00875510608409819] - [0.04377589223959295, 0.19138034088099315, -0.142446897295691, -0.09238636028982158] - [-0.12231817617093978, 0.41599204456975364, -0.10371823365348727, -0.18593443201364632] - [0.03801831717290824, 0.02018842681869907, -0.03211486460035611, -0.022037460083502273]
A2: [0.06409134827025183, -0.17304314524857878, 0.08697785670225941, 0.024601728807002458] - [0.029840079741269766, 0.2008405123568068, -0.10116217815323397, -0.12733488080220198] - [-0.09279642531334521, 0.5142841013531579, -0.2249930490696063, -0.19450391412007054] - [-0.026149840366035983, 0.018302662241938904, -0.05051517700771678, 0.05675888938588771]
B1: -0.00022173443774803076 - -6.845275577969018e-05 - -1.3563907223200933e-05 - 0.0001519187772072866
B2: 3.9462813895929937e-05 - 7.181734319887666e-05 - 9.807577204551431e-06 - -2.361607436895068e-05
