Number: 8599
Error: 9.13702254697318e-16
A1: [0.0804316764225986, -0.18046781901157535, -0.01958886522546264, 0.1196249634771396] - [0.037415536103411175, 0.133596342317904, -0.13472623000096692, -0.03628586896331325] - [-0.0017027820652819338, 0.22819015345348004, -0.12282834575180365, -0.10365887328680745] - [0.0388632158306803, -0.11448103709859528, -0.046416459982356814, 0.12203420936610561]
A2: [0.035307503232903055, -0.029273415458908023, -0.07569729274060343, 0.0696634707202664] - [0.1028936188435134, 0.28289656831920346, -0.39260652375302696, 0.006815857961760718] - [-0.011187152920449668, 0.5390145374419595, -0.3594510655919831, -0.16837652033862305] - [0.09786273601371259, 0.017463252812993595, -0.1688510708617272, 0.05352481184020291]
B1: 6.016246695031258e-08 - -2.4351011296641726e-08 - 1.5639293596757667e-08 - 1.519191664158629e-08
B2: 2.996001162158114e-08 - 2.7065761500110333e-08 - 4.055007321791966e-08 - 3.417506612459012e-08
