Number: 1875
Error: 1.681061079388904e-07
A1: [-0.005922351019355614, -0.013683352086395513, 0.0043503210934083434, 0.020748516027158142] - [0.06752443983978339, 0.19055961071342703, -0.14601003878889657, -0.10908723121537024] - [-0.10997431957793766, 0.44435098072790663, -0.06812241215477444, -0.25527999389298933] - [-0.02230900446559467, 0.016413638355996196, -0.028923922210822857, 0.040030383809136746]
A2: [0.13199975264837108, -0.22427620608123644, 0.023028318196398403, 0.07053012168454847] - [0.03283697710307064, 0.20395006290622963, -0.11469311015361061, -0.12125902731059438] - [-0.09587718411141086, 0.554296759671419, -0.2364063245451157, -0.2267908918549673] - [-0.019581209111932486, -0.01809307159677123, 0.00931047164462003, 0.03334314738884579]
B1: -9.442928949123875e-05 - 0.00039679918768122113 - 0.00047687216958218546 - 0.0002834423560855837
B2: 0.0011703356182686127 - 0.000556458599992966 - -0.00011053169599921565 - 0.0003814663903476435
