Number: 9403
Error: 9.364630458112165e-12
A1: [0.05316914191015122, -0.14800468023073424, -0.02700245166782489, 0.12182441241599473] - [0.00531561467702365, 0.130838591195242, -0.1135988491068855, -0.022547865599719177] - [-0.014442039913010327, 0.22309405806782698, -0.12703874503362522, -0.08160349570323436] - [0.027148471526660944, -0.10001802581754046, -0.04942249215053534, 0.12230013797563094]
A2: [0.0892217711208074, -0.07294598511749126, -0.12365937447851065, 0.10725329010019115] - [0.10883130827260797, 0.24980375879451575, -0.404855503691815, 0.046178884056013794] - [0.036621565540982205, 0.4625408275776245, -0.37773146656405554, -0.12148778309664071] - [0.14342290685324327, -0.04461013670696912, -0.2015029785510337, 0.1026762833261588]
B1: -7.879014943599108e-06 - 3.164679936268706e-06 - 3.718914415230657e-07 - 7.285815050166802e-06
B2: -2.1723200364642577e-06 - -7.679191916015282e-08 - 2.470499493258865e-06 - 1.9555437342552023e-06
