Number: 1503
Error: 4.93431795376094e-09
A1: [-0.00793167607070447, -0.01574481041035315, 0.002223231305465648, 0.01869014626292735] - [0.06647991012483478, 0.18955070015057665, -0.14709363721255408, -0.110248195606116] - [-0.11345290282438718, 0.4409347666102807, -0.07169338258750271, -0.25903903658703004] - [-0.023570795024325224, 0.015145946909064362, -0.03014017034410454, 0.03869915338423003]
A2: [0.131590458897694, -0.22462416315148648, 0.02267062368696538, 0.07016486467947843] - [0.03270445149554036, 0.20380649127189104, -0.11483033466665846, -0.12140057744264159] - [-0.09460173063512081, 0.5555603901978557, -0.23518223752449513, -0.22561517690267904] - [-0.02081253878015962, -0.01926128020018963, 0.008132407493561592, 0.03219567560905082]
B1: -8.417603440583002e-05 - -0.00027033180866733975 - -4.494146680743614e-05 - -1.615915165610946e-05
B2: -0.00012970518682170587 - -7.536601422758279e-05 - 0.00016236068898573024 - -0.0004380274697285857
