Number: 8107
Error: 1.038185365729617e-15
A1: [0.08043162292084156, -0.1804678725073096, -0.019588918663250035, 0.1196249099814716] - [0.03741567681352936, 0.1335964829214729, -0.13472608957136034, -0.03628572833123066] - [-0.0017028384014332132, 0.22819009711853583, -0.12282840200546069, -0.10365892960792882] - [0.03886320885676278, -0.11448104405302062, -0.04641646695184681, 0.12203420239646746]
A2: [0.03530730075460592, -0.029273618497231882, -0.07569748525478882, 0.06966325880523376] - [0.10289374797999, 0.28289669855160077, -0.3926063988537758, 0.006815993186296889] - [-0.011187005953637823, 0.539014685285325, -0.35945092648436555, -0.168376365474933] - [0.09786285540848462, 0.017463372750835655, -0.16885095720539162, 0.05352493716559405]
B1: -3.955097613114651e-08 - 3.710228921979956e-09 - 3.4873821811768204e-08 - 3.7693724705456015e-09
B2: -4.0709288218248054e-08 - 6.299592087062017e-08 - -1.3755401272820257e-08 - -7.175194242404497e-09
