Number: 3362
Error: 1.1883421467112653e-06
A1: [0.06640519352568404, -0.11376949586101873, -0.023801552871522896, 0.07190820416379295] - [0.04161064912905594, 0.19220611776197666, -0.14327973509264544, -0.07405664596633343] - [-0.07263119007974449, 0.3170989255371659, -0.1398355984555456, -0.15299995398487] - [0.042813366289372656, -0.04975865366786066, -0.03378306030948839, 0.05529888869190576]
A2: [-0.01000923519819874, -0.3477622822424657, 0.2486322454914191, 0.10551178488544587] - [0.08123363495980059, 0.037571414181776557, -0.04895840755503721, -0.06475893284102528] - [-0.04195100673556155, 0.23138112475303318, -0.03998679630212583, -0.1473061678349646] - [0.06891033089595854, -0.29261399681596967, 0.1426444464218766, 0.08442721858463524]
B1: 0.0003253713192718896 - 0.0004949064155455987 - -2.6568452584139254e-05 - -6.0403534291792664e-05
B2: -0.0003008464119502978 - 0.001450461955969013 - -0.0010563663356709528 - 0.001420714143024777
