Number: 6843
Error: 1.0736003538274627e-15
A1: [0.08043166876842546, -0.18046782666490443, -0.01958887287046742, 0.11962495582382594] - [0.03741555485612886, 0.13359636105636266, -0.13472621128584106, -0.03628585022110837] - [-0.0017028636300799721, 0.22819007189043128, -0.12282842719716904, -0.10365895482984684] - [0.03886319661884458, -0.11448105625658603, -0.04641647918196282, 0.12203419016615628]
A2: [0.035307432020873164, -0.029273486867919776, -0.07569736044827508, 0.06966339618940014] - [0.1028937524919917, 0.28289670310188586, -0.3926063944898515, 0.006815997911031867] - [-0.011187066984346513, 0.539014623890638, -0.3594509842514273, -0.1683764297849329] - [0.09786281655635322, 0.017463333722009217, -0.16885099419018718, 0.05352489638360559]
B1: -2.7555026299519505e-09 - -1.4930264505555314e-08 - 7.925305048378867e-09 - -2.777061000265463e-09
B2: 1.0896899479434397e-08 - -1.117248759718521e-09 - -1.1872332260840072e-08 - -1.3537965790313106e-09
