Number: 8646
Error: 3.720895666681494e-15
A1: [0.08043170749506111, -0.18046778794262938, -0.019588834190150433, 0.11962499454605571] - [0.03741564093906188, 0.13359644707420856, -0.13472612537419554, -0.03628576418573551] - [-0.0017027978996477496, 0.2281901376194592, -0.12282836156298299, -0.10365888911693992] - [0.03886325514829383, -0.114480997891317, -0.046416420689791696, 0.12203424865928549]
A2: [0.0353074836883861, -0.029273435057478155, -0.07569731132332894, 0.06966345026485772] - [0.10289375320804654, 0.28289670382405935, -0.39260639379723744, 0.006815998660801801] - [-0.011187047350279344, 0.5390146436417741, -0.35945096566722406, -0.16837640909597487] - [0.09786284473160681, 0.01746336202538389, -0.16885096736906205, 0.05352492595829223]
B1: 3.864290086476396e-08 - 1.5717602581079247e-08 - 2.523011571109551e-08 - 4.159736956317192e-08
B2: -3.371265121701111e-08 - -2.7896060983318345e-08 - -4.231424581486923e-09 - -3.762672422995394e-08
