Number: 9289
Error: 5.2066544443325445e-09
A1: [0.05281857128013782, -0.14835536978099506, -0.02735259445043403, 0.1214736790154673] - [0.005230945418519, 0.13075386348616433, -0.1136834485695026, -0.022632598347917886] - [-0.014886343022991992, 0.22264960447309767, -0.12748266452976822, -0.08204796063406582] - [0.026794656827710976, -0.10037181777110546, -0.04977698317773697, 0.12194546933050063]
A2: [0.08932146341038497, -0.07284641081857744, -0.123561963827826, 0.1073542508800814] - [0.1090214132002879, 0.24999397889118255, -0.40466920033309006, 0.046372217238282484] - [0.03685012330840805, 0.46276825942246336, -0.377508489844836, -0.12125684592341261] - [0.1435830461528277, -0.044450575659334704, -0.20134661691897, 0.1028387780465429]
B1: -0.00011001066082551155 - -7.2283090182349e-05 - 4.831505784726579e-07 - 2.7117025811371715e-05
B2: 5.089819113628608e-05 - -0.00014810052133975397 - 0.00013333692953574976 - -2.1808079062979347e-05
