Number: 4340
Error: 7.232875671076488e-16
A1: [0.06621313699165368, -0.11395212340082797, -0.023983994935151708, 0.07172282353454262] - [0.037402627711138434, 0.18819338432422505, -0.1474089314598599, -0.0781869948571628] - [-0.06022930921126955, 0.32895085978343974, -0.1277530489030255, -0.14096826175565091] - [0.039046293820589786, -0.05332255823091409, -0.03741846009156903, 0.051695249661149516]
A2: [-0.00910870742334347, -0.3468033251149973, 0.24945495762445632, 0.10645654187561264] - [0.0800398205377013, 0.036282251339877135, -0.05025011797498712, -0.06607196525866137] - [-0.042452855578783956, 0.23083185122285158, -0.04053128425350461, -0.14784787892098977] - [0.06813497909311036, -0.2934676316594284, 0.1417714578272903, 0.08356208504323183]
B1: 7.523002644603296e-08 - -1.3022085077049984e-08 - -4.687362164010015e-08 - 4.6298386986591366e-08
B2: 3.313889912460831e-08 - 3.722406917421956e-08 - 3.839758870466662e-09 - 1.4267187425150997e-09
