Number: 1903
Error: 9.053864393668091e-07
A1: [-0.008739651513332355, -0.016501918434668764, 0.0014085333238530217, 0.01786836192528407] - [0.06849864432665917, 0.1914976694992774, -0.14500102085233776, -0.1080016193685072] - [-0.11858359052781035, 0.4358757188876869, -0.0771131965405898, -0.26461509617053564] - [-0.029886885421677126, 0.008956733402848208, -0.0366780353746997, 0.0320272744678578]
A2: [0.1344193837040784, -0.2219211917511943, 0.025354299135041423, 0.07286619183583769] - [0.03241236729102414, 0.2035304134629619, -0.11511416661534672, -0.12167148193108314] - [-0.09265758213171926, 0.5574399714811934, -0.23327843274634383, -0.22364997145886933] - [-0.019218000282076063, -0.017755042103004822, 0.009625581558003311, 0.033667770765263436]
B1: 0.0006854149631783328 - 0.0017227824226738672 - 0.0010275609821737836 - 0.0012042991005625767
B2: 0.0002740057638740473 - 0.0009257876381435759 - 2.7094809830997097e-05 - 0.0002811328617611949
