Number: 2908
Error: 2.7400275927602664e-08
A1: [0.06320749396549068, -0.0480979694541933, -0.023668024396168413, 0.0076296975251411055] - [0.04335970948473562, 0.19097889763115772, -0.1428755950116826, -0.09284444920390399] - [-0.12344868779568256, 0.41485629746935815, -0.1048638350958869, -0.18707867214102597] - [0.036820749870897285, 0.018982819578653765, -0.03331670872664906, -0.023235838684791014]
A2: [0.06371718634436162, -0.17341283158346993, 0.08659643032269777, 0.024227142202733157] - [0.029350058269075944, 0.20035789630548967, -0.10165029077844276, -0.1278143649740683] - [-0.09299051236615805, 0.5140933360577894, -0.22518555326803616, -0.1946917222119421] - [-0.025410677393284682, 0.01903373350124077, -0.04977035328425437, 0.05748042429438263]
B1: 4.7702683405967015e-06 - -0.0001944435797477381 - 9.027987170323612e-05 - -7.823754292477533e-05
B2: 0.00013308822501113495 - 0.00015724140111800792 - 6.63743478826816e-05 - 7.710792168616527e-05
