Number: 9084
Error: 0.0001081917879247796
A1: [0.024225318394500144, -0.1793902625852059, -0.056766735986701206, 0.0909256764542485] - [-0.02752500380932153, 0.09623806491405544, -0.1481514431544125, -0.05730067724225225] - [-0.02282688287980735, 0.2168819237075326, -0.1306109227693407, -0.08607662567144009] - [-0.0007626012178152997, -0.1291601720430229, -0.07724437732908478, 0.09336141601961631]
A2: [0.12746568667801836, -0.03492659417641186, -0.07994922000638599, 0.14676859689900668] - [0.08381682293099597, 0.2235416174894972, -0.4281808198410174, 0.020096747684004] - [0.0026830097558150027, 0.4297224380830963, -0.41372431457138376, -0.15624703500168952] - [0.1055383257217237, -0.08248206504919012, -0.24095531737358436, 0.06376330772410173]
B1: 0.011722261865974071 - 0.0019691432918536264 - -0.014020096855977979 - -0.009760135268134008
B2: 0.008723875140784819 - 0.007112666142375987 - -0.013952377570540419 - 0.006628650910630569
