Number: 8182
Error: 6.141059464681832e-16
A1: [0.0804317127156038, -0.1804677827227349, -0.019588828975887883, 0.11962499976595313] - [0.037415567554270814, 0.13359637374493885, -0.13472619861286167, -0.036285837529923155] - [-0.001702813825510268, 0.22819012169393033, -0.1228283774655288, -0.10365890503857093] - [0.03886325333275894, -0.11448099970184639, -0.04641642250420409, 0.12203424684481108]
A2: [0.03530760432998861, -0.029273314082198118, -0.0756971966186501, 0.06966357652925245] - [0.10289379897261283, 0.28289674997698744, -0.3926063495343353, 0.006816046582955554] - [-0.011187145513958689, 0.5390145448925971, -0.3594510585814886, -0.16837651253424973] - [0.09786267147632194, 0.01746318798206554, -0.16885113229719692, 0.0535247440970398]
B1: 3.816657140387382e-08 - -2.201166475766204e-09 - -2.0925795039556654e-09 - 5.944680805199311e-08
B2: 3.3194460082308376e-08 - 8.560667524365516e-09 - 2.0962816699283648e-08 - 2.710232152779184e-08
