Number: 9591
Error: 1.4493606650203415e-14
A1: [0.05317278107715754, -0.14800103995826444, -0.026998816640942454, 0.12182805303040518] - [0.005313549333782884, 0.13083652360231535, -0.1136009142335315, -0.022549934098364918] - [-0.01444455961943553, 0.22309153775421292, -0.12704126257559142, -0.08160601607055706] - [0.02714645678319749, -0.10002004135659798, -0.049424511722461366, 0.12229811707912407]
A2: [0.08925524629506595, -0.0729125871301337, -0.12362665349207921, 0.10728717774368826] - [0.10884079329909228, 0.24981324544519207, -0.4048462065057577, 0.046188528847420585] - [0.036635591370364935, 0.4625547806308679, -0.3777177823306572, -0.12147361160324899] - [0.14342665859375983, -0.04460639877208626, -0.20149931540478544, 0.10268009123079715]
B1: -7.74178043524817e-09 - -2.146430858061269e-07 - -2.9453151021243047e-07 - 2.430307707461998e-08
B2: 8.14259809567787e-08 - 1.0188499062733856e-08 - -1.895365863501141e-07 - -1.8743102389256177e-07
