Number: 2473
Error: 2.2741076723990183e-07
A1: [0.06294031603039998, -0.048396389002202354, -0.023945338076562857, 0.007346701532505172] - [0.04269186877550729, 0.19032338553859174, -0.14358282012039067, -0.09359419654449476] - [-0.12621768847541356, 0.41204716419386006, -0.10768327198960975, -0.1898972027694223] - [0.038630418935894376, 0.020777714833625956, -0.03152296813485381, -0.021464348968297624]
A2: [0.06691866073993788, -0.17022697011945606, 0.08975363852140873, 0.02740394831234649] - [0.03041078728321225, 0.20140127593223045, -0.10059496578828558, -0.1267766908773818] - [-0.09380461490606477, 0.5133351219738382, -0.2259913009052509, -0.19546114992007027] - [-0.025724599473958297, 0.018745421939796364, -0.05007436539289973, 0.05719663577058094]
B1: -0.0004539062032046895 - -9.954126656743959e-05 - -1.3745857218140829e-05 - 0.00016286535650219625
B2: -0.0013441077570865937 - 0.0008302866512519371 - 0.0004823386085563351 - 0.0011582255818687356
