Number: 8843
Error: 4.97475581104247e-05
A1: [0.08181301692476593, -0.17900304683896934, -0.01888216859403192, 0.12110474758970338] - [0.03702913367047366, 0.13325152756229583, -0.13568627278192769, -0.036603592935649756] - [-0.00585505830615856, 0.22406442751181702, -0.12738957360463657, -0.10776613549139788] - [0.039518833783427965, -0.1137053035286145, -0.04656200424492952, 0.12281029635499778]
A2: [0.02614749233062958, -0.038599892208604956, -0.08424190471990893, 0.060113579738991244] - [0.08211006768218711, 0.26191231815437266, -0.4124824478839468, -0.014920415349681736] - [-0.0017884700472536284, 0.5481316760641086, -0.3507279309169911, -0.158376416225391] - [0.07949516727955461, -0.0010607717009536114, -0.1861032495318844, 0.03428140781722778]
B1: 0.003812545321781175 - 0.001560453085881785 - -0.004101818655721855 - 0.005785492564248439
B2: -0.00658573959351587 - -0.005180788042412843 - -0.0006985074625872039 - -0.006012061208072357
