Number: 1489
Error: 1.3111309684771575e-08
A1: [-0.007902236922925052, -0.01571521493852775, 0.002253745214038618, 0.01872029841927267] - [0.06668765909451832, 0.18975059733299593, -0.1468788901041066, -0.11001707968907945] - [-0.11274568294749, 0.44162817821553757, -0.07095634533300692, -0.2582730813651181] - [-0.02319690495987086, 0.015513427045024186, -0.029758436444534384, 0.039093917479662246]
A2: [0.1319283591277129, -0.22429148247143438, 0.023003341243651446, 0.07049524225179418] - [0.03268550987633553, 0.2037878741367575, -0.11484918014992666, -0.12141906438233119] - [-0.09468678365853121, 0.5554766483313193, -0.23526572718524077, -0.22569887957121795] - [-0.02086566660678092, -0.019313701311112652, 0.008079788386932511, 0.032144535375981984]
B1: 4.556770402722971e-05 - -6.830616350068667e-05 - -5.742451317581858e-05 - -5.309924497168086e-05
B2: -0.0001758232153392798 - -4.652096503226331e-05 - -7.473125740036633e-05 - 0.0002796927619900895
