Number: 3738
Error: 1.6036736325369639e-15
A1: [0.06621320043652008, -0.11395206137374225, -0.0239839315400892, 0.07172288687290555] - [0.037402578546524755, 0.18819333735076485, -0.14740897979246653, -0.07818704319402271] - [-0.06022933196099843, 0.32895083793361873, -0.1277530711645614, -0.14096828389747598] - [0.03904608813750224, -0.05332275345758822, -0.037418659083092186, 0.05169505228541843]
A2: [-0.009108454159106235, -0.34680305644118464, 0.24945521293794004, 0.1064568074094373] - [0.08003981132265874, 0.03628224141262195, -0.05025012804652232, -0.06607197541573523] - [-0.04245283987727671, 0.23083186855197235, -0.04053126742719016, -0.1478478615558379] - [0.06813490015292521, -0.29346771857576087, 0.14177137224874484, 0.08356199653703007]
B1: -1.6763060577914806e-08 - 1.1682200841825148e-08 - -7.057241987050106e-09 - 3.072038318510543e-08
B2: -2.5917524073600305e-08 - 3.4132301592301444e-08 - 6.0793140577010526e-09 - 2.2736670938958317e-08
