Number: 8290
Error: 8.355034288303211e-16
A1: [0.08043169793963986, -0.18046779749701913, -0.019588843734189607, 0.11962498499167479] - [0.037415585496892896, 0.13359639167398077, -0.1347261807059757, -0.03628581959722889] - [-0.0017028219779323592, 0.2281901135416806, -0.12282838560601327, -0.10365891318881862] - [0.038863247185728936, -0.11448100583161983, -0.04641642864732274, 0.1220342407016004]
A2: [0.03530759988957894, -0.02927331853487585, -0.07569720084050999, 0.06966357188185654] - [0.10289378328642823, 0.28289673415768507, -0.39260636470581095, 0.006816030157243554] - [-0.011187059368500321, 0.5390146315518396, -0.359450977042779, -0.16837642175996007] - [0.09786264064965446, 0.017463157015171992, -0.16885116164227013, 0.05352471173915723]
B1: -3.3900894894807835e-08 - 5.153766933392603e-08 - -5.273242050845229e-08 - -3.346445213841759e-08
B2: -1.5536936541226506e-08 - -2.8882875890661366e-08 - -1.3521444029458206e-08 - -1.6266973334850647e-08
