Number: 2960
Error: 2.4735700929669198e-08
A1: [0.06397998844453907, -0.04732818094219866, -0.022902876810281643, 0.008395497686121712] - [0.04343626345060397, 0.1910531183698516, -0.1427964693534378, -0.09275902523759014] - [-0.12333353248862108, 0.41497534016448423, -0.1047455721545956, -0.1869584176993812] - [0.037159046163527325, 0.019325156688399566, -0.03297753533212916, -0.02289637542022829]
A2: [0.06328029497983906, -0.17384619224537892, 0.0861643880324785, 0.02379836016891942] - [0.029082210847006656, 0.2000938348478859, -0.10191759052568819, -0.12807676211926997] - [-0.09298815768773774, 0.5140957864009118, -0.2251808702390449, -0.19468713193753753] - [-0.025537621502338497, 0.018906160661389955, -0.04989755127959036, 0.05735824216996534]
B1: 0.00013096348673088108 - -0.00016566675804441096 - -0.0003214137432106082 - -0.00023677214229186194
B2: 0.00015720576738184356 - -0.00026021011144797767 - -7.245084621913571e-05 - 2.318056376969604e-05
