Number: 1437
Error: 8.95382218604922e-11
A1: [-0.007184562214728089, -0.014990792070709223, 0.0030002503018674432, 0.019457800500873288] - [0.0667705096360054, 0.18983033006821018, -0.1467932245824443, -0.10992490760883719] - [-0.11261363166405039, 0.4417575125046349, -0.07081895988217086, -0.25813049525436194] - [-0.023423191014670483, 0.015291205084774304, -0.029989687820875893, 0.03885467242876622]
A2: [0.131615816952347, -0.2245992310435196, 0.022695770512300706, 0.07018958499851105] - [0.032665407212376284, 0.2037680941171666, -0.114869207718119, -0.12143871323977579] - [-0.09461474527514901, 0.5555478371249474, -0.23519451084127832, -0.225627232446266] - [-0.020900061310261297, -0.01934745263670015, 0.008045974017420602, 0.03211183360143633]
B1: 7.660119054235106e-06 - 3.436306703164799e-05 - -5.432153029807605e-06 - 1.0440130566596422e-05
B2: 3.2959216084136784e-05 - -2.8152760150331438e-05 - 5.569315831346818e-05 - -2.1789395662748927e-05
