Number: 3306
Error: 7.176339395584782e-06
A1: [0.07936516910754339, -0.10139549125658612, -0.011104982368362097, 0.08464431203135019] - [0.03662830718464817, 0.1871237142021033, -0.14813041021149184, -0.0788675747039683] - [-0.06224433737062088, 0.3274192169786554, -0.12946590775212571, -0.1427492031353694] - [0.03617483583332672, -0.05601695914307593, -0.04041521867415247, 0.04878832532750709]
A2: [-0.025880646378108954, -0.3647961897948668, 0.2329056120296845, 0.08895477370670948] - [0.09589119605915586, 0.05346805084841162, -0.03303400882093046, -0.04870382737159592] - [-0.06968200527225867, 0.19994698814917872, -0.07013356080616469, -0.17833464776509642] - [0.0439434177144245, -0.3207846613948485, 0.11526015747101517, 0.056154137167661815]
B1: -0.0010641527277021096 - 0.002907258084818517 - 0.0011567853023759758 - 0.002435820085261832
B2: 0.007787496552454874 - -0.0018322636895769587 - -0.002612988760567626 - -1.9910149134554347e-05
