Number: 1989
Error: 0.0003267398230955434
A1: [0.003988908930812118, -0.0035509827814978, 0.014001457705553996, 0.03108257122358119] - [0.09507787803201619, 0.2171447809633288, -0.11720496753408924, -0.07817262067203135] - [-0.1186382463633447, 0.4357270966730472, -0.07770435949456359, -0.2642729705121186] - [-0.009823700540790282, 0.028806262554512692, -0.01540453341008001, 0.05445727204443951]
A2: [0.14066145394984836, -0.21675557746043764, 0.030998932401789307, 0.07823640772916632] - [0.03840349977784387, 0.2089226762922005, -0.1093605297246244, -0.11637809868389246] - [-0.09200861368004457, 0.5561621557080221, -0.23349450147225423, -0.22536004452868671] - [-0.021717783621085753, -0.021117088532816672, 0.006741153933849046, 0.02993276778779528]
B1: -0.0059387956865611345 - -0.012801806864930633 - 0.0012104213121208428 - -0.003012851748056983
B2: 0.011409857256618338 - 0.02176300050475392 - 0.0046027132771209525 - 0.011124258331804431
