Number: 3931
Error: 9.62557941877292e-16
A1: [0.06621317992296251, -0.11395208142888098, -0.023983952037539613, 0.07172286639378957] - [0.037402580637137875, 0.18819333934821042, -0.14740897773722111, -0.07818704113860758] - [-0.06022939906355269, 0.32895077348530877, -0.1277531368271371, -0.14096834920689277] - [0.039046206770561254, -0.05332264085557291, -0.03741854430958631, 0.051695166126960734]
A2: [-0.009108520634329799, -0.34680312696108534, 0.24945514592483498, 0.10645673771373806] - [0.08003981033067144, 0.036282240343963656, -0.050250129130697, -0.06607197650913818] - [-0.042452875207525186, 0.23083182955927697, -0.0405313052885061, -0.14784790062979394] - [0.06813457265944224, -0.2934680791606771, 0.14177101721393437, 0.08356162935593056]
B1: 8.120967788115574e-09 - -4.272368176986845e-08 - 2.848632182919507e-08 - 1.1794845175882513e-08
B2: 5.2653639836278885e-09 - -5.30376309915167e-09 - 2.8116885352982868e-08 - 9.594905078296192e-09
