Number: 478
Error: 2.8310809810663712e-12
A1: [-0.012154231071914628, -0.014518030004552646, 0.01808635802868968, 0.008582202685686616] - [0.06583650582781483, 0.18949648297266264, -0.1453212567726867, -0.11000714628746444] - [-0.09629542541779548, 0.42178381739412724, -0.05345988473959325, -0.27203847365993183] - [-0.0013257885403500258, -0.018223368916759387, -0.0038396754169086754, 0.023371787089843943]
A2: [0.1615830583907756, -0.16775836673274822, 0.008497745358943636, -0.0023366397744833765] - [0.035487816155058305, 0.20751878077952807, -0.117208340353038, -0.12578998241535083] - [-0.08621307552604607, 0.5815385813269951, -0.2353882701162312, -0.25993511066564673] - [-0.0038338934726441197, -0.004518233827696395, 0.001111319718286525, 0.007244420136867428]
B1: -2.6948741729806093e-06 - -1.0567134111752706e-06 - 1.1919474943200356e-06 - 8.667452641029257e-08
B2: 1.91044713401773e-06 - -1.0479898324311808e-06 - 1.3255432678681425e-06 - 1.0012322560031812e-06
