Number: 4950
Error: 1.329553997546151e-15
A1: [0.06621321042170045, -0.11395205161167271, -0.023983921562735662, 0.071722896841333] - [0.03740263730777383, 0.18819339349318406, -0.14740892202562172, -0.07818698542210223] - [-0.06022935404096061, 0.3289508167270347, -0.12775309277067, -0.1409683053871627] - [0.03904618192745203, -0.053322664435587835, -0.03741856834433339, 0.051695142287325364]
A2: [-0.009108626380063599, -0.34680323914068767, 0.24945503932341762, 0.10645662684518009] - [0.08003985101226581, 0.03628228416972753, -0.050250084667947136, -0.06607193166887347] - [-0.04245282137198168, 0.23083188897562934, -0.04053124759598437, -0.14784784108960525] - [0.06813475106462584, -0.29346788272857777, 0.1417712106223363, 0.08356182938137369]
B1: 1.0112800391589259e-08 - -7.913364003770267e-09 - 2.2989670959910368e-09 - 6.843361502542156e-09
B2: 2.9402849912564776e-10 - 2.7713435197728414e-08 - -4.875435888904431e-09 - -1.625185970185963e-08
