Number: 4805
Error: 1.1662880543523273e-15
A1: [0.0662131342989803, -0.11395212603334005, -0.023983997625738447, 0.07172282084633662] - [0.03740257236056225, 0.1881933314405048, -0.14740898587372475, -0.07818704927585361] - [-0.06022941271838542, 0.3289507603705486, -0.12775315018899136, -0.14096836249665506] - [0.03904613431255237, -0.053322709629905554, -0.037418614410221845, 0.05169509659547531]
A2: [-0.00910843509386462, -0.34680303621626585, 0.24945523215725618, 0.10645682739800087] - [0.08003986818925561, 0.03628230267424572, -0.05025006589450707, -0.06607191273601952] - [-0.04245287684777471, 0.23083182774919903, -0.040531307045983976, -0.14784790244360344] - [0.06813465863903657, -0.29346798449302164, 0.14177111042420437, 0.08356172575542355]
B1: 1.8139558818956255e-09 - 2.494693822226595e-08 - 4.883954042106942e-08 - 2.889824486987343e-08
B2: 7.285894966829638e-09 - 8.350664330307668e-09 - 3.770497313926801e-09 - 1.496764810573959e-08
