Number: 9930
Error: 1.1382504805764601e-15
A1: [0.0531725555706523, -0.1480012655433885, -0.02699904189628457, 0.12182782741509116] - [0.005313764174221127, 0.13083673867238876, -0.11360069942171037, -0.022549718956325782] - [-0.014444466575406168, 0.22309163083439465, -0.12704116960355924, -0.08160592299419882] - [0.02714630635583735, -0.10002019177796029, -0.04942466246383098, 0.12229796627315379]
A2: [0.08925439859728769, -0.07291343286785645, -0.12362748209124015, 0.10728631959352672] - [0.10884180145197482, 0.24981425377709393, -0.4048452183193009, 0.0461895539635307] - [0.03663601098217935, 0.46255519805894846, -0.37771737293600843, -0.12147318763909065] - [0.14342663342959677, -0.044606423838355884, -0.20149933997182093, 0.10268006569388172]
B1: 1.5513224535914837e-08 - 2.3802250279202908e-08 - -1.1208818342733409e-08 - -4.725384792861356e-08
B2: 1.231072003315237e-08 - -8.218366686427695e-10 - 2.1810058427529312e-08 - -6.230462466663367e-08
