Number: 6537
Error: 9.451694512868302e-16
A1: [0.08043168595024083, -0.18046780948503546, -0.01958885570919552, 0.11962497300367929] - [0.03741558292241282, 0.13359638910140373, -0.13472618327547883, -0.0362858221703708] - [-0.0017028086497349203, 0.22819012686960627, -0.12282837229732455, -0.10365889986417531] - [0.03886322104606145, -0.11448103189792273, -0.046416454770309895, 0.12203421457819214]
A2: [0.03530743475283655, -0.029273484128399918, -0.07569735785075882, 0.06966339904869619] - [0.10289373624699359, 0.2828966867190146, -0.39260641020179865, 0.006815980900142304] - [-0.011187104523426696, 0.5390145861276577, -0.3594510197829877, -0.1683764693411666] - [0.09786280010896431, 0.01746331719980813, -0.16885100984703708, 0.05352487911920269]
B1: -6.953057835618305e-10 - -2.7348225262957673e-10 - -1.162183607889489e-09 - -9.291335637459037e-10
B2: 3.506560689873863e-10 - -4.738620949287031e-09 - 1.1816897767993909e-08 - -7.310520598919758e-09
