Number: 2545
Error: 3.905349343729773e-08
A1: [0.063978599491256, -0.04732439215788862, -0.022901519071037327, 0.00839705526176331] - [0.04389375389179374, 0.19149365425693812, -0.1423276677792944, -0.09225990178491451] - [-0.122978091381311, 0.41533493038196984, -0.10438028532401282, -0.1865953637914132] - [0.03729460704060197, 0.019467877230868097, -0.032835689780270516, -0.022756350748146324]
A2: [0.06239356862611812, -0.1747382462442812, 0.08528352368748747, 0.022924518406567077] - [0.029061003228234995, 0.20007280920413115, -0.10193813910641804, -0.12809737218608916] - [-0.0939769824949263, 0.513124386520904, -0.22617806310970537, -0.19564755097338205] - [-0.025976694058510826, 0.018474432599486987, -0.05034569500131816, 0.05692648949265572]
B1: 6.162347900360039e-05 - 9.530953092788794e-05 - -0.0002683118897226261 - -0.00022183420007089216
B2: 0.00014603359059137423 - -0.0001618606094756038 - 0.00013197584514319598 - 0.00018353222149602533
