Number: 2818
Error: 5.080639670268858e-09
A1: [0.06331153947905795, -0.047994780253140024, -0.023565675035503875, 0.007733041383001579] - [0.0435195180812813, 0.19113343589584458, -0.14271087140846048, -0.09266827943168593] - [-0.12330035931874667, 0.41500464014304667, -0.10471443266330688, -0.18692915806339783] - [0.03702028212708783, 0.019183457744845128, -0.033116454243224264, -0.023036067921325218]
A2: [0.06369830552840638, -0.1734300961691679, 0.08657954503766443, 0.024211231807187376] - [0.029150106620973455, 0.2001609845241524, -0.10184939835252534, -0.128009783706342] - [-0.09360208318418876, 0.5134932843369057, -0.22579859917083012, -0.19528412417422694] - [-0.02601806434873463, 0.01843031052276781, -0.05037807236051017, 0.056888925512314906]
B1: 0.00010811658850703831 - -6.945036780852899e-05 - -0.00011220538137117828 - -3.488172878394721e-05
B2: -4.8906382972448956e-06 - 2.052067165772087e-05 - -4.2618583837537985e-06 - 2.3714994876095287e-05
