Number: 3594
Error: 5.5160445304050455e-12
A1: [0.06621363927022568, -0.11395163241203202, -0.02398349319474145, 0.07172332492392239] - [0.03740218504903031, 0.18819296138766267, -0.1474093666292201, -0.07818743001979417] - [-0.06022539681887288, 0.3289546174265448, -0.1277492202994555, -0.14096445403360286] - [0.039053183645725915, -0.053316018695087876, -0.0374117944718758, 0.05170186113212189]
A2: [-0.009110373912966863, -0.34680509293049927, 0.24945327766384373, 0.10645479464050311] - [0.08004627264283212, 0.03628920214788668, -0.05024306619294754, -0.06606485360683183] - [-0.04243528431330739, 0.23085124393593265, -0.0405124542687304, -0.14782844578555607] - [0.06813356410324059, -0.29346918968397684, 0.1417699239039525, 0.08356049866758754]
B1: 2.09999111649197e-06 - -6.449849051554995e-07 - 6.55280716329198e-06 - -5.384228738786237e-06
B2: 2.354499447765066e-06 - -4.956116221741241e-07 - 6.971095033612237e-07 - 8.426714813086577e-08
