Number: 3347
Error: 1.3096013488713372e-06
A1: [0.06141277563725121, -0.11866347969156749, -0.028821279299036683, 0.06690091980323157] - [0.03539736238617333, 0.18626161310238581, -0.14939375405822694, -0.08017015402659457] - [-0.04563155479443538, 0.34308712291499904, -0.11333149872606427, -0.12665392858722876] - [0.040343337307743934, -0.052106276956975055, -0.03617935968701085, 0.05292243127872008]
A2: [-0.008232917996083791, -0.3458699140981979, 0.2504533874820317, 0.10738847520804522] - [0.07926838533746261, 0.035459407166595194, -0.05113344481039273, -0.06692735544938005] - [-0.044440798883759396, 0.22860996811731468, -0.042696818107967244, -0.15007956142425974] - [0.06617175860669217, -0.2956425831185811, 0.13964084807975996, 0.08134553915004593]
B1: 0.0007326008536096993 - 0.0010192433482197716 - -5.351802408389277e-05 - 0.00028873992899041984
B2: -0.0022129439932708143 - 0.0007070710766815385 - 0.0007237732291548707 - 0.00047694771130014815
