Number: 5236
Error: 1.0138948513899314e-15
A1: [0.06621321874022208, -0.11395204347903566, -0.023983913250761744, 0.07172290514586782] - [0.037402574118828975, 0.18819333312045763, -0.14740898414516881, -0.0781870475471531] - [-0.06022939072005458, 0.3289507814985178, -0.127753128662785, -0.1409683410861578] - [0.03904622018613738, -0.05332262812172118, -0.03741853133025285, 0.05169517900084034]
A2: [-0.009108592964493597, -0.3468032036919488, 0.2494550730091513, 0.10645666187966617] - [0.0800398593494141, 0.03628229315120116, -0.050250075555912294, -0.06607192247949967] - [-0.042452883617370984, 0.23083182027796822, -0.040531314300538336, -0.14784790993037372] - [0.06813468824546137, -0.2934679518949648, 0.1417711425203453, 0.08356175894986839]
B1: 2.339960535000124e-08 - -6.70200306767358e-08 - 1.892719393133096e-08 - 2.7674839362913125e-08
B2: -2.567381090777527e-08 - -2.9419736611276722e-08 - 8.254206631797305e-09 - 1.148225761306142e-08
