Number: 5731
Error: 0.007827960948096622
A1: [-0.08198300622924018, -0.33145833812986836, -0.18680534997585513, -0.04257676918853287] - [-0.14417175254805104, -0.052976632215619046, -0.3289011629781079, -0.2228271332096502] - [-0.14714753704946137, 0.12393715522542054, -0.2621847944528713, -0.24112524207008695] - [0.010765072919053958, -0.0941663194785115, -0.059770973940159566, 0.10624959889416533]
A2: [0.05033606675639676, -0.009676769274976647, -0.013281269092867691, 0.07758431837468129] - [0.20910575327739678, 0.39313700226013426, -0.25358104623567573, 0.11586533110053121] - [0.013471436943844319, 0.5708548865238473, -0.29615769356367755, -0.1592037589091702] - [0.11634734015136092, 0.04198210481562898, -0.10698257789304523, 0.059596855858104196]
B1: -0.2384804948601308 - -0.44235475967752264 - -0.2702233289305185 - -0.27566441033848743
B2: -0.24156610405488768 - -0.2238333450741503 - -0.3331323533937393 - -0.21011286558499256
