Number: 4433
Error: 1.0954822003381894e-15
A1: [0.06621314668825229, -0.11395211392093355, -0.023983985246183944, 0.07172283321484504] - [0.03740263663372593, 0.18819339284915074, -0.14740892268827036, -0.07818698608480697] - [-0.06022934727848475, 0.3289508232219749, -0.1277530861533697, -0.14096829880559572] - [0.03904613726613083, -0.05332270682649241, -0.03741861155275532, 0.051695099429812555]
A2: [-0.009108523912664892, -0.3468031304389115, 0.2494551426199314, 0.10645673427652243] - [0.08003978838121584, 0.03628221669814441, -0.05025015312017573, -0.06607200070227671] - [-0.04245280760116066, 0.23083190417390792, -0.040531232838787054, -0.1478478258595774] - [0.06813483267088058, -0.29346779287664027, 0.1417712990914744, 0.08356192087693534]
B1: -8.294582731452593e-09 - 7.93563168914211e-09 - -9.119158803782205e-09 - 7.923865154280441e-09
B2: -1.9343160058340653e-08 - 1.7694243909557363e-08 - -3.581397659572403e-09 - 5.388558059192106e-09
