Number: 7469
Error: 8.372082120715434e-16
A1: [0.0804317301650885, -0.18046776527520197, -0.019588811547223257, 0.11962501721347299] - [0.03741563070442556, 0.13359643684725067, -0.13472613558867205, -0.03628577441482895] - [-0.001702773232760191, 0.2281901622858224, -0.12282833693220603, -0.10365886445664867] - [0.038863277402874645, -0.11448097569927493, -0.04641639844941894, 0.12203427089997157]
A2: [0.03530749255102199, -0.029273426170343994, -0.07569730289695246, 0.06966345954072915] - [0.10289375740733098, 0.2828967080589516, -0.392606389735788, 0.006816003058116162] - [-0.011187076220441555, 0.5390146145994467, -0.35945099299357286, -0.16837643951734904] - [0.09786282224684355, 0.017463339438386693, -0.16885098877320104, 0.053524902356759975]
B1: 7.151662415680757e-09 - 5.305388202612032e-09 - -7.949798771323169e-09 - 3.0197018456261675e-09
B2: 4.331827490945765e-09 - 6.994969247135181e-09 - 3.0959663251438224e-09 - 3.772478370746218e-09
