Number: 1773
Error: 3.842375898443007e-07
A1: [-0.008890199228984678, -0.016724903935360424, 0.0012397465064311918, 0.017686175357182927] - [0.06660330685232861, 0.18967557605003266, -0.14697226587016968, -0.11010871056955676] - [-0.11547569999656421, 0.4389484221040252, -0.07385432737295991, -0.26121587487785974] - [-0.026884639746840907, 0.0119003832034001, -0.03357610529774915, 0.0352103961255236]
A2: [0.13123012757464855, -0.22497382388208648, 0.022333650362978616, 0.06983111674118404] - [0.03396856562699983, 0.2050541342064714, -0.11357212199306246, -0.12016111611502403] - [-0.09436392468057168, 0.5558240594312356, -0.2348814459050663, -0.22530614623687722] - [-0.021536656526831868, -0.019983562418432042, 0.007408423217870665, 0.03149709974770505]
B1: -0.0006835266723348346 - 0.0016045477618575456 - -0.0005742315111412498 - -0.0004886547115362257
B2: -0.00023540518689816692 - -0.000937747211182089 - -0.0003238836398126874 - -0.0002485574032438686
