Number: 7434
Error: 8.918553553865047e-16
A1: [0.08043170634832127, -0.18046778908927047, -0.019588835335510788, 0.11962499339942745] - [0.037415614654035874, 0.13359642080901027, -0.13472615160707924, -0.03628579045632622] - [-0.0017027900594840876, 0.22819014545945746, -0.12282835373429249, -0.10365888127888158] - [0.0388632592099167, -0.11448099384117551, -0.04641641663078236, 0.12203425271832206]
A2: [0.03530728512473962, -0.02927363417033103, -0.07569750011534705, 0.06966324244676128] - [0.10289370622832564, 0.282896656445589, -0.39260643923546823, 0.006815949466241368] - [-0.01118710148824236, 0.5390145891809359, -0.35945101691011017, -0.1683764661428984] - [0.09786277178163916, 0.0174632887436363, -0.16885103681283725, 0.053524849384754866]
B1: -1.0609270585437306e-08 - 2.4018658973767474e-08 - 4.684025452131356e-08 - 2.2388745312682362e-08
B2: 3.6179690193771275e-09 - -6.446972667559268e-11 - 2.4017886947600918e-08 - 6.729557016749386e-09
