Number: 5528
Error: 6.052452159986742e-12
A1: [0.06621596406530303, -0.11394935952032861, -0.023981170088877398, 0.07172564585662818] - [0.037411533214300734, 0.18820189297576, -0.1474001766499712, -0.0781782392784153] - [-0.06024372634148065, 0.3289370127640323, -0.12776715671609118, -0.1409822936764638] - [0.03902007742541174, -0.05334744206545016, -0.037443823678440964, 0.051670092022916204]
A2: [-0.009120013912121345, -0.3468153194346789, 0.24944355950305327, 0.10644468740255465] - [0.08003770642218407, 0.03627997385123662, -0.05025242862848818, -0.06607429555878547] - [-0.0424609237300978, 0.23082294679406912, -0.04053993049276558, -0.14785680217117222] - [0.06812663327124169, -0.29347682068718095, 0.14176241005814094, 0.08355272766125667]
B1: -1.3088860147484944e-06 - 1.2837069600045862e-06 - 3.425576190837347e-07 - 6.590781633920287e-08
B2: 1.030424956787124e-06 - -9.137066885262467e-07 - -1.0758771620407022e-06 - -3.1360690346215253e-06
