Number: 6558
Error: 8.222318942723848e-16
A1: [0.08043168417825992, -0.1804678112568157, -0.019588857479057645, 0.11962497123190079] - [0.0374155765412562, 0.13359638272507676, -0.13472618964392086, -0.03628582854799263] - [-0.0017027968123451876, 0.2281901387067436, -0.12282836047726661, -0.10365888802994476] - [0.03886321307926029, -0.11448103984236592, -0.046416462732034494, 0.12203420661634251]
A2: [0.03530742675774076, -0.02927349214560911, -0.07569736545239124, 0.06966339068095846] - [0.10289373418632168, 0.2828966846408535, -0.39260641219485326, 0.006815978742317231] - [-0.011187117757848253, 0.5390145728142981, -0.359451032309651, -0.168376483286744] - [0.09786278955240296, 0.017463306595228392, -0.16885101989619702, 0.053524868038246215]
B1: -1.675172271908363e-09 - -1.8608794366699713e-09 - -3.6282236097245942e-09 - -4.692476953114592e-09
B2: -3.204165982516868e-09 - -1.0926289741122928e-08 - 1.7657479009751696e-08 - -1.4547941693500364e-08
