Number: 2252
Error: 0.00018632121460654223
A1: [0.05667488330390596, -0.047482213235387115, -0.02487401169221494, 0.00724767328679992] - [0.06621260282756891, 0.20410202168184044, -0.13815009723269475, -0.08282455489892748] - [-0.16109659151730177, 0.3895232185798133, -0.12710336873863032, -0.21035862484809406] - [0.022284129074717014, 0.01943155211282057, -0.02798648389979456, -0.02904654144571277]
A2: [0.10825403409637024, -0.14041750367770048, 0.13289454820178637, 0.0657388982125719] - [0.04397158195957313, 0.21449386357241598, -0.08460136093610526, -0.11487100661860121] - [-0.0924267630154434, 0.5314708510328774, -0.21920820850337028, -0.1962255459659306] - [-0.08794119644589887, -0.023807195691866997, -0.1088234165849806, 0.005773632282311376]
B1: 0.01886514464533781 - 0.03989484671544983 - -0.015163287972147275 - -0.011353892645189722
B2: -0.005538883056775694 - 0.013476247657457635 - -0.004175560595309491 - -0.009011057642362246
