Number: 8121
Error: 1.2348253789908268e-15
A1: [0.08043172292268568, -0.18046777251679955, -0.019588818780992192, 0.11962500997188495] - [0.037415534817742506, 0.13359634103316878, -0.13472623128419717, -0.0362858702483462] - [-0.0017028042421385044, 0.22819013127709986, -0.12282836789618408, -0.10365889545775277] - [0.038863237518464495, -0.11448101547175622, -0.04641643830841325, 0.12203423104035241]
A2: [0.03530749512302745, -0.029273423591194756, -0.07569730045143827, 0.06966346223254258] - [0.1028937446356969, 0.28289669517892413, -0.3926064020883352, 0.006815989684337054] - [-0.011187147373549512, 0.5390145430219063, -0.35945106034163266, -0.16837651449377491] - [0.09786277381836916, 0.017463290789597914, -0.1688510348740263, 0.05352485152267127]
B1: 1.7967498291391342e-08 - -1.3127820213265818e-09 - -1.2789536654237581e-08 - 1.7702104580352585e-09
B2: 2.7379850213227008e-08 - -3.831780576348961e-08 - 2.2588401302901154e-09 - 1.2398013224381253e-08
