Number: 5765
Error: 0.0005406721115817733
A1: [0.06305902387310362, -0.2047924892681808, -0.041492392194459035, 0.09904582985693249] - [-0.010164073013405474, 0.07160495050373844, -0.19177851893785794, -0.09051772944970171] - [0.0009223655072494626, 0.23779113932690685, -0.11776003950370742, -0.09931162398827541] - [0.12361494665017038, -0.021348236133125975, 0.04399377062533011, 0.21040792524111515]
A2: [0.09441267209882631, 0.02669526575241911, -0.009848556106349635, 0.14031875761547188] - [0.08785474746081534, 0.27052398166009534, -0.4136544497189437, -0.016861704121528376] - [0.0016937634748922887, 0.5534761345133483, -0.34552675973918007, -0.15833441938512807] - [0.11949383010382882, 0.039378840482738785, -0.14458012333523462, 0.07591132034481031]
B1: -0.012476084936017432 - 0.014008464972842803 - -0.006273891024233574 - -0.0069909230376457646
B2: -0.03632249642279253 - -0.05426872565231649 - 0.011235855813693695 - -0.002297636358064092
