Number: 4827
Error: 1.640888149752153e-15
A1: [0.06621318295523278, -0.11395207846438095, -0.02398394900766288, 0.07172286942093857] - [0.037402627667576474, 0.18819338428261903, -0.14740893150267978, -0.07818699489999935] - [-0.06022943222392851, 0.328950741636539, -0.1277531692759646, -0.14096838148097574] - [0.03904609599074721, -0.05332274600353387, -0.03741865148528003, 0.05169505982146123]
A2: [-0.009108397145997541, -0.346802995959576, 0.24945527041214738, 0.10645686718422714] - [0.08003987377812391, 0.03628230869505454, -0.050250059786197926, -0.06607190657584082] - [-0.0424528424527043, 0.23083186570966502, -0.04053127018691064, -0.14784786440403092] - [0.06813477002943011, -0.2934678618475819, 0.1417712311819428, 0.08356185064435181]
B1: -7.129796803258371e-08 - 1.3721169595001816e-09 - 2.358597053888143e-08 - 4.2213028861223037e-08
B2: 4.525019754070802e-09 - -1.1720740898254498e-08 - 4.285887797653975e-08 - 2.851679637187598e-08
