Number: 7199
Error: 8.52121274459686e-16
A1: [0.08043170624383653, -0.18046778919373896, -0.019588835439865476, 0.11962499329495625] - [0.037415610354625754, 0.133596416512856, -0.13472615589792414, -0.036285794753354236] - [-0.0017028309262375424, 0.22819010459358413, -0.12282839454119734, -0.10365892213472512] - [0.038863258362969624, -0.11448099468574259, -0.04641641747718862, 0.1220342518719026]
A2: [0.035307371824644135, -0.02927354723064062, -0.07569741768210796, 0.06966333318753862] - [0.10289377562029497, 0.28289672642648517, -0.39260637212044835, 0.006816022129744154] - [-0.01118711917529545, 0.5390145713883849, -0.35945103365129316, -0.16837648478036796] - [0.09786276367612762, 0.01746328060125082, -0.16885104452875044, 0.053524840876594496]
B1: -1.2318322122702774e-09 - -8.521436677550021e-09 - 2.3141081185087593e-08 - 1.1819635283152193e-08
B2: 1.0644761005375074e-08 - 9.874825054436645e-09 - -1.2515204189926185e-08 - 1.3759351495966299e-08
