Number: 2659
Error: 1.5029879735216135e-08
A1: [0.06359022608456599, -0.04771763062146821, -0.02328962042153098, 0.008010152438858819] - [0.043753971048288126, 0.1913592054392437, -0.14246976998924174, -0.09241109421624036] - [-0.12251702270224203, 0.41578937914696895, -0.1039212178310405, -0.18613750571897253] - [0.037224044233684306, 0.019389411798827694, -0.03291067351822429, -0.022831067888812506]
A2: [0.06418884617572244, -0.17294232446064423, 0.08707367923316767, 0.024698434623106162] - [0.029426623356365693, 0.20043321546172202, -0.1015741740403556, -0.12773939357110944] - [-0.09328414826031156, 0.5138057958913426, -0.22548170084956512, -0.19497544606878597] - [-0.02591182827744852, 0.018537017850581365, -0.05027598359505318, 0.056993029542341776]
B1: -5.363373527999652e-05 - 2.268581652242605e-06 - 0.00021821677086318562 - 0.00023004389943572653
B2: -3.007813676402916e-05 - -0.00017474827530010995 - 9.162150283513365e-05 - 0.0001789964290167564
