Number: 7936
Error: 8.829406192176745e-16
A1: [0.08043170976454923, -0.18046778567343605, -0.019588831923368116, 0.11962499681526523] - [0.03741558189550621, 0.13359638807527452, -0.1347261843002928, -0.03628582319669275] - [-0.00170281462631041, 0.2281901208931523, -0.12282837826514403, -0.10365890583914952] - [0.03886324849243382, -0.11448100452858646, -0.04641642734142928, 0.12203424200750301]
A2: [0.03530758127043176, -0.029273337205558414, -0.07569721854348942, 0.06966355239502801] - [0.10289376919532445, 0.2828967199469897, -0.392606378334571, 0.006816015401834931] - [-0.011187158357628077, 0.5390145319723457, -0.35945107073829563, -0.1683765260680739] - [0.09786283877182586, 0.017463356038524204, -0.16885097304244387, 0.05352491970256095]
B1: 3.571581345201367e-08 - 2.3459895555234464e-08 - -2.5882937293814773e-08 - 3.4587408154909846e-09
B2: 1.0736879820932636e-08 - 9.446937536195293e-09 - 1.5958263458908747e-08 - 7.905820388034016e-09
