Number: 3838
Error: 9.80373929699755e-16
A1: [0.06621314056298755, -0.11395211990928678, -0.023983991366630018, 0.07172282709986677] - [0.03740258158628798, 0.18819334025505832, -0.14740897680413742, -0.07818704020544062] - [-0.06022927592344802, 0.32895089175456244, -0.12775301632953215, -0.14096822935738065] - [0.03904608267643853, -0.05332275864100908, -0.03741866436648035, 0.051695047044902936]
A2: [-0.009108587568031266, -0.34680319796731035, 0.24945507844956527, 0.10645666753737665] - [0.08003979478547943, 0.03628222359733366, -0.05025014612071872, -0.06607199364341493] - [-0.04245281548750421, 0.2308318954700547, -0.04053124129013346, -0.14784783458163833] - [0.06813474668488036, -0.2934678875509472, 0.14177120587441525, 0.08356182447078289]
B1: 2.6780678961102193e-09 - -7.310006230968227e-09 - -1.874779487024791e-09 - -1.2984880622266058e-08
B2: -2.0783410690678216e-08 - -2.1062669105556013e-08 - 2.063262591017176e-08 - -6.152571135479126e-09
