Number: 1374
Error: 5.133985511104645e-10
A1: [-0.007278871188494801, -0.01508591144042235, 0.002902218405488493, 0.019360979129384896] - [0.06685100178324385, 0.18990776886957755, -0.1467100666729638, -0.1098353335166643] - [-0.11267357132200785, 0.44169885654660535, -0.070881395604671, -0.2581953449503072] - [-0.023726642637077567, 0.014993051941175175, -0.030299437547587096, 0.038534383008166806]
A2: [0.131572674942112, -0.2246417961740631, 0.02265339902303829, 0.07014733516039616] - [0.032567178484440976, 0.2036714421440498, -0.11496704566343612, -0.12153481266814467] - [-0.09482393675628747, 0.5553418715749164, -0.23540004356829866, -0.22583293849756417] - [-0.02089752168094855, -0.019345021076249972, 0.008048467552877544, 0.032114265451905745]
B1: 3.141500322434066e-05 - -8.340390916583112e-06 - 7.164771291825917e-06 - 3.185822698529845e-05
B2: 7.658091041297987e-05 - -4.267271117427564e-05 - 6.2511577725639055e-06 - 1.7565870056742776e-05
