Number: 3673
Error: 1.9757269400102658e-14
A1: [0.06621419095672904, -0.11395109298711682, -0.023982941796460752, 0.07172387573072118] - [0.03740210048840801, 0.18819288059782535, -0.14740944976080705, -0.07818751320336327] - [-0.06022935996790944, 0.3289508110343073, -0.12775309857044975, -0.14096831115586694] - [0.03904531652460346, -0.05332348584548189, -0.03741940559330685, 0.051694311837779915]
A2: [-0.009107268840785915, -0.3468017990052673, 0.2494564078454962, 0.10645805014825599] - [0.08003910506574759, 0.03628148057218656, -0.050250899945225434, -0.06607275386745445] - [-0.04245252163529085, 0.23083221978398133, -0.040530926386058104, -0.14784750959182155] - [0.06813602226717023, -0.2934664830797741, 0.14177258872899534, 0.0835632546329622]
B1: -2.992198253294729e-09 - -1.232317224698185e-07 - 4.1817638587969387e-07 - 1.4095085060024658e-07
B2: 2.4325149736854635e-07 - -2.0022910395375226e-07 - 1.0109154887524766e-07 - 3.1770913582629836e-07
