Number: 4538
Error: 8.666230320516525e-16
A1: [0.06621310635146979, -0.11395215335632837, -0.0239840255513145, 0.0717227929457359] - [0.03740252946451654, 0.18819329045622774, -0.14740902804382455, -0.07818709144969212] - [-0.06022948443552078, 0.32895069149020817, -0.12775322036712797, -0.14096843229739167] - [0.03904612446407898, -0.053322718977730554, -0.037418623938329544, 0.05169508714477283]
A2: [-0.009108568069401754, -0.34680317728229965, 0.24945509810585065, 0.10645668798060062] - [0.08003986332470382, 0.03628229743373692, -0.0502500712112178, -0.06607191809783515] - [-0.042452758947946485, 0.23083195787056443, -0.04053118070003815, -0.14784777205101907] - [0.06813482752100965, -0.29346779854691, 0.1417712935083306, 0.08356191510295832]
B1: 4.8765552779304376e-11 - -8.845191641360077e-09 - -1.6071329194848284e-08 - -1.6128007731451837e-08
B2: -3.045285834703942e-08 - -2.4261151957897923e-08 - 5.214016920338994e-08 - -5.393812749357452e-08
