Number: 739
Error: 1.6527824987044594e-14
A1: [-0.012153596244882669, -0.014517377992788832, 0.01808705967542056, 0.008582881047893781] - [0.06583502427417363, 0.1894950577835068, -0.14532278856741312, -0.11000879584495406] - [-0.09629407910386625, 0.42178511852587347, -0.05345842387625015, -0.27203690517749113] - [-0.0013208694983546385, -0.01821863826391857, -0.00383443931784747, 0.02337747262893327]
A2: [0.16158685848996654, -0.16775463817957756, 0.00850146879428913, -0.0023329352717211555] - [0.0354858570377352, 0.2075168531397863, -0.11721029126351691, -0.12579189894192672] - [-0.08621336872299838, 0.5815382941259316, -0.23538855542092058, -0.25993539658573295] - [-0.00383482523552664, -0.004519150105658, 0.0011103974871630256, 0.007243528682995507]
B1: 1.8747665490125215e-08 - -3.685743203813328e-08 - 9.664890614400293e-08 - -8.356623918973446e-08
B2: 2.4114198865043693e-07 - 2.2466645349999488e-08 - 6.494136587690981e-08 - -1.6661996876021478e-07
