Number: 4150
Error: 1.0142637870835906e-15
A1: [0.0662131649833095, -0.11395209603468422, -0.023983966965467236, 0.07172285147920869] - [0.03740260324748179, 0.1881933609508614, -0.14740895550951338, -0.07818701890893823] - [-0.06022938016909966, 0.3289507916323892, -0.1277531183381431, -0.14096833081731752] - [0.039046099215313705, -0.05332274294294464, -0.037418648365680575, 0.05169506291576921]
A2: [-0.009108655575203158, -0.34680327011228956, 0.2494550098921293, 0.1064565962355916] - [0.08003983649596604, 0.03628226853148583, -0.0502501005335208, -0.06607194766912432] - [-0.04245280500876414, 0.23083190703502107, -0.04053123006071961, -0.14784782299257418] - [0.06813477027959097, -0.29346786157213206, 0.14177123145333892, 0.08356185092482565]
B1: 1.2347626439469895e-08 - -8.566548392817731e-09 - 5.156668469537181e-09 - -2.1918624234617057e-11
B2: 1.5430669953834152e-08 - 1.8907327950152512e-08 - -1.588960697610822e-08 - -1.2379494612142312e-08
