Number: 5169
Error: 1.1765819167491807e-15
A1: [0.06621316010069729, -0.1139521008081999, -0.023983971844274136, 0.07172284660475182] - [0.037402498925906615, 0.18819326127867597, -0.14740905806559756, -0.0781871214741155] - [-0.06022938520372828, 0.32895078679673917, -0.12775312326476929, -0.14096833571720138] - [0.039046099585208306, -0.05332274259179469, -0.03741864800776957, 0.051695063270705346]
A2: [-0.00910857616817768, -0.3468031858737453, 0.24945508994139448, 0.10645667948961375] - [0.0800398532121604, 0.03628228653963521, -0.05025008226356481, -0.06607192924411402] - [-0.04245276813966578, 0.23083194772588392, -0.04053119055032938, -0.14784778221685177] - [0.06813482458779037, -0.2934678017766537, 0.14177129032819932, 0.0835619118141502]
B1: 9.599877236087029e-09 - -4.90456351826926e-09 - -6.756734482704509e-10 - -2.9741786515881112e-09
B2: -4.524192869212052e-08 - 1.1447826550301833e-08 - 4.389214369616592e-08 - -3.0484553515392104e-08
