Number: 8284
Error: 9.653172084731926e-16
A1: [0.08043170076122894, -0.1804677946757495, -0.019588840915974046, 0.11962498781294215] - [0.037415622301521984, 0.1335964284507535, -0.1347261439746792, -0.036285782812987354] - [-0.0017028011675174972, 0.22819013435165064, -0.12282836482606774, -0.10365889238395821] - [0.03886325056765221, -0.11448100245918717, -0.046416425267554136, 0.12203424408142254]
A2: [0.035307451238617366, -0.029273467596970342, -0.07569734217624843, 0.06966341630281334] - [0.1028937944295744, 0.2828967453954011, -0.39260635392829546, 0.006816041825729696] - [-0.011187151179105235, 0.5390145391936451, -0.35945106394369986, -0.1683765185037929] - [0.0978627155613819, 0.017463232267635465, -0.16885109033101708, 0.0535247903719294]
B1: 1.2889988204513264e-08 - 1.7984406464219505e-08 - -5.941339132823609e-09 - -2.850975719859812e-08
B2: -5.429601453847122e-09 - 4.548250876843381e-09 - 9.09949950224002e-09 - -6.5334438740643265e-09
