Number: 4650
Error: 1.0583344092730986e-15
A1: [0.06621322364013642, -0.11395203868865932, -0.023983908354702894, 0.071722910037559] - [0.03740260437304873, 0.18819336202626286, -0.14740895440299842, -0.07818701780233835] - [-0.06022944175776855, 0.3289507324797939, -0.12775317860524366, -0.1409683907600931] - [0.03904587880907308, -0.053322952144318585, -0.03741886160141117, 0.05169485141142422]
A2: [-0.009108751325822104, -0.34680337168852393, 0.24945491336665107, 0.10645649584636516] - [0.08003976402800089, 0.036282190462783685, -0.050250179736793577, -0.06607202754494836] - [-0.042452937085748085, 0.2308317612668791, -0.04053137159936461, -0.1478479690644633] - [0.06813461294438711, -0.29346803480483347, 0.14177106088674424, 0.08356167452328922]
B1: 2.324415730481188e-08 - 1.1382901688661468e-08 - -4.807965728684207e-09 - -1.1476209998062664e-08
B2: 2.4939414306692246e-08 - -7.855999415781811e-09 - 7.830251364691416e-08 - -8.07807222319864e-08
