Number: 5359
Error: 9.13091103824784e-16
A1: [0.06621313270707549, -0.11395212758963194, -0.023983999216361098, 0.07172281925713099] - [0.03740254850470141, 0.1881933086479537, -0.14740900932576848, -0.07818707272997771] - [-0.06022927202546225, 0.32895089549837425, -0.12775301251512852, -0.14096822556318844] - [0.03904598828718233, -0.053322848231763864, -0.037418755684896346, 0.051694956467841675]
A2: [-0.009108578306697198, -0.34680318814229816, 0.24945508778541178, 0.10645667724747117] - [0.08003984493037501, 0.03628227761780135, -0.05025009131504831, -0.06607193837245501] - [-0.042452817159920345, 0.2308318936242675, -0.040531243082261935, -0.14784783643121238] - [0.06813475898241556, -0.29346787401078095, 0.14177121920582234, 0.08356183825872972]
B1: 4.0948452826364135e-09 - 5.892117714864818e-09 - -2.4877408626933368e-08 - -2.2927789114112207e-08
B2: 1.9999576769754536e-08 - 2.8963658245047952e-08 - -5.5397257498456306e-08 - -7.207137013265496e-10
