Number: 4669
Error: 1.5533051738856272e-15
A1: [0.06621315664515376, -0.11395210418652593, -0.023983975297105848, 0.07172284315501064] - [0.03740255652488064, 0.18819331631058128, -0.14740900144141755, -0.07818706484491991] - [-0.06022949806989469, 0.3289506783950578, -0.1277532337089858, -0.1409684455674533] - [0.03904621187461157, -0.05332263601091557, -0.03741853937153297, 0.051695171024900156]
A2: [-0.0091085777690368, -0.3468031875721074, 0.24945508832764793, 0.10645667781099417] - [0.08003972071069974, 0.036282143797660975, -0.05025022708011104, -0.0660720752902695] - [-0.04245280196645151, 0.23083191039270554, -0.04053122680034073, -0.1478478196278446] - [0.06813488310794284, -0.2934677373434056, 0.1417713537697393, 0.0835619774260296]
B1: -6.046048401003732e-09 - -3.699368516180969e-08 - 3.907180154805191e-09 - 3.931558833278006e-08
B2: 1.1912013825514666e-08 - 9.018885348352528e-09 - -6.611983385652819e-08 - 1.5676327208580754e-08
