Number: 1309
Error: 1.5814785659919998e-08
A1: [-0.00779051358966681, -0.015602164338054336, 0.002370984527466021, 0.018835366534081317] - [0.06655638113721582, 0.18962423646569582, -0.1470147083288492, -0.11016308875944825] - [-0.11308486208361453, 0.4412962070146688, -0.07130917812376424, -0.25864077872967045] - [-0.024155661907478265, 0.014571811643745344, -0.03073623494024892, 0.03808141419519889]
A2: [0.1315506162081218, -0.22466388647598823, 0.022632109375317882, 0.07012596544049739] - [0.03243436506019796, 0.20354069994750942, -0.11509942376138796, -0.12166476352963285] - [-0.0940018925671716, 0.55615136295146, -0.2345919056108422, -0.22502475878144232] - [-0.021051770223187282, -0.01949766411019066, 0.007895909266031885, 0.031966121081623944]
B1: -0.00016350647198935312 - 0.00013335929261543372 - 4.238184536723895e-05 - -0.00013744166290138103
B2: 0.00011652496622999393 - -8.858717504709316e-05 - 8.893596359961738e-05 - 0.00010427768818845424
