Number: 7678
Error: 6.739810316090419e-16
A1: [0.08043168803315465, -0.18046780740236434, -0.019588853628765144, 0.11962497508635929] - [0.03741559904439016, 0.13359640521117697, -0.13472616718560818, -0.03628580605731786] - [-0.0017028284504428618, 0.2281901070693162, -0.12282839206903465, -0.10365891965959212] - [0.03886323774356625, -0.11448101524728495, -0.04641643808344014, 0.12203423126532055]
A2: [0.03530747859873986, -0.02927344016121697, -0.07569731616260586, 0.06966344493815475] - [0.10289366408093574, 0.2828966139404976, -0.392606479999899, 0.006815905331806671] - [-0.011187107236704111, 0.5390145833981886, -0.3594510223511531, -0.16837647220025084] - [0.09786277464000698, 0.017463291615007717, -0.16885103409185984, 0.05352485238511813]
B1: -5.2480831102157396e-08 - -4.735628412240433e-08 - 3.335516245613421e-08 - 4.510855513440494e-09
B2: -1.1463543598374469e-08 - -2.3770517071499874e-08 - -9.152118872590311e-09 - -1.2556735782751252e-08
