Number: 6388
Error: 1.5311928170772804e-15
A1: [0.08043169665495377, -0.18046779878153443, -0.019588845017282024, 0.11962498370716992] - [0.03741558178730389, 0.1335963879671543, -0.13472618440832568, -0.03628582330485053] - [-0.0017028000024912975, 0.22819013551666548, -0.12282836366274184, -0.10365889121923944] - [0.03886322945124996, -0.11448102351632221, -0.04641644637047715, 0.12203422297815683]
A2: [0.035307466941174426, -0.029273451851033364, -0.07569732724651182, 0.06966343273729803] - [0.10289374898433132, 0.28289669956445623, -0.39260639788241414, 0.006815994237999392] - [-0.011187061535717314, 0.5390146293717728, -0.3594509790942044, -0.16837642404349537] - [0.09786281862268188, 0.01746333579773888, -0.16885099222318325, 0.05352489855258704]
B1: -2.1340346079172415e-09 - 6.332421715938394e-09 - -4.1722899250562345e-09 - 5.710985982743519e-09
B2: 3.623885332382754e-09 - 1.3260086233652821e-08 - -5.036494108664604e-09 - 1.364114559558512e-09
