Number: 8672
Error: 5.774219042055304e-15
A1: [0.08043163335806179, -0.18046786207124335, -0.01958890823850472, 0.11962492041751974] - [0.03741555928067172, 0.133596365477606, -0.1347262068698803, -0.036285845798898035] - [-0.001702848675875992, 0.22819008684430905, -0.12282841226486643, -0.10365893987961895] - [0.03886318092444575, -0.11448107190688017, -0.04641649486634323, 0.12203417448156356]
A2: [0.035307438458595006, -0.029273480412380024, -0.07569735432736753, 0.06966340292710652] - [0.10289373282568783, 0.28289668326871076, -0.3926064135108158, 0.0068159773175349965] - [-0.011187090798846161, 0.5390145999340493, -0.3594510067923603, -0.16837645487911235] - [0.09786279923493632, 0.017463316321760274, -0.16885101067906622, 0.05352487820172988]
B1: -3.6104289716749056e-08 - 4.760728194551434e-08 - -1.19373981473591e-08 - -3.020274001537238e-08
B2: -6.739266060529203e-08 - -9.204712897241005e-08 - -9.703224215033466e-08 - -6.334129096300463e-08
