Number: 8033
Error: 1.057168146875299e-15
A1: [0.08043177589627648, -0.1804677195491933, -0.01958876587070926, 0.11962506293944232] - [0.0374154871405766, 0.13359629339206228, -0.13472627886641447, -0.0362859178991293] - [-0.0017027995091729391, 0.22819013600996915, -0.12282836317013947, -0.10365889072604571] - [0.03886330701491719, -0.11448094617033208, -0.046416368856230975, 0.12203430049361752]
A2: [0.03530745202502215, -0.029273466808431726, -0.0756973414285533, 0.0696634171258716] - [0.10289378496690013, 0.2828967358524127, -0.3926063630804957, 0.006816031916956173] - [-0.011187153978284651, 0.5390145363777962, -0.3594510665931555, -0.16837652145340667] - [0.09786280728068987, 0.017463324404139464, -0.16885100302000725, 0.053524886647161735]
B1: 1.8148794022424572e-08 - -6.3245172708563404e-09 - -1.2870498079269168e-08 - -4.382022157632442e-09
B2: 2.8077625902396362e-08 - -5.201522143776405e-08 - 3.2211244798344884e-10 - 1.8862689826667706e-08
