Number: 5592
Error: 4.628426193168558e-08
A1: [0.06638971576223897, -0.11377947903882485, -0.02380750056639769, 0.07189912121159871] - [0.037597541500618024, 0.18837962420401755, -0.14721727741510454, -0.07799535132092349] - [-0.05988343576487905, 0.32928308885427904, -0.1274144481343131, -0.1406315651050358] - [0.039292009984633704, -0.053089311273079774, -0.03718062683220782, 0.051931093592654756]
A2: [-0.009339377992238978, -0.34704804446940174, 0.2492225693666506, 0.10621479413989453] - [0.0800946904433909, 0.03634136394068302, -0.050190161740193785, -0.06601148896115891] - [-0.04206854825744756, 0.23125602443462856, -0.040119498424191095, -0.1474228722357854] - [0.0684678910696053, -0.29310106732574054, 0.142132318678751, 0.08393531709537282]
B1: -6.68748501760023e-05 - -4.9684045920443535e-06 - 0.00019900737949812353 - 0.00020534443880493606
B2: -0.00011664125020105148 - -9.793149609032371e-05 - -0.00011010082638261238 - -9.044266591610835e-05
