Number: 8226
Error: 7.574414672396163e-16
A1: [0.08043166189486306, -0.180467833537722, -0.01958887973586808, 0.11962494895100892] - [0.03741558958962395, 0.13359639576361862, -0.13472617662140493, -0.0362858155067652] - [-0.0017028231128117545, 0.2281901124068271, -0.1228283867392329, -0.10365891432339532] - [0.0388632080482718, -0.11448104485925215, -0.04641646775984069, 0.12203420158846211]
A2: [0.03530748834734359, -0.029273430385607938, -0.07569730689367558, 0.06966345514105392] - [0.10289372089174753, 0.282896671233465, -0.3926064250531933, 0.006815964820985039] - [-0.011187125039834094, 0.5390145654888294, -0.35945103920224997, -0.16837649095999088] - [0.09786279986458093, 0.01746331695428124, -0.1688510100796784, 0.053524878862672036]
B1: 1.4682829575304032e-08 - 3.622609879902519e-09 - -8.875489119931316e-09 - -1.417293388267537e-09
B2: -6.107539545324334e-09 - 9.31342957218812e-09 - 8.4005645523598e-09 - -5.061419647860346e-09
