Number: 5854
Error: 6.612515267075908e-07
A1: [0.08239140292464683, -0.17851497079533624, -0.017627486986917722, 0.12158633029140242] - [0.04171922271513025, 0.13789285192735526, -0.13043134677731988, -0.03198469457313055] - [-0.001547855950442736, 0.22834187505063896, -0.12266986724888922, -0.10350214622300699] - [0.038514559221925516, -0.11483451067458544, -0.04675720210174301, 0.12168967203255107]
A2: [0.033726317308837836, -0.03086482131534832, -0.07719667055819422, 0.06801571533047358] - [0.10372505697086146, 0.28372135264048576, -0.3918076339532385, 0.00769249568953509] - [-0.013755567376847496, 0.5364292089260424, -0.3618736223721828, -0.17107639964474577] - [0.09584731016703042, 0.015435200310745488, -0.17076412787410564, 0.05141506830116431]
B1: 3.86779013678639e-05 - 0.0029882310666170266 - -0.000964468447282774 - -0.0003548307164805183
B2: 0.0001633778599398809 - -0.00046932493337000175 - -0.0003026094502333825 - 2.1528870072481254e-05
