Number: 8098
Error: 1.3334872578219337e-15
A1: [0.08043169605010794, -0.18046779938632146, -0.01958884562141803, 0.11962498310238905] - [0.03741556202518487, 0.13359636822000065, -0.13472620413099634, -0.03628584305599364] - [-0.0017028158057372982, 0.22819011971375094, -0.1228283794428466, -0.10365890701826236] - [0.03886322387705706, -0.11448102907487712, -0.04641645194112141, 0.12203421740742788]
A2: [0.035307545799473206, -0.02927337277463539, -0.07569725226885084, 0.06966351527084154] - [0.10289374067468528, 0.2828966911842972, -0.3926064059193766, 0.006815985536584388] - [-0.011187175185546124, 0.5390145150440552, -0.3594510866663301, -0.16837654380018927] - [0.09786283028755963, 0.01746334751565342, -0.16885098111892197, 0.0535249107968448]
B1: 5.587761638880495e-08 - 3.1393252640597066e-09 - -2.6213002369941003e-08 - -1.2846114367184651e-08
B2: 1.6511384059649713e-08 - -9.856737223574647e-09 - 4.889454027035653e-09 - 9.226146460776012e-09
