Number: 1568
Error: 3.816694751249628e-08
A1: [-0.008579144728833627, -0.016397821701056792, 0.0015502835624924753, 0.01802495326757845] - [0.06699599064649041, 0.1900471966705761, -0.14656017328716292, -0.10967405964821005] - [-0.11252069036511765, 0.44184838517097597, -0.07072242943679925, -0.25802974410131985] - [-0.024172540773184478, 0.014554284812705957, -0.030755178326614136, 0.03806372000080884]
A2: [0.1316188334075574, -0.22459730557460345, 0.022698205134678465, 0.07019182888414403] - [0.03266391404640979, 0.20376649235907177, -0.11487059607523718, -0.12144020997395771] - [-0.09485814801707135, 0.5553074506562988, -0.23543395993185134, -0.2258667497517407] - [-0.020862034159659454, -0.019310927250891605, 0.008082468193621632, 0.03214716658862973]
B1: 0.00016152117324258724 - -9.060861687973306e-06 - 0.0001386920991243807 - 0.00014128000267056774
B2: 0.0002715959184477945 - -0.0002957064641847866 - -5.2364006955525744e-05 - 0.000491611154681328
