Number: 7842
Error: 8.710650041762299e-16
A1: [0.08043164154649565, -0.18046785388376063, -0.019588900059842942, 0.11962492860500769] - [0.0374155462232403, 0.133596352430005, -0.1347262199015111, -0.0362858588492094] - [-0.0017028395566065036, 0.2281900959633876, -0.12282840315893788, -0.10365893076279233] - [0.03886317582400643, -0.11448107699307956, -0.04641649996354873, 0.12203416938424125]
A2: [0.03530728068526986, -0.029273638622062666, -0.07569750433642591, 0.06966323780047062] - [0.10289373259628731, 0.28289668303734816, -0.39260641373270716, 0.0068159770773386094] - [-0.011187053332816853, 0.5390146376235818, -0.359450971329883, -0.16837641539991777] - [0.09786277189230512, 0.017463288854812443, -0.16885103670749863, 0.05352484950093227]
B1: 2.1149232756533427e-08 - 1.956736529681202e-09 - 2.82071151593119e-08 - 2.0297840819523887e-08
B2: -6.002438478793575e-10 - 6.016991342205528e-08 - 1.5653566644179829e-09 - 2.73395719160561e-09
