Number: 1892
Error: 1.5190979252637766e-06
A1: [-0.015623750926994185, -0.023450533297200732, -0.005727442711703427, 0.010804017489140632] - [0.06896054752110707, 0.19194289349429164, -0.14452330871906743, -0.107487878355416] - [-0.1124909941763197, 0.44186014858917544, -0.0707576439409953, -0.25801563729519456] - [-0.027779120722917723, 0.011034956547172788, -0.03450947768651384, 0.03425834966707645]
A2: [0.13048288340522562, -0.2257944872535816, 0.02149429444417157, 0.06902532196511726] - [0.0324857174754034, 0.20360340622670747, -0.11504077557836197, -0.12159996534915635] - [-0.09473100134888367, 0.5554116528835765, -0.23529897884224776, -0.2256763884595673] - [-0.020593370298372483, -0.019104960075532057, 0.00827554211449942, 0.0323566187592538]
B1: 0.0013787715756962385 - 0.0010785317295241366 - 0.0007919106013345922 - -1.5652528158405146e-05
B2: -3.946154057127846e-06 - 0.00021771912676851854 - -0.001526186909311908 - -0.00021150297225714016
