Number: 5721
Error: 0.032279429817814974
A1: [-0.3875735518830101, -0.6246475976332989, -0.49341862979211387, -0.34785789015340607] - [-0.49020465446578154, -0.38731543856850564, -0.6761628558505353, -0.5686717552089267] - [-0.3110822153220216, -0.02605264379565173, -0.4263989381850134, -0.40427372870015166] - [-0.3806078814005727, -0.4735248332126211, -0.45162050708622037, -0.2846015199485818]
A2: [-0.6053091039407207, -0.6514437819803287, -0.5455042332891851, -0.8307062542947427] - [-0.3580313596260756, -0.1648414864218709, -0.6802069950854752, -0.7313116556810435] - [-0.669689185298799, -0.10262316385798001, -0.8489503328812742, -1.1089744376714339] - [-0.5266969345858384, -0.5893685125118, -0.620351314057793, -0.8458929131458218]
B1: -0.5121073116676969 - -0.6973218149699701 - -0.5471343108563249 - -0.5504676611901894
B2: -0.4728136373981199 - -0.41556970545236305 - -0.5956758063385693 - -0.4271611130744063
