Number: 7220
Error: 1.0627666091230972e-15
A1: [0.08043171589878806, -0.1804677795398811, -0.019588825796457997, 0.11962500294880524] - [0.037415622552639013, 0.13359642870163696, -0.1347261437242151, -0.03628578256209771] - [-0.0017028423774731868, 0.2281900931425926, -0.12282840597566794, -0.1036589335829053] - [0.03886327167367647, -0.11448098141239088, -0.04641640417496287, 0.12203426517433692]
A2: [0.03530738544635556, -0.029273533571253656, -0.07569740473075441, 0.06966334744413231] - [0.102893745819028, 0.2828966963722931, -0.3926064009438479, 0.006815990923469883] - [-0.011186960546373444, 0.5390147309634535, -0.35945088350552096, -0.16837631762758862] - [0.0978628440170034, 0.017463361307566986, -0.1688509680494152, 0.05352492520833362]
B1: -4.481099844871869e-08 - 4.199362097460971e-08 - 1.3559999413342624e-08 - -1.8906964540142293e-08
B2: 4.0154757853009585e-09 - 1.321326304722827e-09 - -3.765678758020721e-08 - 9.309391958986195e-09
