Number: 1582
Error: 8.66411316493282e-09
A1: [-0.007832123140081476, -0.015643594522981464, 0.0023273793876703885, 0.018792089467766764] - [0.06617210219579678, 0.18925442447975707, -0.14741181734823805, -0.11059061709088232] - [-0.11296345910609681, 0.4414143429873429, -0.07118303580732159, -0.25850935927241425] - [-0.024418925605642405, 0.014311114303864435, -0.031007077128762394, 0.03780352608487457]
A2: [0.13150643905727744, -0.22470792255614983, 0.022587313241441604, 0.0700802979429852] - [0.03263770690047442, 0.20374076040130096, -0.11489655354987519, -0.1214656745868058] - [-0.0946051648516207, 0.5555575235989124, -0.23518531575628152, -0.22561848147892818] - [-0.020754495617324682, -0.019205378774112245, 0.008188692055356434, 0.03224884531093974]
B1: 9.164391998076239e-05 - -1.960951382114326e-06 - -9.439557800003804e-05 - 0.00010391151656275804
B2: 0.00034159752468065246 - -0.00014910086988167 - -0.0003276405267039697 - 0.0002041480297874269
