Number: 6138
Error: 8.586752691945188e-16
A1: [0.08043160464435634, -0.18046789078171263, -0.019588936917861184, 0.11962489170708206] - [0.03741552779028746, 0.13359633401100354, -0.1347262382977526, -0.03628587727195433] - [-0.001702903304017415, 0.22819003221735298, -0.12282846681301812, -0.10365899449319543] - [0.03886304160571737, -0.11448121083468284, -0.046416634096313, 0.12203403524937285]
A2: [0.03530740731640093, -0.029273511640724104, -0.07569738393694951, 0.06966337033347308] - [0.1028938409393135, 0.282896792299876, -0.39260630894478765, 0.006816090528344411] - [-0.011187120260761733, 0.5390145702964574, -0.3594510346787072, -0.16837648592416826] - [0.09786280010428215, 0.017463317195103592, -0.1688510098514912, 0.05352487911428637]
B1: -3.9202633539184926e-08 - 4.5434681621421695e-08 - -5.610569698249793e-08 - -5.530941778469787e-09
B2: 7.433810401702881e-08 - 7.79101359423494e-08 - -1.9574834326677203e-07 - -1.6726371416655933e-08
