Number: 7046
Error: 1.017664107119064e-15
A1: [0.08043169541612404, -0.1804678000202237, -0.019588846254628058, 0.11962498246848215] - [0.037415597887544276, 0.13359640405521012, -0.13472616834016335, -0.03628580721352885] - [-0.0017028129590742852, 0.22819012256035517, -0.12282837660035491, -0.10365890417236492] - [0.03886323639254285, -0.11448101659450662, -0.04641643943360691, 0.12203422991513553]
A2: [0.03530738517407079, -0.02927353384429159, -0.07569740498962106, 0.06966334715914728] - [0.1028937792673249, 0.28289673010446764, -0.3926063685930945, 0.006816025948720188] - [-0.011187068654373156, 0.5390146222106418, -0.3594509858321386, -0.16837643154471485] - [0.09786279305558515, 0.01746331011434496, -0.16885101656139737, 0.05352487171545092]
B1: -1.4178204006920178e-08 - 8.419030296473586e-09 - 1.0941645857172495e-08 - -2.375143681355606e-09
B2: 1.0767869891382778e-09 - -1.5907123437098247e-10 - 7.357179489215326e-09 - -2.332904778354493e-09
