Number: 225
Error: 6.951828035213128e-07
A1: [-0.008307830769865578, -0.010589428756116383, 0.02232776942886544, 0.012692219244375809] - [0.06910183790074882, 0.19263400705242978, -0.14194477867561883, -0.10637023473448622] - [-0.09557614458144614, 0.42249881499953784, -0.0526664916137328, -0.2711894748912536] - [-0.005583728685920953, -0.02233428376374293, -0.008383926674513355, 0.018420783725287434]
A2: [0.16241138122710821, -0.16693818120045728, 0.009337731781473985, -0.0015507604054413944] - [0.04008652740290812, 0.21204872559209687, -0.11262477645651323, -0.12129275619062066] - [-0.08677171249514963, 0.5809828604689715, -0.23593855738020925, -0.2605060026161306] - [-0.0046654663108484755, -0.00533505669009841, 0.0002912745846906285, 0.006441736738970301]
B1: -0.0004222782717503046 - 0.0005129251466738214 - -0.00039921971905994974 - -0.0003853074174241842
B2: -0.003210111931119897 - -0.0003104267741401122 - 0.002847429020216231 - -6.927185222878199e-05
