Number: 7197
Error: 9.592331912714925e-16
A1: [0.08043170477975335, -0.18046779065765625, -0.019588836902197967, 0.11962499183104032] - [0.03741560924870719, 0.1335964154077745, -0.1347261570016391, -0.03628579585866016] - [-0.0017028290375339496, 0.22819010648224733, -0.1228283926552592, -0.10365892024652563] - [0.03886325585153158, -0.11448099719013247, -0.046416419987026204, 0.12203424936202553]
A2: [0.03530736744702903, -0.029273551620363523, -0.07569742184428982, 0.06966332860589099] - [0.10289376804912474, 0.282896718791058, -0.3926063794431863, 0.0068160142016242715] - [-0.011187099073039223, 0.5390145916105417, -0.3594510146240645, -0.16837646359792535] - [0.09786277359157693, 0.01746329056180178, -0.1688510350898818, 0.053524851284585256]
B1: -9.709827004226857e-09 - -5.515018459403092e-09 - 2.112628720136803e-08 - 7.018018715395153e-09
B2: 8.933914535900375e-09 - 8.277233363151271e-09 - -1.0871669534838753e-08 - 1.1821783528103237e-08
