Number: 7081
Error: 1.1000520911129315e-15
A1: [0.08043169625960861, -0.1804677991768346, -0.01958884541215213, 0.11962498331187033] - [0.03741559846891248, 0.13359640463613856, -0.13472616775995336, -0.036285806632482605] - [-0.001702798506818801, 0.228190137012302, -0.12282836216926034, -0.10365888972396661] - [0.03886324064604314, -0.11448101235294342, -0.046416435182817024, 0.12203423416599218]
A2: [0.03530753449591483, -0.02927338410944584, -0.0756972630162919, 0.06966350344062738] - [0.10289368201127816, 0.2828966320230018, -0.3926064626578805, 0.006815924107440667] - [-0.011187118212085692, 0.5390145723573398, -0.3594510327395986, -0.16837648376539915] - [0.09786284763588864, 0.01746336494291427, -0.1688509646044726, 0.053524929006991594]
B1: 2.827916368614246e-09 - 3.1403469789066926e-09 - -4.926272214958657e-09 - 1.342442219436703e-09
B2: -1.95306702002665e-09 - -2.0517560244948267e-09 - 3.2260494634063315e-09 - -3.680404217360633e-09
