Number: 1234
Error: 1.8002499704310584e-07
A1: [-0.007968030290471622, -0.01577957655043905, 0.0021891572636044765, 0.01865246145530159] - [0.0664805085900013, 0.1895517376361098, -0.14709336315643096, -0.11024742361021224] - [-0.11295462009353355, 0.44142525776364455, -0.07116728920838035, -0.2585004027750725] - [-0.023835115973110048, 0.014888898602880696, -0.030403814256117583, 0.03841715343547022]
A2: [0.1320207947868995, -0.2241993297009909, 0.023093481208221345, 0.07058551559204929] - [0.033417152591921025, 0.2045081947049543, -0.11412061969439667, -0.12070365985030009] - [-0.09330457190439498, 0.55684234757971, -0.23390862990346314, -0.22433897824779028] - [-0.020350972669309835, -0.01880640395782573, 0.008590615094497924, 0.03264175750593051]
B1: 0.0001870565132753539 - 0.0011571388716293167 - 0.00033942814777600906 - -6.4014766913887905e-06
B2: -5.116386983063212e-06 - -7.46898124302411e-05 - 8.049705513486172e-05 - 0.0003076075465651817
