Number: 1529
Error: 1.3721181498844688e-08
A1: [-0.006753698391285442, -0.014556139136828107, 0.003447689695762663, 0.019900027110176004] - [0.066756313734105, 0.18981662221948464, -0.1468079706204185, -0.10994074007635213] - [-0.11194298312636244, 0.442414758917218, -0.07012024733368218, -0.2574040813888085] - [-0.022953541269280217, 0.015752544283875684, -0.029510145421561315, 0.03935082332296577]
A2: [0.13158005277113596, -0.22463451637309267, 0.022660405952896152, 0.07015473012479365] - [0.03269584196201135, 0.20379792872902316, -0.11483885421472154, -0.12140905465938753] - [-0.09463650933017645, 0.5555260460510046, -0.23521640128399804, -0.2256494722599942] - [-0.020973110299202756, -0.019419541291538774, 0.007972945383312108, 0.032041634357446516]
B1: -1.197546535990017e-06 - -0.0001601163404750008 - -9.057736889677277e-07 - -3.5267763231540176e-05
B2: -8.457573572438546e-05 - -3.9286127773701914e-05 - -0.00012408026710043077 - -0.00013318674222922972
