Number: 7784
Error: 9.84034063784296e-16
A1: [0.08043170285214417, -0.1804677925850535, -0.019588838827494903, 0.11962498990365605] - [0.037415579581886405, 0.1335963857634013, -0.1347261866093332, -0.036285825509042746] - [-0.0017027909768237302, 0.2281901445421365, -0.12282835465028186, -0.1036588821959734] - [0.03886324152918537, -0.11448101147229113, -0.046416434300234656, 0.12203423504858561]
A2: [0.03530739805895507, -0.029273520923752554, -0.0756973927388782, 0.06966336064461258] - [0.10289371123172797, 0.28289666149146725, -0.3926064343962411, 0.006815954705538726] - [-0.011187205686316903, 0.539014484361378, -0.3594511155359588, -0.16837657593992855] - [0.0978627302070952, 0.01746324697999214, -0.16885107638915925, 0.05352480574507546]
B1: -3.2783755590611257e-09 - 1.2078964157958e-08 - -2.0813116096478515e-08 - -1.2324144704208137e-08
B2: -2.4440678293815242e-08 - 2.808787866653869e-08 - -2.7203231093480905e-08 - -1.8486876320597516e-08
