Number: 4573
Error: 1.0103154306679812e-15
A1: [0.06621307650303004, -0.11395218253775552, -0.023984055376334534, 0.07172276314738575] - [0.03740246863280765, 0.18819323233565283, -0.14740908784606657, -0.07818715125722024] - [-0.06022950319448531, 0.3289506734732546, -0.1277532387235715, -0.14096845055505025] - [0.03904615324762199, -0.0533226916574695, -0.03741859609120357, 0.05169511476577201]
A2: [-0.009108650310287287, -0.3468032645269464, 0.2494550151995836, 0.10645660175555885] - [0.0800397870082361, 0.036282215219066924, -0.05025015462072986, -0.06607200221561386] - [-0.04245280927533817, 0.2308319023261854, -0.040531234632811365, -0.14784782771116384] - [0.06813470766184758, -0.2934679305169361, 0.14177116356951575, 0.08356178071885896]
B1: 7.646021435026462e-10 - -3.925190169217198e-08 - -8.76924952970781e-09 - -3.303220283847522e-08
B2: -2.00685090087099e-08 - -4.9167588646651403e-08 - 3.188324517255015e-08 - -7.645192843458184e-09
