Number: 5819
Error: 3.2438149132432767e-06
A1: [0.0682038187500805, -0.19277393638480653, -0.031783039955368506, 0.10739767766881762] - [0.019812374019658418, 0.11594653499835537, -0.1523525827279786, -0.053924713751569105] - [-0.007298381026662274, 0.22256903393742983, -0.12836710433994797, -0.10923095196624943] - [0.039239068678535806, -0.11413876012383022, -0.04592020949683575, 0.12247683136921156]
A2: [0.035431604046533914, -0.029189324676204255, -0.0755198573273087, 0.06990368715458048] - [0.10189042171886231, 0.2817116598292637, -0.39353156374351383, 0.005957182097249271] - [-0.004511890446067486, 0.5458501836153705, -0.3531487105844639, -0.1614533267716471] - [0.10048948406586576, 0.020148353517991397, -0.16634231575182673, 0.05625741650829805]
B1: -0.001016180982446663 - 0.00015041884766408013 - -0.0025843964896262402 - -0.0019076858013082356
B2: -0.001730929096207509 - -0.00042042894271633493 - -0.00355261885785809 - 0.0008046765030794746
