Number: 5603
Error: 5.191936937922158e-08
A1: [0.0662764915170652, -0.11389001970672315, -0.02392053862164486, 0.07178630233979703] - [0.0369360503922697, 0.18774763824480425, -0.1478675398268813, -0.07864568067782594] - [-0.06057878252512191, 0.32861549367502796, -0.1280944415448584, -0.14130781440810436] - [0.038791165979401875, -0.05356449163443276, -0.037664740666608305, 0.051450950760702295]
A2: [-0.01049769744645751, -0.3482768417994618, 0.24805522724840026, 0.10500068182369016] - [0.0794633654327534, 0.03566122521176047, -0.05088023687919476, -0.06670736919838127] - [-0.041614281412144946, 0.23175725647930243, -0.039633011261493226, -0.14692082976279874] - [0.0690682563554069, -0.2924401734834996, 0.14278261678893822, 0.08460795475954927]
B1: -0.00032072467034577015 - 6.471642332440238e-05 - 0.00032984058480734033 - 0.0003623556130804662
B2: 0.00023810081593058648 - -5.930938959646956e-05 - 1.872349146771172e-05 - 3.7366382276474955e-06
