Number: 9457
Error: 4.2380426099766003e-13
A1: [0.053172921161677295, -0.14800089985064963, -0.026998676731369624, 0.12182819317601909] - [0.005314531640859226, 0.1308375069200893, -0.11359993207972424, -0.022548950395424677] - [-0.014442296476865117, 0.2230938017152827, -0.12703900123030468, -0.08160375212834088] - [0.027147063307998594, -0.1000194347649754, -0.04942390384195337, 0.12229872523527624]
A2: [0.08925698002382204, -0.07291085738406487, -0.12362495876888402, 0.1072889329300351] - [0.1088419132725489, 0.24981436563184534, -0.40484510870140383, 0.04618966767478919] - [0.03663400989578707, 0.462553207388387, -0.3777193252827663, -0.12147520948268298] - [0.14342442096096042, -0.04460862808171927, -0.20150150024376878, 0.10267782038082791]
B1: -5.93035738076963e-07 - 4.7526363536329406e-07 - 6.313702189746112e-07 - 5.546951164006696e-07
B2: -4.552532396054826e-07 - -6.86400849271423e-08 - -2.3181457798381515e-07 - -1.2260530961480549e-07
