Number: 2098
Error: 0.001330945016112762
A1: [0.17793680542139673, 0.13707671732305488, 0.13838007955825204, 0.16077819096784196] - [-0.025973754152240475, 0.10605485717723809, -0.237148574334779, -0.20557821205312027] - [0.08211704447451564, 0.6386945595319833, 0.12227738768007439, 0.007444403763875509] - [0.056325308611373553, 0.06702089638540504, -0.012259175958214436, 0.03846930664778762]
A2: [0.16371302003462848, -0.18387882889017004, 0.08938085702203612, 0.07327106472588006] - [0.0575445151087996, 0.2224536262662639, -0.09773579269386831, -0.10377068929666688] - [-0.0887872316219627, 0.507309754661776, -0.24862994879146375, -0.24719757030539838] - [0.08257045327050132, 0.04281065206374533, 0.02615751922479065, 0.13095304294631252]
B1: 0.004712321048510368 - -0.032889486938152857 - -0.026596298278673828 - 0.031763805771810136
B2: -0.021120366390760394 - 0.07130395933689605 - -0.069185931254058 - -0.0034434360890583555
