Number: 83
Error: 0.0003592111528040475
A1: [0.04183471313027682, 0.043109408806486296, 0.07856634510278361, 0.06393792534266508] - [0.11716327482606032, 0.24290360530980543, -0.0957414974553857, -0.062450403693625665] - [-0.04708809483525121, 0.4742727273735726, 0.00020969847567163784, -0.21840385009882718] - [0.05300116382476666, 0.03984079358584693, 0.05433732702980075, 0.08107656499749176]
A2: [0.2711207356256303, -0.06135268404702175, 0.11539130518070076, 0.10369455603085816] - [0.07660930005818255, 0.24504814243094436, -0.08042100557807007, -0.08931765812070067] - [0.03816625440772512, 0.7045102718834254, -0.11463147847494673, -0.13922125749509534] - [0.23595708740598806, 0.2343506840889686, 0.2393597434653617, 0.23713403049484086]
B1: 0.020745573944487557 - 0.36137095657559476 - 0.005387891960390795 - -0.024229523721393625
B2: -0.0028469624557329503 - 0.3446636183283893 - -0.002553954001050748 - 0.00240357592657245
