Number: 5602
Error: 5.072495616422785e-08
A1: [0.06613109281190084, -0.114032110405742, -0.02406564219564306, 0.07164131586280054] - [0.037048407252531904, 0.1878550042865125, -0.14775705930436972, -0.0785351793926521] - [-0.060659982357103126, 0.3285375647542773, -0.1281737337131676, -0.141386686628659] - [0.03874927987686478, -0.05360422126381328, -0.03770519103119541, 0.05141082643775594]
A2: [-0.01053041701081191, -0.348311506813923, 0.2480222750136529, 0.10496638327332014] - [0.0794277264747109, 0.03562283866056881, -0.050919174444649294, -0.06674664579752737] - [-0.041691764069906316, 0.23167172640527176, -0.03971603814969188, -0.1470064921172065] - [0.06880545927030353, -0.29272953280682945, 0.1424977496461943, 0.08431335379063543]
B1: -0.00036396323532470994 - 6.353108807345741e-05 - 0.00025897887697661637 - 0.0003695380900409815
B2: 0.0002488290279778688 - 3.058250670324104e-05 - 0.00013031820020548143 - 0.00010433637035099187
