Number: 9474
Error: 1.9381052356152692e-13
A1: [0.05317296290081652, -0.14800085809266214, -0.02699863503497079, 0.12182823493897758] - [0.0053156363910978836, 0.13083861283142, -0.11359882750475464, -0.0225478440990064] - [-0.014442692644049003, 0.22309340540612083, -0.127039397085123, -0.08160414843562207] - [0.027149786824868453, -0.10001671125511352, -0.049421174590641465, 0.12230145565668489]
A2: [0.08925316029198996, -0.07291466828969986, -0.12362869245010509, 0.1072850660898554] - [0.10884439253429448, 0.24981684533054704, -0.40484267855402667, 0.046192188656896054] - [0.036636822834303855, 0.46255600570395544, -0.37771658083905, -0.12147236735263355] - [0.14342616371711747, -0.04460689179633005, -0.2014997985916793, 0.10267958901868704]
B1: -9.280297370242917e-07 - 9.639021724218915e-07 - 3.819321806930677e-07 - 4.7294326110271584e-07
B2: 6.077678337472438e-07 - 2.960282695157363e-07 - 2.2721368769178442e-07 - -4.399485657741479e-07
