Number: 3207
Error: 0.03007823989306125
A1: [-0.35698560728632645, -0.5008409666086822, -0.45956740868226403, -0.4179651369447326] - [-0.23400779627316814, -0.08305165183994646, -0.4253598753765898, -0.3737200670787635] - [-0.716969195794871, -0.19277194885726678, -0.7022987874814912, -0.7571552846016874] - [-0.6314389040894883, -0.6485321141963518, -0.6855732397465244, -0.6338109879773006]
A2: [0.018693461574976505, -0.16395479263901466, 0.0706173560649658, 0.049551837458399764] - [-0.020745675230608274, 0.16639461364579144, -0.14068258917288634, -0.1521446041006494] - [-0.22507530065245412, 0.410878729113542, -0.35342485677329016, -0.3098155638651232] - [-0.1539460722412832, -0.09164260810612473, -0.19056938434015736, -0.09137270038087072]
B1: -0.15355809576666363 - -0.2911536585720155 - -0.1876735438506001 - -0.19282141263506486
B2: -0.009418226250678688 - 0.06357596099741832 - 0.04940549335495556 - 0.13180615483877164
