Number: 7204
Error: 1.077472424008681e-15
A1: [0.08043171197714936, -0.1804677834610757, -0.019588829713408168, 0.11962499902761417] - [0.037415616424466745, 0.13359642257810278, -0.13472614984017758, -0.03628578868687566] - [-0.001702837721684753, 0.22819009779828212, -0.12282840132669472, -0.10365892892835865] - [0.038863267066295185, -0.1144809860068422, -0.046416408779409266, 0.12203426056981875]
A2: [0.03530738580626948, -0.029273533210344312, -0.07569740438855284, 0.06966334782082154] - [0.10289377078574775, 0.28289672155090684, -0.3926063767963598, 0.00681601706726783] - [-0.011187099214481373, 0.5390145914682558, -0.35945101475794283, -0.16837646374696794] - [0.09786277738111614, 0.017463294368578176, -0.16885103148248495, 0.05352485526236657]
B1: -4.044251523767004e-09 - 3.564533880481755e-10 - 1.9692011411546597e-08 - 7.62788895484184e-09
B2: 1.2119930914921529e-08 - 1.0832849571517597e-08 - -2.2107618875789298e-08 - 1.645653445756242e-08
