Number: 8447
Error: 7.23803477802703e-16
A1: [0.08043168221294708, -0.18046781322189992, -0.019588859442054286, 0.11962496926680743] - [0.037415561492844, 0.13359636768804653, -0.13472620466223162, -0.03628584358801845] - [-0.0017028272176245298, 0.2281901083021084, -0.12282839083802609, -0.10365891842709682] - [0.03886322555885955, -0.1144810273977582, -0.046416450260381346, 0.12203421908820826]
A2: [0.035307474059911984, -0.02927344471257865, -0.07569732047799217, 0.06966344018770969] - [0.10289376843722495, 0.28289671918248105, -0.39260637906776835, 0.006816014607975294] - [-0.011187071997526552, 0.5390146188474912, -0.35945098899644295, -0.16837643506758793] - [0.09786283929338932, 0.017463356562436767, -0.16885097254591733, 0.05352492024998304]
B1: 9.22089655418411e-09 - 1.4939527833139203e-08 - 1.3594039541545363e-08 - 9.504033134359006e-09
B2: 4.203114163843387e-09 - 8.093877904114542e-09 - 1.974596524652113e-09 - 9.44829244294555e-09
