Number: 6829
Error: 7.995638776139548e-16
A1: [0.08043166735715354, -0.18046782807601636, -0.019588874280052078, 0.11962495441271516] - [0.03741555551539845, 0.13359636171513353, -0.13472621062788526, -0.03628584956220398] - [-0.0017028590605056198, 0.22819007645990835, -0.12282842263428524, -0.10365895026149198] - [0.03886319982152347, -0.11448105306289484, -0.04641647598132478, 0.12203419336684468]
A2: [0.03530746875869404, -0.029273450028487386, -0.07569732551842709, 0.06966343463951731] - [0.1028938009177087, 0.28289675193859637, -0.3926063476531331, 0.006816048619835784] - [-0.011187139304084388, 0.5390145511395446, -0.3594510527036252, -0.16837650599077228] - [0.09786281936885449, 0.017463336547303646, -0.1688509915128683, 0.05352489933581665]
B1: 3.6268953908939563e-09 - 1.7828216496520293e-08 - -2.0249468101314982e-08 - -2.3425802970715024e-09
B2: 8.820430087026174e-09 - 2.0475745956539447e-09 - -6.864728636583861e-09 - 5.136386650975602e-10
