Number: 5827
Error: 2.634272587515877e-06
A1: [0.07184404805708204, -0.18910967247977137, -0.028131982462968812, 0.11105083588684027] - [0.028295346350313756, 0.12443724229247227, -0.14382903879380432, -0.04540863069533468] - [-0.006319169559526344, 0.22355295902185385, -0.12740312405340887, -0.1082574299448114] - [0.0341637559090277, -0.11920195567629077, -0.05103476538399128, 0.11737943272378225]
A2: [0.031936220766165424, -0.03267855615070015, -0.07887659158749534, 0.06618709013939424] - [0.09069689024138838, 0.27050513007312216, -0.4043964815493993, -0.005876984649921242] - [-5.4800626174483105e-06, 0.5503188719330415, -0.3488572773616839, -0.15662759418986966] - [0.10148301774501652, 0.02111964839824855, -0.16539364965373024, 0.05732140993966949]
B1: 0.0011910414462337005 - -0.0006593880801130777 - -0.001481222486590926 - -0.0004273946157526596
B2: 0.001070908056747478 - 0.0019863810938008097 - -0.0013994575875358986 - 0.0007848129344347588
