Number: 1780
Error: 4.1324094098315435e-07
A1: [-0.007076456586277961, -0.01489223773205773, 0.003125421926472187, 0.01954865961239314] - [0.06629389258571236, 0.18937904776576447, -0.14729155009533323, -0.11045308740612428] - [-0.11051466732809252, 0.4438205644137815, -0.0686800093393969, -0.2558474150240931] - [-0.020811336109158435, 0.017876441182952296, -0.02737210323308037, 0.041618431089303465]
A2: [0.13148124733893068, -0.22472869965891978, 0.022586076416218407, 0.07008340752158627] - [0.03458189342700841, 0.2056575814004252, -0.1129607569813779, -0.11956053051815135] - [-0.09561543128684476, 0.5545879965995489, -0.23610770236624015, -0.22653136596555185] - [-0.020661641873043386, -0.019121710007484378, 0.008282582642915726, 0.032345478457804326]
B1: -0.00043587702169511016 - 0.0011021701267818298 - 0.00014818735359244106 - -0.0005666351790151935
B2: 0.0004669107289562898 - 3.596550111491009e-05 - 0.0007684002993383922 - 0.0006464234829600174
