Number: 3215
Error: 0.010431744678364484
A1: [-0.17266906818254127, -0.31351635919398646, -0.274098868315959, -0.20160653591536704] - [-0.2857982637289131, -0.12910056620749719, -0.4656352527738465, -0.3936102668818827] - [-0.10642794311230258, 0.423844496556666, -0.07558442090472312, -0.08363723755498292] - [-0.12907525291951558, -0.14083630896040056, -0.15847082873088777, -0.06137418668593572]
A2: [0.49550788478471475, -0.03300965835874432, 0.4370808238163269, 0.22722680686844615] - [0.0069662423731392965, 0.04385839307466303, -0.1581576507926968, -0.2411967183357577] - [0.03736857862453077, 0.37648290039542737, -0.18712175266383424, -0.3039813465140484] - [-0.0237390039489586, -0.24152965466786794, -0.1545054377660168, -0.20627887867963926]
B1: -0.3936363087074724 - -0.5492780576921633 - -0.41274603713510566 - -0.381756114943769
B2: 0.08619756823658563 - -0.14789211902804683 - 0.004438334636488435 - -0.06791282133001211
