Number: 2560
Error: 1.2098158295026404e-08
A1: [0.06352077025884365, -0.04778075201393564, -0.023355758349734992, 0.00794270907041139] - [0.04344516246270625, 0.1910614336596734, -0.14278828252569475, -0.0927518191352813] - [-0.12329022104568617, 0.4150242621645958, -0.10469351259928689, -0.18690709050484436] - [0.03722567774166892, 0.019397615019800113, -0.03290591615710857, -0.02282629515653725]
A2: [0.06436472609146657, -0.17277362157390133, 0.08725035644197918, 0.02487071584413714] - [0.02970593565791151, 0.2007081170952781, -0.10129541448397951, -0.12746621937554425] - [-0.0931155010029462, 0.513969499941075, -0.22531471460442823, -0.19481343646042232] - [-0.026010443072435004, 0.018439898673208936, -0.05037935858649567, 0.05689369688256902]
B1: -0.00020223948506108917 - 4.0500116935060114e-05 - 0.0001892806171368498 - 0.00031316699820853566
B2: 0.00023991375066209313 - -2.333281086670103e-05 - 0.00011007823663041818 - 6.110168468695661e-05
