Number: 3345
Error: 1.3022054483233911e-06
A1: [0.061434458169249535, -0.11864418556500815, -0.02880611281359403, 0.06691824742152859] - [0.034991076778054055, 0.1858729975020064, -0.14979186108763196, -0.08056879010122679] - [-0.04465777490032682, 0.34402603352457356, -0.11237180340067728, -0.12570030696351053] - [0.03994772709335666, -0.052481118863400414, -0.03656214492597638, 0.05254229851913589]
A2: [-0.008262974613580798, -0.3458985304962751, 0.25042854294360983, 0.10736079766644024] - [0.079283726644046, 0.03547773527997973, -0.05111567501565269, -0.06690960730446141] - [-0.044208071914106015, 0.22886039293319352, -0.042453901297517256, -0.14982621711759203] - [0.06606673305774544, -0.29576148188120094, 0.13952073105657395, 0.08122604044903912]
B1: 0.0011246309401242963 - 0.0003935589774364699 - -0.0009314959977681479 - -0.00021760771932040243
B2: -0.0016868980895977386 - 0.0009774482202098205 - 0.0010692625242284216 - 0.0008524633092663113
