Number: 7760
Error: 9.275778486479744e-16
A1: [0.08043169184969072, -0.1804678035862616, -0.019588849816792726, 0.11962497890245923] - [0.03741554165606192, 0.13359634786628016, -0.13472622445959065, -0.03628586341385879] - [-0.001702827572318475, 0.2281901079474214, -0.12282839119219538, -0.10365891878170161] - [0.03886323381645623, -0.11448101916337622, -0.04641644200804906, 0.1220342273406501]
A2: [0.03530744524892237, -0.029273473603273672, -0.07569734787121127, 0.06966341003397993] - [0.10289372236367145, 0.2828966727178772, -0.39260642362956905, 0.00681596636230286] - [-0.011187085291169505, 0.5390146054746133, -0.3594510015792018, -0.16837644907550425] - [0.09786281594125817, 0.017463333104118094, -0.16885099477570273, 0.05352489573794141]
B1: -1.7712167210805997e-08 - -3.13199942341753e-08 - -1.642806096690519e-08 - -1.7005517909437612e-08
B2: -2.148979333135537e-08 - -2.242785162018222e-09 - -2.6383590988408204e-08 - -1.69090997912948e-08
