Number: 3613
Error: 4.422618474687265e-13
A1: [0.06621123815424942, -0.11395397979236303, -0.023985892311640968, 0.07172092788291434] - [0.03740605946366794, 0.1881966631268519, -0.14740555778742503, -0.07818362087998096] - [-0.06023072075782931, 0.3289495041053005, -0.12775443011326193, -0.14096963559275927] - [0.03904685436412875, -0.05332202619633993, -0.037417917806654294, 0.051695787531742574]
A2: [-0.00911105105539421, -0.346805811373264, 0.2494525950347241, 0.10645408465362524] - [0.08004359994826521, 0.036286322874107324, -0.050245987288580846, -0.06606779948937366] - [-0.04245288149876066, 0.23083182257763687, -0.040531312088685406, -0.14784790761730487] - [0.06813700655498801, -0.29346539935061305, 0.14177365581969667, 0.08356435821437265]
B1: 1.2189212413492738e-06 - -1.4162172621564447e-06 - -2.436060874748045e-06 - 1.3524233410714434e-06
B2: -5.428704532483846e-07 - 6.568251980044878e-07 - -6.340165624527212e-07 - -1.3559259259551236e-06
