Number: 2054
Error: 0.0007807975184966978
A1: [0.09311152918441795, 0.08215314191212843, 0.10158476879593781, 0.1198242704290256] - [0.0505375008109421, 0.1762141385972692, -0.16284066318076731, -0.12904955029591264] - [-0.23499215034083706, 0.30631708529800045, -0.20604894146051905, -0.38335158364146005] - [0.06242149692804627, 0.10728014768626452, 0.06220726414318289, 0.12274192882481555]
A2: [0.19963758882241944, -0.15412475766393663, 0.0813851559299289, 0.1422978057844596] - [0.00662951690545182, 0.173872546178567, -0.1439308998109672, -0.14859964362374264] - [-0.15648781541413812, 0.4998659814862611, -0.27653935617032116, -0.2899257198002494] - [-0.1401440124461244, -0.1185959797294451, -0.10903393519090784, -0.06675604271558558]
B1: -0.012804246417078547 - -0.007498914091834119 - 0.039953386717083185 - 0.044475201061365106
B2: 0.001464620626856674 - 0.051953901404089585 - -0.04596278919974986 - 0.01743838380561798
