Number: 5388
Error: 9.22279343050111e-16
A1: [0.06621320814282355, -0.11395205383958569, -0.02398392383980704, 0.07172289456628707] - [0.03740265628714092, 0.1881934116268295, -0.14740890336733323, -0.07818696676217066] - [-0.06022921972926223, 0.32895094572601474, -0.12775296134099945, -0.1409681746642972] - [0.03904616070356643, -0.05332268458038086, -0.03741858887758914, 0.05169512192075938]
A2: [-0.009108707503724884, -0.3468033251996906, 0.24945495754306096, 0.10645654179181427] - [0.08003966186377998, 0.03628208040291563, -0.05025029139593061, -0.06607214015236826] - [-0.04245283121113419, 0.2308318781165292, -0.04053125814026406, -0.14784785197128777] - [0.06813479641446998, -0.293467832796652, 0.14177125978542748, 0.08356188022671908]
B1: -4.7956852015444365e-09 - -5.272086240465792e-08 - 2.2660422334314886e-08 - 2.7648905105135792e-08
B2: -1.1703123039874061e-08 - 1.5568790775134314e-08 - -1.997956597136411e-08 - -2.053658599085575e-08
