Number: 8317
Error: 9.9169244539581e-16
A1: [0.08043164420286543, -0.18046785122771178, -0.01958889740671577, 0.11962493126102695] - [0.037415629332091103, 0.13359643547600794, -0.1347261369581118, -0.03628577578629457] - [-0.0017028259599650472, 0.22819010955973512, -0.12282838958221406, -0.10365891716978358] - [0.038863184379778294, -0.11448106846132099, -0.04641649141325835, 0.12203417793467072]
A2: [0.035307372153048064, -0.02927354690126083, -0.07569741736996523, 0.06966333353136375] - [0.10289366358547708, 0.2828966134408572, -0.3926064804791193, 0.006815904813035253] - [-0.011187133731147764, 0.5390145567456655, -0.3594510474287983, -0.1683765001183061] - [0.09786282941268686, 0.01746334663677516, -0.16885098195173517, 0.0535249098784918]
B1: 1.6576831986426985e-08 - -4.956445457992002e-09 - 1.4118255831300536e-08 - 8.699570827265468e-09
B2: -1.913257901456906e-09 - 5.633617190211783e-08 - 1.6438555648115862e-09 - 3.1691814421525674e-10
