Number: 7649
Error: 2.620452970748103e-16
A1: [0.08043169335369704, -0.18046780208242488, -0.019588848314590193, 0.11962498040629055] - [0.03741562777226255, 0.13359643391730677, -0.13472613851498103, -0.036285777345361585] - [-0.0017027879696396965, 0.22819014754925565, -0.12282835164750447, -0.10365887918959417] - [0.038863243487716206, -0.11448100951925534, -0.04641643234295607, 0.12203423700589708]
A2: [0.03530754165056656, -0.029273376935000393, -0.07569725621367503, 0.06966351092866988] - [0.10289384576799093, 0.28289679716952787, -0.39260630427447435, 0.0068160955845802266] - [-0.011187284620220284, 0.5390144049566739, -0.3594511902486751, -0.16837665911527372] - [0.09786273425795618, 0.01746325104927552, -0.16885107253299267, 0.05352480999714822]
B1: 2.3335836618455116e-08 - 6.554291897218315e-08 - 2.5458562904143488e-08 - 3.939806428753397e-08
B2: 3.0430512762508826e-08 - 3.8067140249514463e-08 - 5.0918900669266806e-08 - 2.7902529779343584e-08
