Number: 6321
Error: 1.024311098362638e-15
A1: [0.08043168989092432, -0.18046780554479563, -0.019588851773222456, 0.11962497694391445] - [0.037415601878311916, 0.13359640804295853, -0.13472616435734863, -0.03628580322497002] - [-0.0017027822545938405, 0.22819015326418465, -0.12282834594083154, -0.103658873476078] - [0.03886326784190305, -0.11448098523340776, -0.0464164080042885, 0.12203426134495027]
A2: [0.03530740810783586, -0.029273510847100583, -0.07569738318446742, 0.06966337116179479] - [0.10289381301905812, 0.28289676414265635, -0.392606335948878, 0.006816061291737691] - [-0.011187099190325567, 0.539014591492569, -0.35945101473509117, -0.16837646372149612] - [0.09786283941370227, 0.01746335668333075, -0.16885097243148586, 0.05352492037640032]
B1: 2.025565917457558e-09 - 5.6858317198832685e-09 - 2.8462384299307348e-08 - -1.7164635320041297e-09
B2: -3.0541151951372748e-09 - -2.786191813267681e-09 - 2.9305914119366007e-08 - 1.6108827153185958e-08
