Number: 1154
Error: 3.2341523116122783e-07
A1: [-0.010181344251135583, -0.017985182750131463, -9.881377728288324e-05, 0.016371803021132985] - [0.0685494543984655, 0.1915362256463883, -0.14495549600864885, -0.1079380207757527] - [-0.11448894015841951, 0.43995991727611883, -0.07275833297974443, -0.2601613438302729] - [-0.03073322447304577, 0.008141549945241277, -0.03739075445176137, 0.031151590548560395]
A2: [0.12716826902210632, -0.22899339688884693, 0.01833219417996254, 0.06585838528258887] - [0.03498099553832976, 0.20605901018510975, -0.11256170306385398, -0.11917883590704936] - [-0.09968874074054306, 0.5505391379667459, -0.24016228299876433, -0.23062123711498772] - [-0.025592906489115195, -0.024009987386173402, 0.003392205761564072, 0.0275999910651214]
B1: 7.93078771294882e-05 - 0.0023754571194233172 - 0.00027384793675583677 - 0.00013831094469249998
B2: 0.0004513950259324386 - 0.0010236050980141653 - -0.0004514043946409732 - 0.00014283922982023337
