Number: 1802
Error: 1.8802615117144528e-07
A1: [-0.0075731488803769936, -0.015379957365070338, 0.002631849943492518, 0.01903358962038747] - [0.06677933976722189, 0.1898448064963071, -0.14678659759584187, -0.10991398928054506] - [-0.11150857646055828, 0.4428638491700681, -0.06971215600693882, -0.25692684121872905] - [-0.022021927035615417, 0.016704370955687713, -0.028626183409774224, 0.040342999202727284]
A2: [0.13147108071746152, -0.22475882941255662, 0.02257163073313706, 0.07006180505323557] - [0.0327382606885461, 0.20384750123654274, -0.11479606919304838, -0.12136296730804146] - [-0.09289697080690855, 0.5572717569161595, -0.2334197931024013, -0.223822503876061] - [-0.021915075250154747, -0.020383377158163418, 0.00703372352097889, 0.031122549571729236]
B1: 0.00048553430699188106 - 3.6525106080656175e-05 - 0.00020590206676721965 - 0.00012726655459249916
B2: 0.00044303617348704944 - -0.00034069048007387366 - -0.00025990343843005845 - -0.0004313358651373712
