Number: 6662
Error: 9.630745685653551e-16
A1: [0.08043167514246481, -0.1804678202915875, -0.0195888665040485, 0.11962496219713777] - [0.03741558569404957, 0.1335963918709437, -0.13472618050936494, -0.036285819400269634] - [-0.0017028672549596533, 0.2281900682656295, -0.12282843081674155, -0.10365895845375912] - [0.0388632388066932, -0.11448101418713268, -0.04641643702099569, 0.12203423232778511]
A2: [0.03530742707586089, -0.029273491826608985, -0.07569736514992823, 0.06966339101390741] - [0.1028937782302168, 0.2828967290585552, -0.3926063695961795, 0.006816024862720343] - [-0.0111872222645489, 0.539014467684256, -0.35945113122748723, -0.1683765934091353] - [0.09786275455941494, 0.017463271443068418, -0.16885105320724925, 0.05352483130699261]
B1: 3.96817697349442e-09 - 2.6381460263239524e-08 - -3.434250762718265e-08 - -1.0215651145503078e-08
B2: -4.115961689263384e-09 - 4.835330161405305e-09 - -2.7709222802161206e-08 - 6.742088462767431e-09
