Number: 8968
Error: 0.000849041962545681
A1: [0.01468199719448482, -0.23509123911950605, -0.06783440722016201, 0.07448037577972422] - [0.05293673947226273, 0.16408773200551213, -0.07658799166567014, 0.018740827891901225] - [0.10417181194045763, 0.3274744047293259, -0.001181441542805761, 0.021630866724556653] - [0.031226931538570337, -0.11418095517199559, -0.046245255658667286, 0.12289386389013725]
A2: [0.1635810797988255, 0.09744390824414849, 0.022764877974155304, 0.24391288948999373] - [0.3389815394356516, 0.5087624504694981, -0.17929025070177307, 0.28673911184553735] - [0.17401310388489008, 0.691035942650995, -0.186925219754347, 0.06612657291770153] - [0.2958975946996457, 0.19077208176259955, 0.015674564144373095, 0.30426271900829405]
B1: 0.023255733205536012 - 0.006147231653902123 - 0.014406059097684332 - 0.013140349510269798
B2: -0.034731470946620296 - 0.009694801826938573 - 0.015109206127730545 - 0.002728391687611815
