Number: 86
Error: 0.00016569226047587874
A1: [0.05311072867401614, 0.05510646932026344, 0.0909840060824604, 0.07516705754986439] - [0.11000227516332461, 0.23536464327472253, -0.10290158830203072, -0.06873305157207406] - [-0.036566357726393335, 0.4846805994480189, 0.011627328975768302, -0.20685473920387268] - [0.062598520248218, 0.04917224719539856, 0.06459981688434714, 0.09178467218977339]
A2: [0.2785259549074441, -0.05409846884398256, 0.12274741273824823, 0.1109785382243345] - [0.09191325101682274, 0.26003725627673996, -0.06497823487372809, -0.07423917654626958] - [0.03989334919453588, 0.7061355151790548, -0.11294608235223272, -0.13755059702108624] - [0.21666378233734143, 0.2153143465728396, 0.22019234772724794, 0.2186363793274373]
B1: 0.02011085301304269 - 0.34664391210455103 - 0.008901357691767251 - -0.01647824322238203
B2: 0.0007626496463795599 - 0.3396462447668021 - -5.919644351800625e-05 - 0.004360807495399791
