Number: 201
Error: 2.36758652290125e-06
A1: [-0.020167227734734984, -0.0227543175157185, 0.00919458753798082, 2.550667450271129e-05] - [0.06873136561877942, 0.19227780421228957, -0.14232386717463893, -0.10678004617626094] - [-0.09276378677234871, 0.42527184730303186, -0.0496078399513913, -0.26788588714758294] - [0.02014850776306556, 0.002198362201279635, 0.01893846660624741, 0.048011613556974274]
A2: [0.1576683173186038, -0.17161092292233826, 0.004760064928261717, -0.006327460546283307] - [0.04504962786085243, 0.21694016323840087, -0.10767220901094465, -0.11642483710150277] - [-0.08244419897945318, 0.5851966805498724, -0.23168781758599033, -0.25635166902508405] - [0.0016843998086364183, 0.0009251685822599001, 0.006629879051066165, 0.012517798942583211]
B1: 0.0053655846563955036 - 0.0013271152805519912 - 0.001960581708387435 - 0.0012610319229615342
B2: 0.01076114704806677 - 0.0030797637902131325 - -0.00568570236670103 - 0.003680358434813907
