Number: 2075
Error: 0.00019502351676405722
A1: [0.011203651782910686, -0.028358987482029013, -0.02103308839143189, -0.004555567123688315] - [0.07497057945458784, 0.20298733510037412, -0.13293904650514915, -0.09706293676572161] - [-0.1732538042728245, 0.3899322543336479, -0.12134673389617381, -0.27541661317618443] - [0.020233983094921134, 0.04491278169497665, -0.0315033328553737, 0.0064705590777036845]
A2: [0.14904407583448634, -0.16941072461760198, 0.10210530261079159, 0.10605053442790566] - [0.03950183418514279, 0.20381724217436992, -0.11676641046767955, -0.12094861223803358] - [-0.010681043185999432, 0.622054465395785, -0.15354132880076896, -0.14260462865435874] - [-0.010512264575288503, -0.013923064190793404, -0.01405393107321985, 0.08960616051190948]
B1: 0.01741715139404513 - -0.004236964472946413 - 0.03411080935444099 - -0.003403019223639639
B2: -0.03247757955758826 - 0.014900909190844212 - 0.029004938148137982 - 0.018108230390140423
