Number: 8856
Error: 3.830378313591601e-05
A1: [0.07727089527668896, -0.18353233085592646, -0.024319082559160862, 0.1168114199319087] - [0.03161888254871023, 0.12788079487787934, -0.14154248255869972, -0.041891326871199536] - [-0.006761495684798703, 0.22314692852904353, -0.1282697705601573, -0.10871967724070901] - [0.038947681844217374, -0.11418678210872109, -0.04815490115504928, 0.12254191581498897]
A2: [0.06339546909620047, -0.0012535397858064994, -0.04889344835711355, 0.0990912834245918] - [0.09218283556852445, 0.27218476786452156, -0.40242591151933377, -0.004467339500348935] - [-0.03819076152619898, 0.5111378897796646, -0.3857473088359457, -0.19663131584858012] - [0.13282759509342132, 0.052650449835005705, -0.13517360107546225, 0.09020492299592629]
B1: -0.004870641241099934 - -0.0012172942166222564 - 0.014880386260502728 - -0.007212499834050871
B2: 0.003996521250511026 - 0.00315687449704054 - -0.00340817885367429 - 0.003999201418322313
