Number: 4459
Error: 1.0415095897515454e-15
A1: [0.06621319256302065, -0.11395206907131156, -0.023983939407419066, 0.07172287901262143] - [0.037402622435620723, 0.18819337928382252, -0.14740893664609614, -0.07818700004386635] - [-0.06022941782971746, 0.3289507554613812, -0.1277531551906539, -0.14096836747155822] - [0.03904616882077315, -0.053322676876004074, -0.037418581024686814, 0.05169512970999916]
A2: [-0.00910859950357847, -0.3468032106290236, 0.24945506641739865, 0.10645665502360611] - [0.0800398010475268, 0.03628223034339289, -0.05025013927661828, -0.06607198674117412] - [-0.04245281402654111, 0.23083189708246163, -0.040531239724477676, -0.14784783296580212] - [0.06813472089480474, -0.29346791594689153, 0.14177117791549118, 0.08356179555540938]
B1: 1.7823306739152848e-10 - -9.191304969227699e-09 - 1.10546124048889e-08 - -1.0234241375680781e-08
B2: -3.1782262816258765e-09 - 1.4300132906358203e-09 - -1.7398591120112893e-08 - -5.593018043853301e-09
