Number: 2014
Error: 0.0002027575791887823
A1: [-0.031849268580209436, -0.04091693364983161, -0.025638839039718586, -0.006321490028200564] - [0.06745313010484838, 0.19049296585998193, -0.14653685463728844, -0.10933118281196114] - [-0.1472221471980661, 0.4087982164250788, -0.10806407955298168, -0.29440211817242473] - [-0.03309546166164161, 0.006381252660651116, -0.04062396735907248, 0.029553186737056543]
A2: [0.14101142049882467, -0.21701093221484896, 0.033983576760025, 0.08048207378051335] - [0.030319608367236482, 0.20020495526396292, -0.11747117279993671, -0.12427037051780891] - [-0.08110840860807159, 0.56643797665511, -0.2204572115330101, -0.21259422072465128] - [-0.009545404509067922, -0.011412695507911429, 0.01947122193115157, 0.043125305351511344]
B1: -0.007830233037168143 - 0.0035755872354844877 - -0.00920702350411366 - -0.008433040063241522
B2: 0.00731171757305708 - 0.02673344548308876 - -0.00421872638981299 - 0.006270593685331064
