Number: 6143
Error: 1.1691775710285427e-15
A1: [0.08043157660756957, -0.18046791881532118, -0.01958896492112399, 0.11962486367349827] - [0.03741549445068204, 0.13359630069663478, -0.1347262715709276, -0.036285910593090664] - [-0.001702844795755418, 0.2281900907243628, -0.12282840839042153, -0.10365893600054858] - [0.038863063961184156, -0.1144811885419539, -0.04641661175509131, 0.12203405759094575]
A2: [0.035307448246600745, -0.029273470597315186, -0.07569734502106507, 0.06966341317139246] - [0.10289382952718971, 0.28289678079089575, -0.3926063199824399, 0.006816078578177688] - [-0.01118707431942968, 0.5390146165118135, -0.35945099119426904, -0.16837643751415102] - [0.09786281970955692, 0.017463336889557507, -0.1688509911885509, 0.053524899693454045]
B1: -2.062925193380956e-08 - 4.1709619339199216e-08 - -3.7636910824271384e-08 - 2.556073235395269e-09
B2: 6.783987320099623e-08 - 6.547241588760411e-08 - -1.7213435566488258e-07 - 1.0031596196590635e-08
