Number: 3134
Error: 9.551964055884782e-06
A1: [0.06950604631543914, -0.042052877908639194, -0.01767298709925912, 0.013672555547654994] - [0.046651149519092903, 0.19399924151623177, -0.13960225768584386, -0.08943172530266233] - [-0.11962358946731927, 0.418400512263044, -0.10129695732018286, -0.18348821557940403] - [0.030952107763455645, 0.012778490361756552, -0.03965808471563048, -0.029120405286241605]
A2: [0.04224829970639117, -0.1946358313328578, 0.06509951634668433, 0.0028813257830869773] - [0.02762321472537233, 0.19865475712944203, -0.10333942347898355, -0.12951938808305946] - [-0.10345907440769658, 0.5037963240705295, -0.23570531263076433, -0.2047931573687127] - [-0.019308165383844857, 0.025113684530706937, -0.043686217024956654, 0.06324122994523947]
B1: -0.0001368725923265304 - -0.0071632487523009495 - 0.0026483012885113594 - -0.001250016881251346
B2: 0.0012465180818788787 - 0.0040834336024755825 - 0.001009748292187734 - -0.0013606556036725058
