Number: 4530
Error: 9.581017915131192e-16
A1: [0.06621308619927467, -0.11395217305819015, -0.023984045687693713, 0.07172277282736272] - [0.03740251218239213, 0.18819327394432905, -0.1474090450334774, -0.07818710844084759] - [-0.06022938172765625, 0.3289507901354875, -0.1277531198632563, -0.14096833233408076] - [0.0390459992881974, -0.053322837790001035, -0.0374187450418351, 0.05169496702458949]
A2: [-0.009108560485636633, -0.34680316923711646, 0.2494551057509786, 0.10645669593176056] - [0.08003985109770353, 0.03628228426175889, -0.05025008457462833, -0.06607193157471598] - [-0.04245267060872077, 0.23083205536711598, -0.04053108603230033, -0.14784767435127297] - [0.06813477627074574, -0.2934678549756281, 0.14177123794815605, 0.0835618576420136]
B1: 1.0640780656842825e-08 - 9.713897902934766e-10 - 2.5264539578966918e-08 - -3.222250296453288e-08
B2: 1.0833001495144133e-08 - 1.9101223817033388e-08 - -4.820259757960488e-08 - 2.116404231767648e-08
