Number: 5065
Error: 5.175660152093754e-16
A1: [0.06621331490977024, -0.11395194945853311, -0.02398381715666738, 0.07172300115404441] - [0.037402654269160895, 0.1881934096986539, -0.14740890535126572, -0.07818696874627375] - [-0.06022930757072504, 0.32895086135913965, -0.1277530472976459, -0.14096826015869793] - [0.039046164318018134, -0.05332268114977664, -0.03741858538084972, 0.051695125389135385]
A2: [-0.009108682017994882, -0.34680329816364935, 0.24945498323532478, 0.10645656851201252] - [0.08003984745135857, 0.03628228033361249, -0.0502500885598101, -0.06607193559378831] - [-0.04245279550440353, 0.2308319175246101, -0.04053121987533798, -0.14784781248111867] - [0.0681347758199206, -0.29346785547198484, 0.1417712374593898, 0.08356185713655724]
B1: -2.44533702204297e-08 - 6.392161158196389e-09 - 6.413606254074386e-09 - 5.16269514027397e-09
B2: 6.37038241223295e-08 - -2.043652883756143e-08 - -6.422544996540752e-08 - 1.7182307027531826e-08
