Number: 2162
Error: 0.00026060446804318966
A1: [-0.031667032090838355, -0.1071133218176942, -0.059041429453048036, -0.0405233156389415] - [0.05833692437502801, 0.18442614210272423, -0.16045980762787526, -0.10359541006357434] - [-0.20875282843573725, 0.3293507177082814, -0.16707814577129754, -0.31441211921557505] - [0.055192089093078704, 0.06844025842263632, 0.025298159867173674, 0.035131634144102586]
A2: [0.019034157261742405, -0.30959665858553165, -0.00960145557576817, -0.048519064709275736] - [0.030396451449261265, 0.19953921845351416, -0.09798245630566893, -0.1303042968382317] - [-0.0837691718238316, 0.5691435647157705, -0.19508856899187801, -0.16866484427126005] - [-0.15628388005493754, -0.07694609922480183, -0.13533168516998195, -0.06325869708841338]
B1: -0.03759460032500513 - -0.0018324314495601112 - 0.012725276704874135 - -0.009424295118391284
B2: -0.02617697325266351 - 0.01178135375617918 - 0.010467261412771227 - -0.0059540952253532165
