Number: 455
Error: 8.467476988265963e-13
A1: [-0.01215987392839275, -0.01452382573927274, 0.01808012105032826, 0.008576172690540151] - [0.06582975087872099, 0.18948998500456127, -0.14532824079038037, -0.11001466724901936] - [-0.09630245686259158, 0.4217770217345506, -0.053467514577992106, -0.2720466655896374] - [-0.001331383357438331, -0.018228749430021115, -0.0038456307897170106, 0.023365320464288786]
A2: [0.16158556281581402, -0.167755909509116, 0.008500199365463095, -0.002334198231687277] - [0.03548618792736763, 0.20751717872255812, -0.11720996175365532, -0.1257915752398231] - [-0.08621131159416873, 0.5815403091124935, -0.23538655372068673, -0.25993339054441367] - [-0.0038337847023636094, -0.004518126842188457, 0.001111427426026463, 0.007244524253398063]
B1: -1.4164762780406568e-06 - -6.631655396341858e-07 - -1.9398697659119103e-07 - -4.240401918896006e-09
B2: 2.6013949002850113e-06 - -5.632285596210747e-06 - -4.959361329996809e-07 - 2.462192417982537e-07
