Number: 3488
Error: 2.951800360000361e-10
A1: [0.06620063706618787, -0.11396434651266735, -0.023996493482686822, 0.07171034600869297] - [0.037420177500276174, 0.188210148626927, -0.14739167010168766, -0.0781697435643215] - [-0.06031416295241238, 0.3288693621345165, -0.12783607336531488, -0.14105085673830028] - [0.03896555865480541, -0.05339919211112222, -0.037496552376458096, 0.051617782620017615]
A2: [-0.009156920666554262, -0.3468544724654668, 0.2494063616874092, 0.10640601221563807] - [0.08000073135873809, 0.03624013960941049, -0.050292841647828615, -0.06611504215665887] - [-0.04253815587145587, 0.23073768346176204, -0.04062270283521373, -0.1479422285497379] - [0.06812276156709994, -0.2934810810022526, 0.14175822772540764, 0.0835483974876552]
B1: 2.249751328319802e-06 - 4.727987487037155e-05 - -6.7596427536694e-05 - 2.1813175331457282e-05
B2: 1.3195134750874585e-05 - -1.4112075748458551e-05 - -4.308020160208763e-06 - 2.848753338097411e-05
