Number: 4912
Error: 1.1322253124631364e-15
A1: [0.06621312893832605, -0.11395213127418194, -0.02398400298216454, 0.07172281549470726] - [0.03740255569204595, 0.18819331551487153, -0.14740900226014808, -0.07818706566372381] - [-0.060229397406934976, 0.32895077507637954, -0.1277531352060752, -0.14096834759433796] - [0.0390461363742019, -0.053322707673051646, -0.03741861241560714, 0.05169509857389219]
A2: [-0.009108535757145342, -0.34680314300410997, 0.2494551306795518, 0.10645672185822343] - [0.08003989592628533, 0.03628233255495765, -0.05025003557952459, -0.06607188216363138] - [-0.04245282731219139, 0.2308318824196589, -0.04053125396173511, -0.14784784765924022] - [0.06813470901244219, -0.29346792902975904, 0.14177116503380757, 0.0835617822332353]
B1: -1.3255494065079759e-09 - 3.91410587763892e-08 - -1.7969836343533623e-08 - -3.7457926343142894e-08
B2: -1.0798418445265447e-08 - -2.816370879604768e-08 - 2.391541612115532e-09 - 7.283753235485987e-09
