Number: 4050
Error: 8.663212748575509e-16
A1: [0.06621318037104734, -0.11395208099081276, -0.023983951589804677, 0.07172286684112143] - [0.03740263385001045, 0.18819339018949846, -0.14740892542488523, -0.07818698882164549] - [-0.06022941094031294, 0.32895076207833734, -0.12775314844903216, -0.1409683607662605] - [0.039046110123409375, -0.053322732589396904, -0.037418637812467966, 0.05169507338329521]
A2: [-0.009108626113556615, -0.34680323885810016, 0.24945503959215384, 0.1064566271245026] - [0.0800398434005766, 0.036282275969730216, -0.05025009298717337, -0.06607194005870005] - [-0.04245294689644041, 0.2308317504389257, -0.04053138211319242, -0.1478479799150397] - [0.06813480672364282, -0.29346782144563216, 0.14177127096221828, 0.08356189178535513]
B1: 2.0665600580020567e-08 - -6.359451928111293e-09 - -3.595675866684443e-08 - 2.1849136819289958e-08
B2: -1.4542006452657008e-10 - 3.1758607687101074e-08 - -1.0084260666005092e-08 - -2.125218099419058e-08
