Number: 9840
Error: 7.112846632110803e-16
A1: [0.05317249668239088, -0.14800132445331063, -0.026999100719667494, 0.12182776849840798] - [0.005313723379638003, 0.1308366978350123, -0.1136007402101315, -0.022549759808441882] - [-0.014444507741992768, 0.22309158965273687, -0.12704121073755312, -0.08160596417547554] - [0.02714645042562789, -0.10002004770829803, -0.04942451809004689, 0.12229811070909959]
A2: [0.08925447667004525, -0.07291335497563894, -0.12362740577747429, 0.10728639862911248] - [0.10884157544253152, 0.24981402772777436, -0.4048454398522042, 0.0461893241514326] - [0.03663564916159621, 0.4625548381210057, -0.377717725946245, -0.1214735532122725] - [0.14342620191328156, -0.044606853747462615, -0.20149976131016725, 0.10267962777565336]
B1: -4.3961182862808616e-08 - -2.405367877106184e-08 - -1.684005024240158e-08 - 4.524153293633351e-09
B2: -2.372930152932762e-08 - -2.0437888512472266e-08 - -2.609814780348513e-08 - -7.403250522880134e-09
