Number: 7025
Error: 9.06491382722294e-16
A1: [0.08043170762916114, -0.1804677878085695, -0.01958883405619388, 0.1196249946801245] - [0.0374155905633003, 0.13359639673650914, -0.13472617564981393, -0.03628581453371579] - [-0.0017027952521651445, 0.2281901402668871, -0.12282835891937094, -0.10365888647018115] - [0.038863197782247186, -0.11448105509644836, -0.04641647801930069, 0.12203419132883615]
A2: [0.03530744923647772, -0.0292734696046974, -0.07569734407989304, 0.06966341420739616] - [0.10289372263417434, 0.2828966729906668, -0.39260642336794155, 0.006815966645540934] - [-0.011187120000888114, 0.5390145705578676, -0.3594510344327388, -0.16837648565032376] - [0.09786280040703019, 0.017463317499229084, -0.16885100956329663, 0.05352487943207405]
B1: 3.6675506095370984e-09 - -9.836821554816348e-09 - -4.4311226889724825e-09 - 6.406628618444123e-10
B2: 8.084449032368976e-09 - -5.460841128442826e-09 - 1.8641222695663398e-08 - -2.995079944139567e-08
