Number: 4696
Error: 8.166361954310596e-16
A1: [0.06621313866127762, -0.11395212176852922, -0.023983993266871097, 0.07172282520131011] - [0.03740257639995516, 0.1881933352998699, -0.14740898190269494, -0.07818704530447072] - [-0.06022931005585387, 0.3289508589722808, -0.12775304972948032, -0.140968262577444] - [0.03904605316637266, -0.0533227866508989, -0.037418692916517345, 0.051695018726643255]
A2: [-0.009108499398547945, -0.34680310443336015, 0.24945516733222947, 0.10645675997808783] - [0.08003991631726999, 0.03628235452187456, -0.050250013293382106, -0.06607185968822984] - [-0.042452788063530505, 0.23083192573681188, -0.04053121190143646, -0.14784780425176727] - [0.06813490175419779, -0.2934677168131083, 0.1417713739840324, 0.08356199833185292]
B1: -1.9839493652614707e-08 - 3.59027484661382e-08 - 4.258284602077203e-09 - 3.924877244472738e-08
B2: 3.1291250538033016e-09 - 7.173597038845381e-09 - 5.375616153266228e-08 - 5.854299671438667e-09
