Number: 575
Error: 2.7836675543381724e-14
A1: [-0.012154016206444154, -0.014517809338065662, 0.01808659549187089, 0.008582432270241016] - [0.06583551005679468, 0.18949552508591463, -0.14532228631087613, -0.1100082549749999] - [-0.0962930025596553, 0.42178615899261707, -0.053457255692054464, -0.2720356509504308] - [-0.0013218491023432916, -0.018219580366055317, -0.003835482071269409, 0.0233763403715979]
A2: [0.16158650808268105, -0.16775498198485855, 0.008501125457157855, -0.002333276869634941] - [0.035485742002369695, 0.20751673995300265, -0.11721040581716553, -0.12579201147644214] - [-0.08621382088682344, 0.5815378512367931, -0.23538899538836575, -0.2599358375135067] - [-0.0038348871632085777, -0.004519211000762377, 0.0011103361990722337, 0.00724346943564362]
B1: 7.336436616036963e-08 - 2.485282310228614e-07 - 7.334045311111571e-08 - 8.104665484167487e-08
B2: 4.4330733503560814e-07 - -7.651846729332865e-08 - -4.1882861919873216e-07 - 1.573243690523307e-07
