Number: 2807
Error: 3.58521870984017e-09
A1: [0.0633869839333391, -0.047919549215476524, -0.023490847219069452, 0.007807955042074424] - [0.04366739912476035, 0.19127626307673526, -0.14255855972671738, -0.09250568536056582] - [-0.12356523799475314, 0.41474097877054245, -0.10498005930459534, -0.1871935337296919] - [0.03679055195989451, 0.01895365484544817, -0.03334561214364351, -0.023263943767762314]
A2: [0.06338830938340922, -0.17373863781753368, 0.08627082195913477, 0.023905361631105185] - [0.029562509031659075, 0.2005672595349883, -0.10143847430400646, -0.1276061983298591] - [-0.09315636134346006, 0.5139308036540876, -0.22535190820118145, -0.19485237459541543] - [-0.02500817560699774, 0.01943484477780984, -0.049367577113119045, 0.057872134474110416]
B1: 1.122270328351562e-05 - 0.0002739704304675214 - 6.236025221837133e-05 - -0.00018023117781265597
B2: 1.984403626543416e-06 - 0.00010615309283214206 - -3.113304856289618e-05 - -3.243709855990039e-05
