Number: 2689
Error: 7.355758625802576e-09
A1: [0.06414428058483435, -0.047165970180507014, -0.02274091843685634, 0.008559552103877639] - [0.04373606276687269, 0.1913423343177979, -0.14248799343886476, -0.09243053545648587] - [-0.1229957467316262, 0.41531051810588926, -0.10440378385540405, -0.18661856429783674] - [0.036423455007940274, 0.01858725244758038, -0.0337104010477562, -0.023627156022141632]
A2: [0.06337085889301709, -0.17375519211108315, 0.08625692273870575, 0.023891068616498066] - [0.029282514959911483, 0.20029127523572818, -0.10171765959309068, -0.127880268156045] - [-0.09340857257034062, 0.5136840039656779, -0.22560574433921718, -0.19509587276232304] - [-0.025893578785753588, 0.018555216223661818, -0.050256725658234594, 0.0570109379711067]
B1: 2.5778072212195563e-05 - 4.93309589452691e-05 - 4.2845226022453765e-05 - 3.7932883878593846e-05
B2: 0.0003054846285683447 - 9.366417936664734e-05 - -0.00018718372056249062 - 5.253417576462186e-05
