Number: 7957
Error: 8.816208037569297e-16
A1: [0.08043168923977616, -0.18046780619588434, -0.019588852423599413, 0.11962497629283658] - [0.03741563191325364, 0.13359643805517063, -0.134726134382199, -0.03628577320664825] - [-0.0017028052874215529, 0.2281901302318429, -0.1228283689399276, -0.10365889650275235] - [0.038863239481451546, -0.11448101351427996, -0.04641643634666842, 0.12203423300212185]
A2: [0.035307443648704154, -0.02927347520791926, -0.07569734939265968, 0.06966340835915782] - [0.10289378561137263, 0.282896736502359, -0.3926063624571733, 0.006816032591819372] - [-0.01118703551756747, 0.539014655545072, -0.35945095446733955, -0.16837639662740064] - [0.097862849220219, 0.01746336653443993, -0.1688509630962378, 0.05352493066995732]
B1: -6.883662827365277e-09 - 8.139893408791313e-09 - 1.3327138205009696e-08 - 4.1852342867045525e-09
B2: 6.306375245480561e-09 - -6.960087419961842e-10 - -1.4100773807868937e-10 - 7.1540896424280726e-09
