Number: 6244
Error: 8.313848256260383e-16
A1: [0.0804316542827027, -0.18046784114898304, -0.019588887338867465, 0.11962494133976072] - [0.037415557258188466, 0.13359636345660755, -0.13472620888856654, -0.03628584782037564] - [-0.0017028295305591837, 0.22819010598923006, -0.12282839314757667, -0.10365892073942447] - [0.038863214285918275, -0.11448103863909108, -0.046416461526146535, 0.12203420782225322]
A2: [0.03530743469526844, -0.02927348418612965, -0.07569735790548758, 0.06966339898844154] - [0.10289371803794295, 0.28289666835542054, -0.39260642781334953, 0.006815961832592724] - [-0.01118714361019694, 0.5390145468077504, -0.35945105677943984, -0.16837651052829755] - [0.09786278816466712, 0.017463305201179138, -0.16885102121722553, 0.053524866581567083]
B1: 3.248542663870857e-09 - -1.0317456704953972e-08 - -5.524713061520794e-09 - -6.5613789699710765e-09
B2: -1.0949601190298059e-08 - -1.0497674182689194e-08 - 6.021683057264008e-09 - -1.3329130171801941e-09
