Number: 4812
Error: 1.0460892460407585e-15
A1: [0.0662131897848838, -0.11395207178734995, -0.023983942183374317, 0.07172287623912686] - [0.03740260986895686, 0.18819336727724073, -0.14740894900009088, -0.07818701239895744] - [-0.06022934913121348, 0.32895082144257076, -0.12775308796630516, -0.14096830060862708] - [0.03904624563356701, -0.05332260396811344, -0.037418506710800575, 0.05169520342041661]
A2: [-0.009108501654050034, -0.34680310682611376, 0.24945516505854118, 0.10645675761336112] - [0.08003987215800965, 0.03628230694972823, -0.050250061556888145, -0.06607190836156901] - [-0.042452777817530395, 0.23083193704491023, -0.04053120092140415, -0.14784779292010664] - [0.0681347185141304, -0.29346791856806165, 0.14177117533447606, 0.08356179288631115]
B1: 2.5356321726434585e-08 - 1.9268910958195467e-08 - -1.5292360158238435e-09 - -3.750525420756366e-08
B2: -1.4792096358233797e-08 - -1.1880438971754069e-08 - -2.1637203649507206e-08 - 2.6637222255674247e-09
