Number: 1994
Error: 3.4761563685657506e-05
A1: [-0.04415327438960486, -0.0522166811779382, -0.036195138110938406, -0.018470811936969474] - [0.0636984241126121, 0.1869689853201537, -0.14966695911406128, -0.11313138390497428] - [-0.08528219718437705, 0.46860730198683537, -0.04295292020158162, -0.22792645571553946] - [-0.019337947744027133, 0.01981884883588672, -0.02488329866188115, 0.04488406433513844]
A2: [0.12409504855938949, -0.233370750425916, 0.014814046903417333, 0.06251502933063031] - [0.030850949518107882, 0.20132802743110131, -0.11693881537977217, -0.12380296154256135] - [-0.08484178746799968, 0.5631711075712232, -0.22612627424967016, -0.21792734469364192] - [-0.025795121484881316, -0.02532025987137173, 0.002694264251137072, 0.02617845248904285]
B1: -0.0009952358720057204 - -0.008758052453873358 - -0.0032121086324845465 - -0.0042233576349168635
B2: -0.0024394582774218106 - -0.004726833688655067 - -0.013054885641296376 - -0.011919603670811943
