Number: 4316
Error: 1.1418641326684605e-15
A1: [0.0662133715467437, -0.11395189408727362, -0.023983760564143523, 0.071723057695981] - [0.03740261795691463, 0.18819337500472746, -0.14740894104900923, -0.07818700444715466] - [-0.06022917361405243, 0.32895099001709643, -0.1277529162155983, -0.14096812978185394] - [0.03904589561463277, -0.05332293619303526, -0.03741884534254741, 0.051694867538281127]
A2: [-0.009108673457675838, -0.34680328908272623, 0.24945499186492337, 0.10645657748683954] - [0.08003992805179885, 0.03628236716334059, -0.050250000468216434, -0.0660718467541328] - [-0.04245267954444279, 0.2308320455051732, -0.040531095608203276, -0.14784768423380637] - [0.06813483521609226, -0.2934677900742274, 0.14177130185078343, 0.08356192373059955]
B1: 5.1742872567984164e-08 - 3.40811750165421e-08 - -4.046462464029161e-09 - -2.6186556171268933e-08
B2: 2.9242351754618828e-08 - -2.0467122791050253e-08 - 3.8902861349690365e-08 - -4.677169614322077e-09
