Number: 4651
Error: 1.0378916101243068e-15
A1: [0.0662132175151928, -0.11395204467673108, -0.023983914474839572, 0.07172290392289468] - [0.037402604667811534, 0.18819336230788875, -0.147408954113224, -0.07818701751253829] - [-0.060229482530755205, 0.32895069331956917, -0.12775321850329283, -0.14096843044355298] - [0.03904589595572767, -0.0533229358693537, -0.03741884501259127, 0.05169486786554857]
A2: [-0.009108756697985975, -0.34680337738754413, 0.24945490795102032, 0.1064564902139481] - [0.08003976214760966, 0.036282188437064475, -0.05025018179195314, -0.06607202961755883] - [-0.042452939169041984, 0.23083175896762992, -0.040531373831902785, -0.14784797136850433] - [0.06813461026901073, -0.2934680377505353, 0.1417710579863813, 0.08356167152370325]
B1: 2.405531251122246e-08 - 1.1345422456327635e-08 - -4.722784197956162e-09 - -1.1349192363740978e-08
B2: 2.46145938091305e-08 - -6.471489361825462e-09 - 8.63757529743498e-08 - -6.404678561947522e-08
