Number: 6122
Error: 1.4926689116473544e-15
A1: [0.08043159709984812, -0.18046789832537283, -0.01958894445335032, 0.11962488416343285] - [0.037415533867803934, 0.13359634008391302, -0.13472623223234872, -0.03628587119780659] - [-0.0017028699005680965, 0.22819006562008753, -0.12282843345847853, -0.10365896109866875] - [0.038862947151690204, -0.11448130502364175, -0.04641672849015519, 0.12203394085404537]
A2: [0.035307358264041015, -0.029273560828758836, -0.07569743057527485, 0.06966331899482871] - [0.10289351152174339, 0.28289646008647534, -0.39260662755306475, 0.0068157455798760844] - [-0.01118717319087858, 0.5390145170506293, -0.3594510847781747, -0.16837654169850966] - [0.09786269603188397, 0.017463212649306604, -0.16885110892160873, 0.053524769872088894]
B1: -2.418928683959988e-09 - -3.4935258426505306e-08 - 7.814952107507085e-09 - 2.8691278851285947e-09
B2: 1.2080843487447487e-07 - 1.4980884178204487e-07 - -3.2500171586691714e-07 - -4.822112066519969e-08
