Number: 5657
Error: 0.00015728645598980678
A1: [0.053986739119614935, -0.12580984854603322, -0.03616606006588439, 0.05952668420642531] - [0.028305388631136148, 0.17958994626448643, -0.15631779189129333, -0.08709613019828209] - [-0.10440432349475923, 0.2865588675464248, -0.17097109071360858, -0.18394316806972022] - [0.03404306331109983, -0.05781833926190408, -0.042164467235438326, 0.046871990189232805]
A2: [-0.005303647864164419, -0.34279826042605654, 0.25301356761229793, 0.11083410105518308] - [0.09086868655386023, 0.047955838870312704, -0.03853439077402021, -0.054021326651104436] - [-0.03423105927847547, 0.23989276755882155, -0.031948335379728396, -0.13847978376865502] - [0.08664048250215933, -0.2731053729812775, 0.1615494458978043, 0.10474482970434747]
B1: -0.0011508265794186994 - -0.005390193470088693 - -0.003360639059095359 - -0.006659620028996145
B2: 0.005273750169230401 - 0.008065830388292184 - 0.014783105148920825 - 0.00029988880373854436
