Number: 2766
Error: 4.029781880677296e-09
A1: [0.06365401668265737, -0.047653805837188985, -0.02322645606958966, 0.008072828920787232] - [0.04403289297369375, 0.19162891925574024, -0.1421823896311884, -0.09210417866548462] - [-0.12320909120156212, 0.4150974620308388, -0.10462080815405023, -0.18683499146023055] - [0.03752594197218037, 0.019690864482681696, -0.03260995680182025, -0.02253198268146301]
A2: [0.06333268106008423, -0.17379349006599026, 0.0862180146401871, 0.023852068726733813] - [0.02933903956797281, 0.20034706138533792, -0.10166125642832505, -0.12782502339572774] - [-0.09347622062712983, 0.5136169943438351, -0.22567223564254124, -0.19516251786266667] - [-0.025578022643040904, 0.01886819056033193, -0.04993898283347327, 0.05731673105512183]
B1: 4.432723319850771e-05 - 5.2459464974656726e-05 - 7.117539760116949e-05 - -7.373722526198114e-05
B2: -8.996833320492038e-05 - 4.6702896757454455e-05 - 6.917918258750808e-05 - -7.459773257867522e-05
