Number: 547
Error: 1.0922162065434645e-13
A1: [-0.012152012862699811, -0.014515751696780805, 0.018088809795925094, 0.008584573077670198] - [0.06583588230385455, 0.1894958831719111, -0.14532190143980114, -0.11000784051505101] - [-0.09629136331270295, 0.42178774329803154, -0.05345547690957098, -0.27203374114335344] - [-0.0013227813423418104, -0.018220476914801772, -0.003836474410851477, 0.023375262858171604]
A2: [0.16158673107884472, -0.16775476318875338, 0.008501343957655588, -0.00233305947568682] - [0.035485685157531414, 0.20751668402170229, -0.1172104624240325, -0.12579206708500046] - [-0.08621408004196321, 0.5815375973953822, -0.23538924755595877, -0.2599360902269735] - [-0.0038349911046405808, -0.004519313214899083, 0.0011102333211537663, 0.007243369990117605]
B1: 1.1676497116807498e-07 - 1.3096846925917667e-07 - 1.9854123968157737e-07 - 6.888281278445672e-09
B2: 1.2211594370374937e-08 - 3.1126064180669464e-07 - 5.696035935720996e-07 - -7.670777208650689e-07
