Number: 1679
Error: 3.036291800025994e-07
A1: [-0.008524555703715216, -0.01634671094259576, 0.0016082328957644832, 0.018069713144285612] - [0.06765696065060367, 0.19068302352219982, -0.14587792400284932, -0.10893889040910763] - [-0.11254901193517826, 0.4418074259768654, -0.07075767224355037, -0.25807007303274987] - [-0.025244914240901868, 0.013492802589400546, -0.0318479519269276, 0.036921292875748336]
A2: [0.13167263118597777, -0.22454228403061882, 0.02274528440164671, 0.0702367543472854] - [0.03278635669538988, 0.20388715854728942, -0.1147492825010898, -0.12131924877059946] - [-0.09483644039341453, 0.5553351135694203, -0.2354098860054545, -0.22585044838539986] - [-0.021283960016832453, -0.019733042188634673, 0.007659802941674621, 0.03173588691877675]
B1: 0.00021698867424454465 - 0.0005237724595308521 - 0.00019567838572630674 - 6.992973416359536e-05
B2: -0.00046425440225797714 - 0.0005120007856987325 - -0.0005652521496900011 - -0.0003551264282984658
