Number: 3226
Error: 0.007069846717294763
A1: [0.41311241273347915, 0.28098557538808716, 0.3243469970380067, 0.42389400384104536] - [-0.17071834179576015, -0.014352704881028362, -0.34990434885074345, -0.27097357709001324] - [-0.15964192976663347, 0.3273204000020794, -0.17116000792850888, -0.17603609568673947] - [-0.13366445586788964, -0.16423455786005187, -0.1813906402800783, -0.08160453836971722]
A2: [0.2960475027245745, -0.1718212794454859, 0.4528342753377351, 0.2437533969785103] - [-0.22182155733570702, -0.12582758521501075, -0.22867167661798332, -0.30250996959689613] - [-0.07268101668188626, 0.29106416205998653, -0.09928266322990466, -0.22403467304871183] - [-0.05186043697099646, -0.27772243345557884, 0.004212757757550575, -0.062042399428555176]
B1: -0.180091780437843 - -0.43276832539782023 - -0.25088025004431574 - -0.24036052126838073
B2: -0.16143827024243732 - -0.3211251369590804 - -0.041690284512652956 - -0.0967347020563164
