Number: 1815
Error: 1.7576740768001031e-07
A1: [-0.009177427273468545, -0.01699277956325013, 0.0009716731663533464, 0.017387408531128398] - [0.067230278949232, 0.19027838151563883, -0.14632044552332513, -0.10941238453239205] - [-0.11353135425267658, 0.4408813697000478, -0.07181699893881775, -0.259118340859501] - [-0.023890747159080152, 0.014866271846361287, -0.030536573091965672, 0.03836802880956726]
A2: [0.13308551982850952, -0.22317968787621048, 0.024152944184851793, 0.07163061842919724] - [0.03184511840221386, 0.20297154376211496, -0.11568394745616685, -0.1222339435144828] - [-0.09379809727449273, 0.5563919173256485, -0.23430444239914855, -0.2246981719928249] - [-0.02063520591523566, -0.01912785282268874, 0.008300581945172119, 0.032347093403582224]
B1: 0.0002882946372867791 - -0.00046365257749412516 - 0.000912461076922494 - -0.00017551955748093968
B2: -0.00043109650276949315 - 0.00040585418224695037 - -0.00011593336410167543 - -0.00016460816660741518
