Number: 7840
Error: 9.167359937664749e-16
A1: [0.08043163987510435, -0.18046785555496236, -0.019588901729235428, 0.11962492693380748] - [0.03741554517554905, 0.1335963513831069, -0.13472622094711467, -0.03628585989632019] - [-0.0017028404724540396, 0.22819009504755972, -0.12282840407344435, -0.10365893167839536] - [0.038863173600406836, -0.11448107921043861, -0.04641650218573097, 0.12203416716202392]
A2: [0.03530726314462309, -0.029273656211223176, -0.07569752101387048, 0.06966321944230336] - [0.10289373139438787, 0.2828966818252483, -0.39260641489516934, 0.006815975818775341] - [-0.01118705031786993, 0.5390146406565113, -0.3594509684761664, -0.16837641222296704] - [0.09786276814907606, 0.01746328509455725, -0.1688510402708145, 0.053524845571764984]
B1: 2.1366089653079693e-08 - 1.8196398576183275e-09 - 3.0397710080682666e-08 - 2.108804058430883e-08
B2: 8.186907939397792e-10 - 6.315313862006955e-08 - 3.182569245831725e-09 - 4.0409130232575585e-09
