Number: 6185
Error: 1.1028554452294463e-15
A1: [0.08043162103531612, -0.1804678743926042, -0.01958892054649935, 0.1196249080961715] - [0.03741552041147306, 0.13359632663777987, -0.1347262456618633, -0.03628588464667993] - [-0.001702808007744218, 0.22819012751158602, -0.12282837165627479, -0.10365889922235368] - [0.03886323170567485, -0.11448102126822095, -0.04641644411749008, 0.122034225231183]
A2: [0.03530741964283056, -0.02927349928020071, -0.07569737221714469, 0.0696633832344244] - [0.1028937226149728, 0.28289667297129656, -0.39260642338650714, 0.006815966625413978] - [-0.011187093279466225, 0.5390145974386863, -0.3594510091403392, -0.16837645749301694] - [0.09786278740711352, 0.01746330444017981, -0.16885102193836718, 0.053524865786382214]
B1: -1.062196421857735e-08 - -2.8656262300451406e-09 - -5.760393030020798e-09 - -3.805525529224748e-09
B2: -2.5594511221957488e-08 - -3.4738178861882626e-08 - 2.8842735746417008e-08 - 1.6357578865854527e-08
