Number: 9286
Error: 3.6261631294645258e-09
A1: [0.052865810414810754, -0.1483081156602443, -0.027305408491967536, 0.1215209407835184] - [0.005158062214185666, 0.13068091029759993, -0.11375631734241684, -0.02270557650331213] - [-0.014781699443800648, 0.2227542842056342, -0.1273781059184552, -0.0819432821530802] - [0.02678385355440537, -0.10038262074553794, -0.04978780448642382, 0.12193464754775339]
A2: [0.08934528524870261, -0.07282264095946545, -0.12353867673102982, 0.10737836842043726] - [0.10900825059824704, 0.2499808125640779, -0.4046821040666816, 0.04635883777881563] - [0.03679480919277456, 0.4627132399156963, -0.3775624573892866, -0.12131272887663043] - [0.14357197884055647, -0.04446159548504816, -0.201357421887803, 0.10282754550544163]
B1: -7.733743351057257e-05 - -5.002313301261804e-05 - -1.3734252318123749e-05 - 4.96984581393332e-06
B2: 4.959288972645611e-05 - -0.0001161881462023326 - 0.00011233986498129817 - -2.0669492327286023e-05
