Number: 3132
Error: 2.4910419267689515e-06
A1: [0.0674468983705215, -0.044093120672267096, -0.01971006719153436, 0.011647151091666844] - [0.044071868076816095, 0.19151702008351865, -0.1422607023085659, -0.0922486026868343] - [-0.12072942649835554, 0.41731291447901486, -0.10239861663422363, -0.18457424800016528] - [0.03255392414001551, 0.014403328329069908, -0.03803516445886501, -0.027519927936435262]
A2: [0.05147802861518258, -0.18546533256395517, 0.07430585701523182, 0.011974493534122077] - [0.022516420836378625, 0.19363311277878759, -0.10842589970417427, -0.13449692649296377] - [-0.10674058663446942, 0.5005839007936602, -0.23899048588658256, -0.20795741684504288] - [-0.03020943777677851, 0.0142860737398025, -0.05458925946786203, 0.0526896752559894]
B1: 0.0024978087929235803 - -0.007585645903138842 - 0.00020419109979646937 - -0.003937562723629742
B2: -0.0010982271559601667 - 0.000253789567440872 - -0.0011543258467555688 - -0.002518610086071371
