Number: 1646
Error: 5.355196349898235e-08
A1: [-0.007043990711315073, -0.014850448428281699, 0.0031463038944239095, 0.01959263279513455] - [0.06686591705611337, 0.18992217999734168, -0.14669584591859255, -0.10981802630207435] - [-0.11327863352019206, 0.44109873300857905, -0.07151304996517797, -0.25886293202013055] - [-0.02423064514524713, 0.014494668694025875, -0.03081455924895303, 0.03799802939173993]
A2: [0.13086415525294634, -0.2253407089923197, 0.021947802566522314, 0.06944947813674007] - [0.033006452132440196, 0.20410401263751943, -0.11452918693338078, -0.1211048507817029] - [-0.09543920814516738, 0.5547395461608509, -0.23600941013064314, -0.22643943888861467] - [-0.02092875145166824, -0.019386788834347204, 0.00801255554208835, 0.032077430652973124]
B1: 3.918284046644792e-05 - -0.0001804775942128674 - 0.00025345502090359334 - 0.00016662360667213985
B2: 0.00018809199356465648 - -0.00012281628219097007 - -0.0005848550686035987 - 0.00016201817348104365
