Number: 5078
Error: 1.034089494670992e-15
A1: [0.06621326175647806, -0.11395200142404709, -0.023983870268253056, 0.07172294808995] - [0.03740263200753764, 0.1881933884291796, -0.14740892723614668, -0.07818699063309086] - [-0.060229320249680855, 0.32895084918169887, -0.12775305970451686, -0.14096827249884084] - [0.03904617574928893, -0.05332267029963477, -0.037418574321471984, 0.05169513635871534]
A2: [-0.009108671121023757, -0.34680328660368914, 0.24945499422045878, 0.10645657993687706] - [0.08003986820795343, 0.036282302694389854, -0.050250065874057746, -0.06607191271541171] - [-0.042452777920050554, 0.2308319369317339, -0.0405312010312916, -0.14784779303354903] - [0.06813479835976949, -0.2934678306547052, 0.14177126189469547, 0.08356188240779974]
B1: -2.66737290463561e-08 - 3.418899734662598e-08 - 2.621006947769079e-08 - 1.809571390038822e-08
B2: 3.268900809482702e-08 - -2.584537951683872e-09 - 4.4273652577524796e-08 - -8.453305859883374e-09
