Number: 8647
Error: 3.2882411433505385e-15
A1: [0.08043169531119039, -0.18046780012512043, -0.019588846359453023, 0.11962498236357644] - [0.03741562100058098, 0.13359642715081757, -0.13472614527294913, -0.03628578411317209] - [-0.001702803312479506, 0.22819013220674286, -0.12282836696788957, -0.10365889452832713] - [0.038863240608423895, -0.11448101239038364, -0.04641643522039672, 0.122034234128452]
A2: [0.0353074295211549, -0.02927348937452023, -0.07569736282499394, 0.06966339357313382] - [0.10289371543465828, 0.2828966657300974, -0.3926064303312144, 0.006815959106621204] - [-0.011187111828676747, 0.5390145787788114, -0.3594510266976124, -0.1683764770389097] - [0.0978627981486118, 0.01746331523051016, -0.16885101171317657, 0.05352487706144686]
B1: -5.7576460566786975e-09 - -2.867967722119905e-08 - -1.4755105303485704e-08 - -4.154272707568264e-09
B2: 3.0333185863004965e-08 - 4.02616943231264e-08 - 5.9175285472528063e-08 - 2.4509370553724347e-08
