Number: 5385
Error: 1.0900622878909671e-15
A1: [0.06621318584236104, -0.11395207564171946, -0.023983946122769263, 0.0717228723032496] - [0.03740263629776525, 0.18819339252832443, -0.14740892301842676, -0.07818698641500203] - [-0.06022921496763544, 0.32895095029931626, -0.1277529566815515, -0.14096817002990716] - [0.03904612827001615, -0.05332271536513654, -0.03741862025600165, 0.051695090797124164]
A2: [-0.009108567566272926, -0.34680317674841926, 0.24945509861270923, 0.10645668850820357] - [0.08003955160522762, 0.036281961623032453, -0.050250411902070184, -0.06607226168171064] - [-0.04245280213711506, 0.2308319102042829, -0.0405312269834807, -0.14784781981666087] - [0.068134762152076, -0.2934678705208745, 0.14177122264182462, 0.08356184181245095]
B1: -1.7076007516633266e-09 - 7.557704080263881e-08 - 2.1529421192060508e-08 - 2.5775806624665457e-08
B2: 3.573486075964749e-08 - 5.590376938057143e-08 - 3.270751890011111e-09 - 3.359594503072938e-08
