Number: 4962
Error: 1.0042872149410257e-15
A1: [0.0662131733236915, -0.11395208788067294, -0.02398395863163083, 0.07172285980558385] - [0.03740262435852176, 0.18819338112104933, -0.14740893475572978, -0.07818699815333661] - [-0.06022932947259659, 0.3289508403236158, -0.12775306872950676, -0.14096828147530205] - [0.039046192669514576, -0.05332265423961828, -0.03741855795174156, 0.05169515259553369]
A2: [-0.009108520392283036, -0.3468031267044333, 0.24945514616872436, 0.10645673796741308] - [0.0800398308010813, 0.03628226239650917, -0.05025010675760015, -0.06607195394609285] - [-0.04245282207022652, 0.2308318882050046, -0.04053124834424971, -0.1478478418618354] - [0.0681347824614674, -0.2934678481593733, 0.14177124465946997, 0.08356186458292846]
B1: -2.2487709716401985e-09 - 4.662547138192895e-09 - 4.2168739699015695e-09 - 6.349202668351901e-10
B2: -1.0294488927477702e-08 - 1.1823305540359916e-08 - 1.2478908459204744e-08 - 7.198530255786077e-09
