Number: 361
Error: 4.998073961894344e-10
A1: [-0.01202510476864699, -0.014385399631740608, 0.018229084681711097, 0.008720198915552486] - [0.06588007987418495, 0.18953839957058172, -0.14527620626595147, -0.10995863092378012] - [-0.09627817618362614, 0.42180049064972674, -0.05344116283270026, -0.2720183795141219] - [-0.0012796482616854357, -0.018178994722021266, -0.003790554073857596, 0.023425115525919388]
A2: [0.1616049094518322, -0.16773693474303195, 0.008519151779467184, -0.002315343792601271] - [0.03548884303271826, 0.20751978944988847, -0.11720731945445763, -0.12578897863685784] - [-0.08619859717074281, 0.5815527583943365, -0.23537418808980035, -0.2599210016530585] - [-0.003844778221134161, -0.004528936621350343, 0.0011005522476899697, 0.007234010279887127]
B1: -1.0494307548541708e-05 - 3.5280903629427294e-05 - 1.9966683104971451e-07 - 1.5187050262425536e-06
B2: -6.670937156476613e-05 - 6.164909276068999e-06 - 3.0190455596326698e-05 - 1.1021355739660069e-05
