Number: 6772
Error: 8.804843489890194e-16
A1: [0.08043161663188834, -0.1804678787955365, -0.019588924944664635, 0.11962490369324344] - [0.037415541710784136, 0.13359634792096792, -0.1347262244049933, -0.03628586335917125] - [-0.0017028686574237972, 0.22819006686319523, -0.12282843221715199, -0.10365895985584889] - [0.03886318129483125, -0.11448107153759363, -0.04641649449621146, 0.12203417485166719]
A2: [0.03530746788338858, -0.02927345090621295, -0.07569732635065726, 0.06966343372341778] - [0.10289375646452303, 0.2828967071081332, -0.39260639064767133, 0.006816002070854674] - [-0.011187077722173068, 0.5390146130887671, -0.359450994415014, -0.1683764410997533] - [0.09786283450825119, 0.01746335175556518, -0.16885097710114472, 0.053524915227258704]
B1: -1.7859158246651268e-08 - -2.019612220387586e-08 - -1.5072254128676718e-08 - -1.837039296303655e-08
B2: -2.4780583810444133e-08 - -1.163433500282993e-08 - -1.131572860944924e-08 - -1.0529309908854637e-08
