Number: 2756
Error: 2.756544264018908e-08
A1: [0.0638807458703214, -0.047427926384935856, -0.023001814479698568, 0.008298037401433141] - [0.04391997183582814, 0.19151990124116872, -0.14229866300420396, -0.09222832639679858] - [-0.12429569318251509, 0.41401427427790277, -0.10571152221164606, -0.18792210491105418] - [0.03761597200282305, 0.019781031641800728, -0.0325201938855463, -0.022442483843017717]
A2: [0.0635861083119092, -0.17354121362200878, 0.0864708284929672, 0.024102471933225282] - [0.02945267903666121, 0.2004590045276316, -0.1015480857991366, -0.12771376668582438] - [-0.0929003995344169, 0.5141822759663318, -0.22509530174321174, -0.1946045975072461] - [-0.02565610698427737, 0.018790598792722997, -0.05001757732957587, 0.057240923832655555]
B1: 1.8175402461197145e-05 - 7.209444611948134e-05 - 2.087779566924001e-05 - 0.00016116570070835585
B2: 1.4911158781998515e-05 - 7.977389732126742e-05 - 0.00045836712408755533 - -0.0001370739500758244
