Number: 3795
Error: 8.903219598367258e-16
A1: [0.06621322935992888, -0.11395203309667938, -0.02398390263937799, 0.07172291574777916] - [0.03740263470666537, 0.18819339100796667, -0.1474089245827368, -0.07818698797942032] - [-0.06022935671646484, 0.32895081415736105, -0.1277530953887936, -0.14096830799141308] - [0.03904616973854826, -0.053322676004963765, -0.03741858013681494, 0.05169513059064064]
A2: [-0.009108655081357801, -0.3468032695884439, 0.24945501038997844, 0.10645659675330642] - [0.08003982054191888, 0.03628225134440602, -0.05025011797038974, -0.06607196525405053] - [-0.04245282504556026, 0.23083188492118398, -0.04053125153293409, -0.14784784515249033] - [0.06813477304770212, -0.29346785852430385, 0.1417712344542783, 0.08356185402840988]
B1: -1.0762983012872277e-08 - 3.067182772409534e-08 - -1.4796498177403473e-08 - 1.765300571813773e-08
B2: -5.5391443636604375e-09 - 1.4433567914201105e-08 - -7.2371949836197185e-09 - 1.3110083230378565e-08
