Number: 8522
Error: 1.0315270405381843e-15
A1: [0.08043170967243003, -0.18046778576551728, -0.019588832015396407, 0.11962499672316299] - [0.03741558767122454, 0.1335963938466988, -0.1347261785358984, -0.03628581742405789] - [-0.0017028263543769464, 0.22819010916531826, -0.12282838997605508, -0.1036589175640927] - [0.038863227926349386, -0.11448102503686851, -0.046416447894383636, 0.12203422145425909]
A2: [0.035307339928526284, -0.02927357921492695, -0.07569744800873708, 0.0696632998049871] - [0.10289374905916412, 0.2828966996399608, -0.392606397809986, 0.006815994316333198] - [-0.011187149922907794, 0.5390145404573865, -0.35945106275472827, -0.16837651718002575] - [0.09786279606861265, 0.01746331314104954, -0.16885101369319835, 0.053524874878139166]
B1: -1.881995093313926e-08 - -2.785411811211962e-08 - 1.6450195867803582e-08 - 1.9016799338086897e-09
B2: -1.703862171571643e-08 - 4.232670150635907e-08 - -1.4399629520166357e-08 - 2.041625051203479e-10
