Number: 4941
Error: 9.776643807779462e-16
A1: [0.06621322271841434, -0.11395203958974734, -0.023983909275672503, 0.07172290911740961] - [0.03740265698233215, 0.18819341229089423, -0.14740890268402113, -0.07818696607879055] - [-0.06022937434464613, 0.3289507972264471, -0.12775311263866806, -0.1409683251483033] - [0.03904614753641583, -0.053322697078291806, -0.037418601616530836, 0.051695109285285076]
A2: [-0.009108590146826025, -0.3468032007029572, 0.24945507584981186, 0.10645666483369465] - [0.08003982183677141, 0.03628225273938619, -0.05025011655507171, -0.06607196382675534] - [-0.04245278869003849, 0.2308319250453617, -0.04053121257278232, -0.14784780494470093] - [0.06813478371013908, -0.2934678467845329, 0.14177124601314972, 0.08356186598291745]
B1: 2.6776093289594752e-08 - -2.430139167794854e-08 - 1.2813247825467915e-08 - 1.8573054641252805e-08
B2: 1.6155484131326096e-08 - 4.6221257204292025e-08 - -1.862427613077612e-08 - -3.084539536588602e-08
