Number: 7988
Error: 1.4218146556389125e-15
A1: [0.0804316880056131, -0.18046780742990676, -0.01958885365628522, 0.11962497505881539] - [0.037415576985726215, 0.13359638316921787, -0.13472618920027746, -0.03628582810374641] - [-0.0017028378909335878, 0.22819009762902548, -0.12282840149570462, -0.103658929097564] - [0.038863234070070446, -0.1144810189104736, -0.046416441754599067, 0.12203422759410526]
A2: [0.0353074797993498, -0.02927343895728343, -0.07569731502103676, 0.06966344619467736] - [0.10289367155849148, 0.2828966214815201, -0.392606472767705, 0.006815913161903755] - [-0.011187158195514491, 0.5390145321354143, -0.3594510705848577, -0.16837652589724525] - [0.09786278034722017, 0.01746329734816745, -0.16885102865896254, 0.05352485837582895]
B1: 1.718017366272098e-08 - -1.1018035476279576e-08 - -1.6021011958467522e-08 - 1.993341710703239e-09
B2: -2.0647917209401792e-08 - 3.7512440754696814e-08 - -4.948302360577434e-09 - -1.530527678036267e-08
