Number: 5071
Error: 1.3230744580689791e-15
A1: [0.06621331621297957, -0.11395194818444913, -0.02398381585448463, 0.07172300245506304] - [0.03740266117091633, 0.18819341629281694, -0.14740889856630848, -0.07818696196071662] - [-0.06022924738693136, 0.3289509191624251, -0.127752988405296, -0.14096820158309287] - [0.03904614803123979, -0.05332269660858938, -0.037418601137774725, 0.05169510976014991]
A2: [-0.009108650530759047, -0.346803264760689, 0.24945501497731687, 0.10645660152460051] - [0.08003985156183487, 0.03628228476176875, -0.050250084067298334, -0.06607193106313056] - [-0.04245279139429628, 0.23083192206076522, -0.04053121547079551, -0.14784780793550953] - [0.06813478261778504, -0.2934678479872633, 0.14177124482890974, 0.0835618647581913]
B1: -1.0546850355067113e-08 - 2.148266324609166e-08 - 1.7874923624500536e-08 - 1.5534939056041e-08
B2: 4.773487957005322e-08 - -3.130674505729068e-08 - -6.817186330646509e-08 - 1.6024295759491903e-08
