Number: 2537
Error: 4.915403290778766e-08
A1: [0.06364420500565278, -0.047658207460870496, -0.02323318559931394, 0.008064585724807071] - [0.0432637941883567, 0.19088494171334147, -0.14297714254363778, -0.09295343151422439] - [-0.12350666504786009, 0.4148073371017382, -0.10491160002113312, -0.18712492642922907] - [0.037067275957541876, 0.019239771048780885, -0.03306298667683072, -0.022982728592207263]
A2: [0.0649852331532396, -0.17216042247485835, 0.08786788378414229, 0.02548487270619859] - [0.02859111914690287, 0.19961014865739005, -0.10240632761413682, -0.1285571999486412] - [-0.09412059900682165, 0.5129841393929734, -0.2263218024306226, -0.19578635687301163] - [-0.026602031903699332, 0.01785313329172759, -0.050971395531734194, 0.05631767635103065]
B1: 0.0003004215537756609 - 7.325841352398611e-05 - -0.00025602139427135433 - 2.645265926845086e-05
B2: 2.1036658420877153e-05 - -0.0002029545117835796 - -0.00011277484464081843 - -7.682329659155463e-05
