Number: 1018
Error: 0.0020549189483286376
A1: [-0.11655209350371049, -0.123127851604955, -0.10500737850354186, -0.09982078371505039] - [0.07018332618207346, 0.19329940997428285, -0.14217075262292156, -0.10563686574750669] - [-0.12375298727575398, 0.3933792828969142, -0.10012871254492793, -0.303457750767464] - [0.07614485607731747, 0.061383593314644505, 0.06045513545379396, 0.11155723544775911]
A2: [0.10745993940910417, -0.23934584526637462, -0.04241129257210549, -0.04087402981752718] - [0.04934747742040233, 0.21826092690697302, -0.10275420077983355, -0.10963086067929517] - [-0.1313443847343593, 0.5317586392701564, -0.2717106041463544, -0.29670559220068227] - [-0.04001419721335444, -0.04279822105891963, -0.0295062179245191, -0.020697771962597977]
B1: -0.0034993246364451404 - -0.05848155901070367 - -0.009549726485134658 - -0.008963291867540954
B2: 0.04852497790637402 - 0.03476234911996788 - 0.01869580572837587 - 0.005332395098007056
