Number: 3139
Error: 2.23988024195767e-05
A1: [0.05724468741390806, -0.05416047371543556, -0.029723713635779647, 0.0016595329565943394] - [0.042885511072526715, 0.1904026903209758, -0.14345647073148785, -0.09354316776034392] - [-0.1310803184429734, 0.4070622743563214, -0.1127252983443466, -0.19482804423982436] - [0.029391388098365723, 0.01118843846024134, -0.04120854865934763, -0.03066182930102726]
A2: [0.06254540477048706, -0.17442686369735494, 0.08530337510920563, 0.022846667693898183] - [0.0344664875583366, 0.20538799930455678, -0.09652119755693725, -0.1228281888484121] - [-0.10403949945024325, 0.5032252782319403, -0.23628635083214716, -0.20538117729431507] - [-0.035219460397296974, 0.009304655861253628, -0.05958463916619663, 0.04777112383484183]
B1: 0.0036147784374768294 - -0.003906628212151497 - 0.0034589490972792777 - 0.0010813741814221203
B2: 0.0035477898182369105 - 0.0071643357221037145 - 0.004056493803707557 - 0.0045623323974065735
