Number: 3092
Error: 1.1904727990346864e-06
A1: [0.06705140497959185, -0.0443363889428109, -0.01990396535971778, 0.011425718826797417] - [0.045134873596955165, 0.19267531819276645, -0.14105836956959175, -0.09088781705180062] - [-0.12195508481438529, 0.41628701274175467, -0.10340090464682532, -0.18558401150608306] - [0.040095720171898316, 0.022168781603159295, -0.030113261177858945, -0.020015361389449624]
A2: [0.06653293919624062, -0.17055322009891896, 0.08937925633075448, 0.0269786613016171] - [0.034756871870936686, 0.20567413026657846, -0.09624861217646652, -0.12251801350189051] - [-0.09697984300376804, 0.5101880820706064, -0.22917907761234815, -0.19855013229312815] - [-0.027900948123880262, 0.016580605414021447, -0.05229289301290123, 0.05504831723759969]
B1: 0.0016441130666997364 - 0.00028409487467397163 - -0.0009626006886216309 - 0.0001422347725759433
B2: -0.0008660174784941246 - -0.0009110862627495434 - -0.00027208772530314996 - 0.00014217444603414138
