Number: 9290
Error: 2.202231393431225e-09
A1: [0.052819515700929326, -0.14835442494200843, -0.027351651457393336, 0.12147462379606462] - [0.005246447991956538, 0.13076937998621388, -0.11366795054584904, -0.022617078680023817] - [-0.014895964146671084, 0.22263997988645254, -0.12749227790969037, -0.08205758384679922] - [0.02681251108150122, -0.10035396465401719, -0.04975909409528357, 0.12196336494837078]
A2: [0.08929658790576503, -0.07287123682047106, -0.123586276801996, 0.10732906579266974] - [0.10900633659460714, 0.24997889560923042, -0.40468397628156394, 0.046356884722887765] - [0.0368562748900144, 0.46277437663751775, -0.3775024878208906, -0.12125063159118325] - [0.1435813284785901, -0.044452287455847075, -0.20134829490244047, 0.10283703599489949]
B1: -7.85395888502483e-05 - -3.859220219705067e-05 - 4.1857089295630605e-05 - 6.70521378262237e-05
B2: 7.052158288461209e-06 - -0.00018777330881611587 - 8.96481816812598e-05 - -6.0767391246801785e-05
