Number: 1997
Error: 5.7164752616282545e-05
A1: [-0.034478505009387955, -0.04261920363220084, -0.02664075930337924, -0.008715808831801834] - [0.04806290271090813, 0.1719110764308694, -0.16587568208472012, -0.13056672384917253] - [-0.11209590366591468, 0.4424063484075524, -0.07070454135078894, -0.2566457408243894] - [-0.050389643642396856, -0.010545201256375224, -0.05648882095189887, 0.012353363255596599]
A2: [0.11874849093258591, -0.238719240712461, 0.009702300693633327, 0.05745822770709956] - [0.025637268305043794, 0.19611897927668956, -0.12217322507857414, -0.12894591777173217] - [-0.07575145720387749, 0.5721489045429115, -0.2169979869727465, -0.20878796704754912] - [-0.02610087679075974, -0.02565930415001441, 0.002432704717450389, 0.025942027360335206]
B1: -0.005943469711786723 - -0.015434451857110839 - -0.012249475569986465 - -0.011290134587081183
B2: -0.004660877183238625 - -0.007585774915979797 - -0.00028586450698801433 - -0.007624850368662672
