Number: 3711
Error: 1.1353298322056702e-15
A1: [0.06621292214062328, -0.11395233345059373, -0.023984209617606226, 0.07172260904405589] - [0.03740269423623306, 0.18819344788434447, -0.14740886606065765, -0.07818692945211929] - [-0.060229632552073926, 0.3289505492326671, -0.12775336530518522, -0.1409685764560354] - [0.03904610646813873, -0.053322736058955454, -0.03741864134876717, 0.05169506987573628]
A2: [-0.009108573275121712, -0.3468031828048846, 0.24945509285813686, 0.1064566825226009] - [0.08004011294241228, 0.03628256634370241, -0.05024979839316046, -0.06607164296309796] - [-0.0424530159233216, 0.2308316742563673, -0.04053145608517363, -0.14784805625648137] - [0.06813463580420041, -0.29346800963570163, 0.1417710856689712, 0.08356170015269351]
B1: -2.6252242681027162e-08 - 5.7888254651745984e-08 - 5.60139938949657e-08 - -5.117799748240382e-08
B2: 7.743344489762158e-08 - 7.75712392964684e-08 - -3.916175517346041e-09 - -8.877806905927612e-08
