Number: 1796
Error: 1.2068962743692583e-07
A1: [-0.01093983983916128, -0.018781904571734277, -0.0008719317056626438, 0.015575292319874603] - [0.06717634957949394, 0.19022707255797372, -0.14637651228099471, -0.10947223190535335] - [-0.11406891055116204, 0.44035145655893093, -0.07238133469201481, -0.259698708904336] - [-0.023050516381912793, 0.01569380463797343, -0.02967261316894356, 0.03925713995558565]
A2: [0.13194705834559353, -0.22428432913145357, 0.023042191662727737, 0.07053200617544163] - [0.03236800098409929, 0.2034811239612372, -0.11516608322033055, -0.12172736639058078] - [-0.09475835206539929, 0.5554342345261154, -0.23525399437509925, -0.22566185765692406] - [-0.021073236435481108, -0.019546060334347887, 0.007871299299700853, 0.03193721007329399]
B1: 2.6241862676880704e-05 - 0.0006894546114825376 - 0.0003944997961309841 - -0.00016444003532034156
B2: 7.502861429347473e-05 - -0.00028882077584823816 - 0.0002739424372261795 - -0.00021006003695062076
