Number: 6604
Error: 1.0259896977478749e-15
A1: [0.08043168151826043, -0.1804678139165139, -0.019588860135876508, 0.11962496857220514] - [0.037415599193542044, 0.13359640536021838, -0.1347261670367702, -0.03628580590825487] - [-0.0017028475714798343, 0.22819008794869106, -0.12282841116208189, -0.10365893877553277] - [0.03886324794033003, -0.11448100507912932, -0.04641642789317858, 0.12203424145574547]
A2: [0.03530744579832248, -0.029273473052363323, -0.07569734734885518, 0.06966341060899893] - [0.1028937460208779, 0.2828966965758512, -0.3926064007486267, 0.006815991134829492] - [-0.011187088187081425, 0.5390146025614431, -0.35945100432028665, -0.16837645212698366] - [0.09786281430108745, 0.01746333145648689, -0.16885099633705855, 0.05352489401631651]
B1: 3.373466028993562e-09 - 3.828756474026863e-09 - 5.707472520769664e-09 - 4.514466408681326e-09
B2: 3.505855766296501e-09 - 1.2812046977939241e-08 - -1.631481838099555e-08 - 1.713838295555812e-08
