Number: 2238
Error: 0.0003363915678103236
A1: [0.08932357214725589, -0.018441779330522618, 0.004510890400780381, 0.034170543347126096] - [0.03760437856434438, 0.17435637374329035, -0.1690829209591312, -0.11949901330517783] - [-0.09982540749434136, 0.44385283358786204, -0.07036819694532909, -0.161029847240684] - [0.05433997494486506, 0.04859566931656106, 0.0020536119824277645, -0.003801682305998989]
A2: [-0.03842347572807038, -0.2938644074200716, -0.020114035555510758, -0.08041194974409334] - [0.1215224708926731, 0.2903458592283688, -0.006961271235787781, -0.03951357262344527] - [-0.04206562040341061, 0.5791333573134907, -0.16657495343377027, -0.14898562938523335] - [0.04972240277557888, 0.10915485607737996, 0.029743016301695624, 0.14052640679843062]
B1: -0.051211883665688955 - -0.010868035523693306 - -0.013442918707816809 - 0.024513038409852826
B2: -0.008086675002103258 - -0.0017044966399150686 - -0.005844348220300834 - -0.0064737242556423755
