Number: 928
Error: 2.023132767385546e-09
A1: [-0.012370337214128906, -0.014740143995723107, 0.017847421865249156, 0.008351143203556744] - [0.0658766801674586, 0.18953512019927513, -0.14527971385884242, -0.10996241997510632] - [-0.09625553787450472, 0.4218222772313937, -0.05341663814254245, -0.2719920627125244] - [-0.0013650029637308815, -0.01826103830279736, -0.0038814118312135177, 0.023326609520787682]
A2: [0.16157918751320038, -0.16776201581476083, 0.008494032203442504, -0.0023402539816946262] - [0.03547903073150191, 0.2075101378653402, -0.11721707885490393, -0.12579858029574773] - [-0.08610785261777762, 0.5816417820652345, -0.23528579211351636, -0.25983237340662524] - [-0.0036478455502557956, -0.004335207145614669, 0.0012955315495389648, 0.007422453790991638]
B1: 2.1546954112105983e-05 - 1.4711377805696398e-05 - 2.3183305535403386e-05 - 5.682925128930457e-06
B2: -0.00010701607069655688 - 0.00011177474580468743 - -3.301330659052047e-06 - -1.7948517346340773e-05
