Number: 3579
Error: 1.0273271709645947e-11
A1: [0.06620954081765495, -0.11395563932833563, -0.023987588489416352, 0.07171923335379085] - [0.03739755718864342, 0.18818853974468508, -0.14741391622561772, -0.07819197992118605] - [-0.06023372478856627, 0.3289466188351644, -0.12775736949731856, -0.14097255958340918] - [0.03906425406322708, -0.053305511003315834, -0.03740108414589689, 0.05171248439146249]
A2: [-0.009092168091451951, -0.3467857793766341, 0.24947163080873408, 0.1064738826056063] - [0.08004253955796253, 0.036285180561300326, -0.050247146256881134, -0.0660689683554967] - [-0.042457448230440835, 0.2308267824950118, -0.040536206212148554, -0.1478529584191333] - [0.06815262455172269, -0.29344820333396754, 0.1417905874748708, 0.08358186909927613]
B1: -2.3275911448037767e-06 - -5.540047503368552e-07 - -9.33529736790952e-06 - 6.58839742716283e-06
B2: 4.654967316413133e-06 - -1.00897653968313e-06 - -7.885995405395664e-06 - 2.7604828411073504e-06
