Number: 1159
Error: 5.395797802588932e-07
A1: [-0.00956944156632665, -0.01737049131434143, 0.0005326679230632272, 0.017000726451102087] - [0.06788423301724945, 0.1908984528175277, -0.14564245012664667, -0.10868026582678847] - [-0.11353617394161486, 0.4408893216022822, -0.07176691538915685, -0.2591317257608393] - [-0.030388253282981215, 0.008487046078517472, -0.03704999583688755, 0.03150811239471645]
A2: [0.12948406649898936, -0.22671061303153872, 0.02060785835728217, 0.0681218856971284] - [0.033711224305903655, 0.2048052116191924, -0.11382546504629341, -0.12042059526096616] - [-0.09636626149396664, 0.5538099744267079, -0.23690199984496318, -0.22735164383863388] - [-0.021840873515205826, -0.02030021020247908, 0.007114372506902914, 0.031209362415490494]
B1: 0.00016777651420631844 - 0.00024433118221262783 - 0.0007618521532627007 - -0.000267779094093701
B2: 0.0006846069865235119 - 0.0024138976901750876 - -0.00045940164794102295 - 0.0006126966214035104
