Number: 6354
Error: 1.1616479754392319e-15
A1: [0.08043171987356636, -0.1804677755655503, -0.01958882182643117, 0.11962500692313147] - [0.03741564004798192, 0.1335964461837383, -0.134726126263733, -0.03628576507644461] - [-0.0017027786485030935, 0.22819015687019822, -0.12282834234001955, -0.10365886987095013] - [0.03886328089281444, -0.1144809722191229, -0.046416394961692496, 0.1220342743877497]
A2: [0.035307388123828345, -0.029273530886381904, -0.07569740218499788, 0.06966335024635192] - [0.1028938363460738, 0.2828967876676523, -0.39260631338729796, 0.006816085718540942] - [-0.011187000285554536, 0.5390146909872704, -0.3594509211196245, -0.16837635950202437] - [0.09786282174737365, 0.017463338936643168, -0.1688509892486795, 0.05352490183249655]
B1: -3.443500396502001e-08 - 2.6312307350580653e-08 - 1.4660456458327802e-08 - -6.8598740886186585e-09
B2: -2.3876997158258075e-09 - -9.784483466855327e-09 - 1.7100580493962732e-08 - 2.208478834082095e-09
