Number: 104
Error: 0.00040134608547249607
A1: [-0.052905183817891575, -0.05730254696472635, -0.02661072061512858, -0.03436409402466864] - [0.11354225249356609, 0.2375114790846563, -0.09795338631423124, -0.060033082645608526] - [-0.14252943790684633, 0.37854157447192227, -0.1033321214641278, -0.3259942074047138] - [-0.04652043574973931, -0.05998020281802613, -0.05110988755046422, -0.02871026005055413]
A2: [0.24085543194271622, -0.09069405545585905, 0.08614156622548533, 0.07453805707920799] - [0.06091609404141415, 0.22980213587555243, -0.09478135688810792, -0.10358399011270851] - [-0.006064103372641665, 0.661009283324866, -0.15761663971453324, -0.18232810106974984] - [0.13048770359651898, 0.1302833664698897, 0.1344011506946818, 0.13585878107655058]
B1: 0.00281209780547337 - 0.2847961580585937 - 0.0036808206742092054 - -0.012772221642362152
B2: -0.0054009107734732 - 0.2828019696834299 - -0.00607234450164996 - -0.005497708712822232
