Number: 1370
Error: 2.421964448537286e-10
A1: [-0.007141493328462215, -0.014947289402996326, 0.003045042666543398, 0.019502081115490757] - [0.06685730368265701, 0.18991383118168606, -0.1467035581027528, -0.10982832229167802] - [-0.11260493395773762, 0.4417661504789686, -0.0708098621363872, -0.25812102024606426] - [-0.02362013617336971, 0.015097706975954493, -0.03019071414362652, 0.038646829140167795]
A2: [0.13162252969387103, -0.2245927249371759, 0.02270243276870308, 0.07019608563831901] - [0.032611548165957197, 0.20371509188098488, -0.11492286966999417, -0.12149141533315012] - [-0.09478299116045708, 0.5553821898262276, -0.23535979097728754, -0.22579269416957667] - [-0.020891427286866528, -0.019339006255475733, 0.008054522018221244, 0.03212012847141204]
B1: 4.789432115882116e-05 - -8.67472875459275e-05 - -2.204101946067322e-05 - 5.851390700712709e-05
B2: 3.2102358026133776e-05 - -3.2728396337109666e-05 - -1.052807332408243e-06 - -1.3367842260681697e-05
