Number: 920
Error: 1.3305209341906724e-09
A1: [-0.011939271499755473, -0.014297386681473866, 0.01832390374377901, 0.008811831062313057] - [0.06585110782912328, 0.18951052153241035, -0.14530615396117633, -0.10999089111101047] - [-0.09625989976995702, 0.4218180678780817, -0.05342137335514475, -0.271997153089605] - [-0.0011366355877891593, -0.01804139200187002, -0.0036383190976895462, 0.023590564897179582]
A2: [0.16159791363292408, -0.16774363106345802, 0.008512398393055598, -0.002321967387096611] - [0.0354871427564683, 0.20751811749119822, -0.11720900639737619, -0.12579064815845126] - [-0.08623577116868546, 0.5815164905308666, -0.23541026125210096, -0.2599571049147504] - [-0.003936903398062212, -0.00461947152220905, 0.0010094058930509213, 0.007145875212440652]
B1: 7.02253324780258e-05 - 1.934768464191927e-05 - 4.391978069710535e-05 - -6.7064535455166e-06
B2: 0.00010619743197532316 - -2.85760128643833e-05 - -1.3382212467680377e-05 - -2.943250774435984e-05
