Number: 1398
Error: 1.1098566959376648e-09
A1: [-0.007179165106502195, -0.014985275365201492, 0.0030058686069860136, 0.019463390934279803] - [0.06673979071765211, 0.1898007669677115, -0.14682500057097145, -0.10995905500932966] - [-0.11259986840016202, 0.4417711116035372, -0.07080459071672753, -0.25811553906114776] - [-0.02360632435472764, 0.015111268983475423, -0.03017661539357825, 0.0386613737419472]
A2: [0.13180426444714494, -0.22441386082722894, 0.02288111717554694, 0.0703737349267837] - [0.03257802751502398, 0.2036821317741759, -0.1149562275494987, -0.12152418257337355] - [-0.0945242302509268, 0.5556368568947874, -0.23510547047327796, -0.22553839887834476] - [-0.020766675227011217, -0.019215948478536235, 0.008178255017040767, 0.03224003470707482]
B1: 3.920903552634804e-05 - -0.00012455199579102823 - 8.068050729579109e-05 - -2.0429049628923655e-05
B2: 1.7564746513057838e-05 - -1.2076533920789536e-05 - 1.3790634230183202e-05 - -1.3217551408325562e-05
