Number: 1022
Error: 0.0015773182226598262
A1: [0.02145883908735711, 0.013065525244477752, 0.04230549328805892, 0.04403388227452626] - [0.08463044049573308, 0.20683123207264334, -0.12739499219485348, -0.08973349471895174] - [-0.14191180809260073, 0.3779792223375741, -0.11920973821123648, -0.32209472727511945] - [0.06618746259948291, 0.05711413984940329, 0.0510079617785371, 0.10389277131459178]
A2: [0.1685599192028035, -0.1794144834546081, 0.01900487055786538, 0.02899351808044045] - [0.0710307440401949, 0.2406433897311596, -0.08020841839275736, -0.08667093043211062] - [-0.12951456524657098, 0.5328726555818202, -0.26922059269052184, -0.29073330351116294] - [-0.011712056949973588, -0.014462377482732523, -0.0002261605991696336, 0.011978262734365912]
B1: 0.008867036046620551 - -0.05192982831115075 - -0.02627727562340377 - -0.010788659861596071
B2: -0.011579855578564672 - 0.033604334916470045 - -0.006599245415921554 - 0.06000397539597015
