Number: 9881
Error: 8.648775175402146e-16
A1: [0.053172627173975744, -0.14800119391376265, -0.026998970371909112, 0.12182789905291819] - [0.005313839978874337, 0.13083681455651977, -0.11360062362856019, -0.022549643044791033] - [-0.014444400656708028, 0.22309169677723706, -0.12704110373704197, -0.08160585705197633] - [0.02714655168783756, -0.10001994644627707, -0.04942441661427243, 0.122298212228601]
A2: [0.08925445144572983, -0.07291338014162291, -0.12362743043346586, 0.10728637309378306] - [0.10884174181945244, 0.2498141941340518, -0.40484527677068705, 0.04618949332770897] - [0.03663593132066101, 0.46255511881192846, -0.3777174506577721, -0.12147326812676822] - [0.14342642589326252, -0.044606630601710655, -0.20149954261310032, 0.10267985507863729]
B1: -4.664559614729503e-08 - -1.662866387647501e-08 - 4.6183389077722e-09 - -1.3126360906744978e-08
B2: -1.6589818316574067e-08 - -2.2056987967311632e-08 - -1.849428185223335e-08 - -1.907785567318193e-08
