Number: 9595
Error: 8.625292879852483e-15
A1: [0.05317290939375093, -0.1480009115946091, -0.02699868846588186, 0.1218281814084508] - [0.0053137027379833186, 0.1308366771677574, -0.11360076085236055, -0.022549780478214567] - [-0.014444660842725348, 0.22309143649385801, -0.1270413637186805, -0.08160611733003835] - [0.027146496185587357, -0.10002000195432789, -0.04942447223690433, 0.12229815658153818]
A2: [0.08925560693504767, -0.07291222732376126, -0.12362630097709852, 0.10728754283098338] - [0.10884141530406376, 0.24981386755973817, -0.404845596820627, 0.04618916131826138] - [0.03663653559878824, 0.4625557199461151, -0.3777168610942716, -0.12147265758132564] - [0.14342678924789362, -0.04460626860428077, -0.2014991878323922, 0.10268022382339596]
B1: -7.249704683062152e-08 - -1.0920945314847364e-07 - -1.820709859234051e-07 - 1.31651970249078e-07
B2: 1.029589479430469e-07 - -6.755104864853061e-09 - -1.870477358618889e-07 - -1.7127603544791849e-07
