Number: 9984
Error: 9.438864008807363e-16
A1: [0.05317248170767144, -0.14800133943348795, -0.026999115677810468, 0.12182775351653935] - [0.0053136670138205, 0.13083664141012097, -0.11360079656736646, -0.022549816253708794] - [-0.014444532587689652, 0.22309156479797054, -0.12704123556353847, -0.08160598902999114] - [0.027146357016269083, -0.10002014111767647, -0.04942461169661029, 0.1222980170622397]
A2: [0.08925453819964584, -0.07291329358832462, -0.1236273456342004, 0.10728646091715374] - [0.10884176766500055, 0.2498142199841641, -0.40484525143706757, 0.04618951960808587] - [0.03663593811373261, 0.4625551255696691, -0.377717444030116, -0.1214732612632643] - [0.14342656075904273, -0.04460649623821776, -0.2014994109283504, 0.10267999194526031]
B1: -1.7326682841379695e-08 - 3.387935092970839e-08 - 1.854983619850392e-08 - -1.413117962951096e-08
B2: -9.497485280109279e-09 - -5.677904074606007e-09 - -5.212295804968749e-09 - 7.186114560578513e-09
