Number: 7457
Error: 1.2396104663432512e-15
A1: [0.08043173026839835, -0.18046776517190352, -0.019588811444036458, 0.11962501731677141] - [0.037415636130480226, 0.133596442269199, -0.13472613017342847, -0.036285768991779634] - [-0.001702778154699488, 0.2281901573639885, -0.12282834184693814, -0.10365886937727392] - [0.03886327730306101, -0.114480975798808, -0.04641639854916836, 0.1220342708002204]
A2: [0.035307355939853624, -0.029273563159354813, -0.07569743278519617, 0.06966331656241487] - [0.10289376917694142, 0.282896719928451, -0.39260637835237105, 0.0068160153826126646] - [-0.011186990922800094, 0.5390147004058453, -0.3594509122574453, -0.16837634963630652] - [0.09786283952307513, 0.017463356793200883, -0.16885097232733678, 0.0535249204911676]
B1: -3.822362950024112e-08 - 7.0561028042284994e-09 - 2.7018461944813037e-08 - 6.086345350440049e-09
B2: 1.7211448717672533e-09 - 2.7779687438766244e-09 - 5.863108606413056e-09 - 2.255548091969812e-09
