Number: 4411
Error: 7.446296642949056e-16
A1: [0.06621313908555343, -0.11395212135373828, -0.023983992842917374, 0.07172282562490565] - [0.03740263133790028, 0.18819338778934855, -0.14740892789447285, -0.07818699129147029] - [-0.06022939551789746, 0.3289507768906684, -0.12775313335761848, -0.14096834575595935] - [0.0390461142613946, -0.053322728661726396, -0.03741863380907307, 0.051695077354206795]
A2: [-0.009108449138749612, -0.3468030511155049, 0.2494552179988466, 0.10645681267286426] - [0.08003988199070045, 0.036282317542356, -0.0502500508103609, -0.0660718975237279] - [-0.04245279346270679, 0.23083191977797068, -0.04053121768746963, -0.1478478102229927] - [0.06813464683988144, -0.2934679974845371, 0.141771097632853, 0.08356171252621072]
B1: -6.15667358317296e-08 - 4.921403453983666e-08 - 1.8841638645207887e-08 - -3.261734787496908e-08
B2: -3.511509307297938e-08 - 2.7378481981099393e-08 - -6.09476454096105e-09 - -3.203931016312763e-09
