Number: 6915
Error: 9.32970669338731e-16
A1: [0.08043167576871714, -0.18046781966540554, -0.01958886587854489, 0.1196249628233184] - [0.03741558798666345, 0.13359639416182192, -0.1347261782213186, -0.03628581710892592] - [-0.0017028231056761595, 0.22819011241397016, -0.1228283867320991, -0.10365891431625837] - [0.038863228472782195, -0.11448102449204273, -0.04641644734832226, 0.12203422200029637]
A2: [0.035307361071809346, -0.02927355801321925, -0.0756974279057412, 0.06966332193351024] - [0.10289376481043666, 0.28289671552488, -0.3926063825756126, 0.006816010810245499] - [-0.011187143080066691, 0.5390145473410368, -0.35945105627767826, -0.16837650996965742] - [0.0978627885254435, 0.01746330556359632, -0.16885102087379916, 0.053524866960275405]
B1: 2.0948242896482275e-08 - -1.0134160481788816e-08 - 4.991212437569526e-09 - -1.1620355841584228e-10
B2: 3.2232382760948285e-10 - 3.718992865700651e-09 - 7.626204013801707e-09 - 3.854638150806351e-09
