Number: 4847
Error: 8.152864699007486e-16
A1: [0.06621306240819268, -0.11395219631761203, -0.0239840694600966, 0.0717227490762158] - [0.037402542224168764, 0.1881933026472213, -0.14740901550010893, -0.07818707890485516] - [-0.06022946726192227, 0.3289507079844759, -0.12775320356206427, -0.14096841558266238] - [0.03904619275578171, -0.05332265415774015, -0.03741855786828485, 0.05169515267831074]
A2: [-0.009108568523821806, -0.3468031777643826, 0.24945509764774038, 0.1064566875041968] - [0.08003986270242561, 0.036282296763362275, -0.050250071891296946, -0.06607191878372262] - [-0.042452800647064456, 0.23083191184887017, -0.04053122538639788, -0.14784781816868445] - [0.06813485227720682, -0.29346777128937646, 0.14177132034630968, 0.0835619428590721]
B1: -1.3077348149855455e-08 - 2.241013170825593e-08 - 1.7067784769163e-09 - 2.659476495986457e-08
B2: 3.2093876641774156e-08 - 2.556261077962097e-08 - -5.953675166564646e-08 - 4.84022170540645e-08
