Number: 6947
Error: 6.236138705380305e-16
A1: [0.08043166834642444, -0.18046782708685669, -0.01958887329196054, 0.11962495540187441] - [0.037415596752171904, 0.1335964029206957, -0.134726169473274, -0.03628580834827285] - [-0.0017028026702237688, 0.22819013284898576, -0.12282836632656681, -0.10365889388626007] - [0.038863243034120816, -0.1144810099715693, -0.04641643279626228, 0.12203423655258466]
A2: [0.03530746740355838, -0.029273451387368733, -0.07569732680686504, 0.06966343322121879] - [0.10289382149512061, 0.28289677269065416, -0.392606327750923, 0.006816070167392806] - [-0.01118725828062775, 0.5390144314533499, -0.35945116531752397, -0.16837663136051192] - [0.0978628107868741, 0.017463327926287207, -0.16885099968235653, 0.05352489032753052]
B1: 4.545354823964905e-08 - 9.161429466346262e-10 - -3.318613867169693e-08 - 1.2579906504619882e-08
B2: -1.0204475355813526e-08 - 1.2175670474187917e-08 - 1.900994063066099e-08 - 8.445260860093187e-09
