Number: 7812
Error: 1.1191529870476834e-15
A1: [0.08043165813784217, -0.18046783729429008, -0.019588883488333052, 0.11962494519446053] - [0.03741561153971279, 0.13359641769703837, -0.13472615471518348, -0.036285793568919346] - [-0.0017028586573465977, 0.22819007686305742, -0.1228284222317116, -0.1036589498584345] - [0.03886321201692414, -0.11448104090172907, -0.04641646379369106, 0.12203420555466633]
A2: [0.03530740608963994, -0.02927351287085298, -0.07569738510339664, 0.06966336904958721] - [0.10289382166532761, 0.28289677286231546, -0.3926063275862471, 0.0068160703455638775] - [-0.011187082911368905, 0.5390146078686084, -0.3594509993266619, -0.16837644656783118] - [0.09786281115300062, 0.01746332829408532, -0.16885099933381434, 0.053524890711832585]
B1: 3.211960725625878e-08 - -1.2571874502975517e-08 - -8.026681879060324e-09 - 8.684237485078297e-09
B2: 1.924556258060874e-08 - -2.9541884560228597e-08 - 2.7668587481647073e-08 - 1.2590936517482404e-08
