Number: 5660
Error: 0.00016451005599182338
A1: [0.06454955519298043, -0.11549404339031752, -0.02563393729664849, 0.06996865554958678] - [0.02893887859758311, 0.18020250620815376, -0.15570338794945068, -0.08652866704156034] - [-0.07380984318695628, 0.31576191445498114, -0.14116022280550022, -0.15452784385537782] - [0.05573023705653637, -0.037172106060200084, -0.021176966189074425, 0.0675805660968932]
A2: [-0.034408171429326034, -0.3737283405442616, 0.22407455790144246, 0.08035546217926495] - [0.08734735535081965, 0.0441469796732274, -0.042272264346409454, -0.05788082574549183] - [-0.04903579262970743, 0.22351090949696517, -0.04755425108435728, -0.15480417735389823] - [0.08070471254941705, -0.27968465541957377, 0.15531473069882312, 0.09819228803070111]
B1: 0.013309415855242087 - 0.0034686210013840924 - 0.008241198681888887 - 0.0008049007814567351
B2: -0.006699070993085247 - -0.008217255627118678 - 0.005746140723793182 - -0.01260029032907369
