Number: 6028
Error: 4.893962086352747e-13
A1: [0.080433493885671, -0.18046600175815383, -0.01958704993714781, 0.11962678073142383] - [0.03741874789955988, 0.13359955166912155, -0.13472302462215366, -0.036282658956879175] - [-0.0017000284280797166, 0.22819290704598938, -0.12282559613296688, -0.1036561203764552] - [0.03886582779873518, -0.11447843245654832, -0.046413849673980385, 0.12203681971341557]
A2: [0.03531034604545766, -0.02927056479024836, -0.07569458982045223, 0.06966644604137943] - [0.10289158806074372, 0.2828945203005971, -0.3926084879038589, 0.006813731432251636] - [-0.011184167852106531, 0.5390175403258622, -0.359448240163538, -0.1683733748655226] - [0.09786490843848382, 0.017465435122898502, -0.16884900285155816, 0.05352709218290074]
B1: -8.141975121059548e-07 - 2.182438457530324e-06 - -4.424541637971209e-07 - -3.5650484003192523e-07
B2: -1.2291972604453388e-06 - -1.6828725555837163e-06 - 3.0117141644844804e-06 - 1.5068903708821883e-07
