Number: 9947
Error: 1.0771447233418388e-15
A1: [0.05317249433212935, -0.14800132680439726, -0.026999103067278145, 0.12182776614707334] - [0.005313720798984834, 0.13083669525168057, -0.11360074279035938, -0.022549762392710365] - [-0.014444567375330291, 0.22309152999758108, -0.12704127032365448, -0.08160602383006162] - [0.02714652263503138, -0.10001997549919323, -0.049424445728516044, 0.12229818310184871]
A2: [0.08925456758932925, -0.07291326426660359, -0.12362731690668037, 0.10728649066922646] - [0.10884175425763466, 0.24981420657442843, -0.4048452645788706, 0.046189505975127484] - [0.03663588266070224, 0.4625550704051649, -0.3777174981328584, -0.12147331729144699] - [0.1434264711075265, -0.04460658555583282, -0.20149949846529006, 0.10267990096363842]
B1: 1.973467347239532e-08 - 5.461847130494035e-09 - 5.350973158840961e-10 - 6.048395331987909e-10
B2: -9.571945943568975e-09 - -4.1686005930302e-09 - -4.421554045006578e-09 - 3.391916929819991e-08
