Number: 8813
Error: 1.6224726756520174e-05
A1: [0.08382733500930979, -0.17709271383591393, -0.016107265600582114, 0.12300913636189637] - [0.04196151334109493, 0.1381116943291536, -0.13008779381654595, -0.031757014223666204] - [-0.00047997714154848303, 0.2293984199946144, -0.12150885301996696, -0.10244473756754376] - [0.042680324858930314, -0.1106922471216574, -0.04251420749148563, 0.1258384612186385]
A2: [0.03443652095555401, -0.03018615466214312, -0.07644892619566833, 0.06874842352265838] - [0.10026147417950333, 0.2802295108276352, -0.39510485571939447, 0.004058896803074197] - [-0.011550881231711923, 0.5385802298527752, -0.3597269474687679, -0.16876067013213417] - [0.09710251703241986, 0.01666861877636863, -0.169504667654682, 0.05272368622159959]
B1: 0.0008511578658126858 - 0.0016692008223505158 - 0.0010160696402458456 - 0.0008269712966296004
B2: -0.0028574172124360125 - -0.0037287956476579776 - -0.001544615790379914 - -0.0028894722118230545
