Number: 9495
Error: 2.0392053034094505e-13
A1: [0.05317350260084144, -0.14800031818909856, -0.026998095925910095, 0.1218287749031963] - [0.005314401299791531, 0.13083737644524268, -0.11360006241362769, -0.022549080939385287] - [-0.014445127564287941, 0.22309096958972863, -0.12704183008378886, -0.08160658423067417] - [0.02714829065322648, -0.10001820743366686, -0.04942267393201284, 0.12229995566302787]
A2: [0.08925586697713415, -0.07291196787157278, -0.12362604677027696, 0.10728780613866966] - [0.10884048007767314, 0.24981293217392794, -0.40484651352582757, 0.04618821035797174] - [0.036635120090202596, 0.4625543118167423, -0.37771824212743077, -0.12147408776077569] - [0.14342540943160975, -0.044607643271155795, -0.20150053508984692, 0.10267882354847405]
B1: 1.3979608933525757e-07 - 2.6465239268501743e-07 - 1.3823860975917364e-07 - 3.1012660629023744e-07
B2: 4.142185341291004e-07 - -1.7563346410085204e-07 - -3.934189940192243e-07 - -6.190100687980285e-07
