Number: 7450
Error: 1.0417080514421554e-15
A1: [0.08043172205617602, -0.18046777338319542, -0.019588819646438844, 0.1196250091054874] - [0.03741563026287451, 0.1335964364060345, -0.13472613602934239, -0.03628577485613473] - [-0.0017027811526963102, 0.22819015436605564, -0.12282834484054536, -0.10365887237447058] - [0.03886327078961714, -0.11448098229397247, -0.0464164050584613, 0.12203426429082503]
A2: [0.03530736868740272, -0.02927355037654822, -0.07569742066498118, 0.06966332990409929] - [0.10289375971937588, 0.28289671039061887, -0.39260638749960763, 0.006816005479163833] - [-0.011187012381342, 0.5390146788193141, -0.3594509325684355, -0.1683763722479065] - [0.09786283363080285, 0.01746335087412704, -0.168850977936402, 0.053524914306203666]
B1: -2.1066315655043185e-08 - 1.7858223272601892e-08 - 3.403594327357917e-08 - 1.5938438332899702e-08
B2: -3.27010273682588e-09 - -1.8247859317652048e-09 - 5.893328039435873e-09 - -1.6071456610488086e-09
