Number: 8422
Error: 9.353741357526539e-16
A1: [0.08043170772002127, -0.18046778771771813, -0.01958883396548174, 0.11962499477096494] - [0.03741554924361322, 0.13359635544809534, -0.13472621688704847, -0.036285855830456] - [-0.001702817870274399, 0.2281901176492594, -0.12282838150436166, -0.10365890908224107] - [0.03886326502725246, -0.11448098804013247, -0.046416410817142775, 0.12203425853206598]
A2: [0.03530731565239805, -0.029273603558191044, -0.07569747109020036, 0.06966327439744671] - [0.10289375364875256, 0.2828967042684999, -0.39260639337100234, 0.006815999122309015] - [-0.011187092864314784, 0.5390145978562464, -0.35945100874736163, -0.16837645705559617] - [0.09786283122029794, 0.017463348452620653, -0.16885098023099687, 0.0535249117758862]
B1: -2.0171372447912497e-08 - 4.822434009568333e-09 - 5.4102580273647655e-09 - 2.63262603554771e-08
B2: 1.4127040059272829e-08 - -2.818956529931634e-08 - 1.0488654130874855e-09 - 2.1674663516709284e-08
