Number: 3828
Error: 1.0533599406851673e-15
A1: [0.06621316486811935, -0.11395209614729805, -0.023983967080572783, 0.07172285136420758] - [0.037402610168873474, 0.18819336756377433, -0.14740894870526655, -0.07818701210408452] - [-0.06022913724112716, 0.328951024951236, -0.12775288062322554, -0.14096809438098035] - [0.039046047723080575, -0.05332279181740678, -0.037418698182677936, 0.05169501350328635]
A2: [-0.00910858774002247, -0.3468031981497661, 0.24945507827618255, 0.10645666735705335] - [0.08003975988632742, 0.03628218600093721, -0.050250184263526614, -0.06607203211009453] - [-0.04245285171467605, 0.23083185548746596, -0.040531280112630026, -0.1478478746475556] - [0.06813472823522923, -0.29346790786483584, 0.14177118587319448, 0.08356180378529347]
B1: -1.2157346395200275e-10 - 3.2165664250104415e-08 - 9.066397995102056e-09 - 9.910670063591175e-09
B2: -5.8491012874832535e-09 - -1.680910404907487e-09 - 2.7717392147634324e-08 - 2.9314562525644875e-08
