Number: 1298
Error: 6.151774329139699e-09
A1: [-0.00683318650948564, -0.014635835637986894, 0.0033657966218222585, 0.019818744198477605] - [0.06655579545940675, 0.18962364125952655, -0.1470153296480527, -0.11016374319536293] - [-0.1123768616854941, 0.441990553570745, -0.07057153011984482, -0.25787409207506523] - [-0.023262757944635316, 0.015449374700819342, -0.02982525720594181, 0.039024158080183266]
A2: [0.13162430968700536, -0.2245915952149859, 0.022704600724733983, 0.07019800097708287] - [0.03233419325092797, 0.20344215108465846, -0.11519917017906758, -0.12176274865565113] - [-0.09446044580984504, 0.5556997722971273, -0.23504277408602506, -0.22547549312024517] - [-0.020996827939393992, -0.019443720509857394, 0.007950491180625206, 0.03201891437571852]
B1: -3.316101189526648e-05 - 7.611465680864564e-05 - -9.886614193835979e-05 - 1.5713647628558275e-05
B2: 6.28284364773851e-05 - -0.00017692233977711607 - 3.067941297990157e-05 - 3.280761281874769e-05
