Number: 9441
Error: 6.21847071611503e-13
A1: [0.053171154828640745, -0.14800266681391847, -0.02700044113154885, 0.12182642597762638] - [0.00531514373181299, 0.13083811965322026, -0.11359932005365632, -0.02254833739479212] - [-0.01444821492684886, 0.2230878810738652, -0.12704491503256526, -0.08160967273991844] - [0.027148703527960373, -0.10001779451771958, -0.04942226011298691, 0.12230036970355472]
A2: [0.08925714951040596, -0.07291068830593524, -0.12362479311775942, 0.10728910450682919] - [0.1088434346928064, 0.24981588733182403, -0.40484361740092295, 0.04619121469746253] - [0.036629909887772295, 0.4625491286647496, -0.3777233254407875, -0.12147935207167126] - [0.14341893250417695, -0.04461409616269728, -0.2015068592174154, 0.10267225040563424]
B1: -4.7260314488325187e-07 - -2.5495441757546273e-06 - -9.012410155827201e-07 - -1.149132564460158e-06
B2: -1.0322524632874223e-06 - -1.0276718212845426e-06 - -1.8244679204957796e-08 - -1.7810266996396864e-06
