Number: 5296
Error: 1.1660446531670865e-15
A1: [0.06621322065220528, -0.11395204160977154, -0.023983911340271207, 0.07172290705464487] - [0.03740256753358548, 0.18819332682873083, -0.1474089906189484, -0.07818705402150494] - [-0.060229287158272755, 0.32895088096395403, -0.1277530273233024, -0.1409682402917098] - [0.03904625832487653, -0.05332259192180632, -0.03741849443225617, 0.05169521559923731]
A2: [-0.00910843036097036, -0.3468030311955266, 0.249455236928183, 0.10645683236016643] - [0.08003992224041899, 0.036282360902752345, -0.050250006819672004, -0.06607185315966783] - [-0.0424527579780683, 0.23083195894077038, -0.0405311796608221, -0.1478477709785903] - [0.06813480066034087, -0.29346782812175737, 0.1417712643885558, 0.08356188498713768]
B1: -1.724262344338131e-08 - 1.6001037433729597e-08 - -5.533293419936791e-09 - 1.484216618609216e-09
B2: 2.0948893010147124e-08 - 4.874310991200497e-09 - -1.894110192268058e-08 - 2.621380960247122e-08
