Number: 5248
Error: 8.302673884416233e-16
A1: [0.06621318008228846, -0.11395208127310004, -0.0239839518783544, 0.0717228665528137] - [0.037402572499798226, 0.1881933315735899, -0.14740898573679542, -0.07818704913892119] - [-0.06022945575340202, 0.32895071903746226, -0.12775319230064544, -0.14096840438175043] - [0.03904616354898474, -0.05332268187964123, -0.037418586124856185, 0.05169512465114313]
A2: [-0.009108770745591757, -0.3468033922893708, 0.2494548937896606, 0.1064564754862973] - [0.08003997751965942, 0.03628242045425557, -0.05024994640273695, -0.0660717922296786] - [-0.04245290107954136, 0.230831801005705, -0.04053133301364018, -0.14784792924280038] - [0.06813466802312337, -0.2934679741605579, 0.14177112059744562, 0.08356173627699268]
B1: -7.171346101454408e-08 - -5.816328952838829e-08 - 4.769241629222429e-08 - 3.843666311667787e-08
B2: 4.933355509518078e-09 - -2.219291584948523e-08 - -2.845879327641662e-08 - 2.659103705609326e-09
