Number: 34
Error: 0.0008895642495097428
A1: [-0.08529487029590922, -0.09373957200180041, -0.06296988536296616, -0.06316593724223767] - [0.10171824648528814, 0.2323335579306369, -0.11768030220979574, -0.10027343570452979] - [-0.22536404566293838, 0.2900263361494766, -0.19174476517223749, -0.4003699453053147] - [-0.0011650711483935086, -0.013764817978016437, -0.0034722280655522146, 0.02205044460635374]
A2: [0.439923671024122, 0.10762271416329175, 0.27731874213243846, 0.2691913551109574] - [0.15503848637918355, 0.3227601892003392, -0.005536483127182247, -0.014539305752528186] - [0.21420862199893786, 0.8817195499190789, 0.05510883173915755, 0.035363654018928485] - [0.538640034932756, 0.538751199659518, 0.5373204114643299, 0.5295864906468766]
B1: 0.049753559735242044 - 0.44110674546020845 - -0.04510255598749481 - -0.050488727002997356
B2: 0.043424005801412 - 0.4984851561531275 - -0.018800819815889703 - -0.026418975631981197
