Number: 2921
Error: 7.7771230510564e-08
A1: [0.0632744972612045, -0.048029966698827434, -0.02360125430348202, 0.007696734120969318] - [0.04412980483305066, 0.19172262987937988, -0.14208252266619975, -0.09199726112771746] - [-0.12339329293807866, 0.4149124345815856, -0.10480793498465568, -0.187022805540788] - [0.03721764955850549, 0.01938138211730441, -0.03292000942296525, -0.022840778015690105]
A2: [0.06295717374482206, -0.17416977708426337, 0.0858384390034079, 0.023476511967289386] - [0.02929874554248047, 0.20030718699305466, -0.10170143375319211, -0.12786459129670047] - [-0.09366276408541188, 0.5134330671191597, -0.22585922602126166, -0.19534287854524407] - [-0.025704577227006295, 0.018740915611295747, -0.05006461427978934, 0.05719425660473201]
B1: -0.00018564566786498078 - -2.4495920888904007e-05 - -0.0001023553269898126 - -0.00024465772425155013
B2: 0.000489789024734881 - -0.00025923203378725454 - 0.00011931192449212243 - 0.0001228871445301484
