Number: 2936
Error: 3.243000023491193e-08
A1: [0.06350551766269462, -0.04779992851092122, -0.023372516508769182, 0.00792580076494252] - [0.04358626980862363, 0.1911981571288145, -0.1426421252036783, -0.09259412922176848] - [-0.12250035253816433, 0.41580297766813623, -0.10391074661877105, -0.1861285808584694] - [0.03747526744061219, 0.019640069575207798, -0.03266231231923141, -0.022583996737402905]
A2: [0.06303163199394918, -0.1740954488119223, 0.08591223107921876, 0.023549995965961055] - [0.02957486605726219, 0.20057902633719885, -0.1014265718634276, -0.12759460629416108] - [-0.09360979976686581, 0.5134850047680095, -0.22580670462130442, -0.1952919191086769] - [-0.02517613236735993, 0.01926598469524893, -0.04953516421204424, 0.057709825179394415]
B1: 0.0002380781693483933 - 0.00019087577055865239 - 0.00018656801711835046 - -0.00014208380456802938
B2: -0.00015145328003219076 - -0.00014079825598636175 - 0.00015701443208677966 - 0.00010704887962855581
