Number: 6578
Error: 1.0283239801357227e-15
A1: [0.08043168030359295, -0.1804678151310439, -0.019588861349091644, 0.11962496735767637] - [0.03741555941570958, 0.1335963656124917, -0.13472620673534447, -0.03628584566405272] - [-0.0017027730085534837, 0.22819016251002774, -0.12282833670832738, -0.10365886423250578] - [0.03886318867423212, -0.1144810641789043, -0.04641648712151154, 0.1220341822264824]
A2: [0.03530743761549126, -0.029273481257827437, -0.07569735512898401, 0.06966340204477568] - [0.102893737057522, 0.282896687536422, -0.3926064094178661, 0.006815981748884142] - [-0.011187102926926281, 0.5390145877336806, -0.3594510182718656, -0.1683764676588782] - [0.09786280762811608, 0.0174633247531621, -0.16885100268929318, 0.05352488701186654]
B1: -2.305060605706781e-09 - -2.6170992977121576e-09 - -1.1649206832727983e-09 - -2.8234465850382867e-09
B2: -1.5514256345120432e-09 - -1.8461465139495853e-08 - 4.153879843366605e-08 - -2.640357784594234e-08
