Number: 9545
Error: 7.937841234144111e-14
A1: [0.05317278702550622, -0.14800103401277712, -0.026998810699261078, 0.12182805899360742] - [0.005312426570702367, 0.13083539964439087, -0.11360203684079546, -0.02255105845064557] - [-0.01444494856875792, 0.22309114865405638, -0.12704165122388242, -0.08160640516361697] - [0.02714473415282249, -0.10002176399267176, -0.0494262379930953, 0.12229639006223503]
A2: [0.08925787177869542, -0.07290996773739414, -0.1236240871805245, 0.10728983556894205] - [0.10884368819068857, 0.24981614084649206, -0.4048433689623472, 0.04619147242984899] - [0.03663800827443596, 0.46255718495842046, -0.3777154242863971, -0.12147116965015506] - [0.1434285007486588, -0.04460456348293333, -0.20149751670277427, 0.10268196070333002]
B1: 1.719267181681607e-07 - -1.518382469914682e-07 - 9.677255213095606e-08 - 3.696031524510364e-07
B2: 7.057694165035307e-07 - -1.266809622894094e-07 - 2.8973358798764447e-07 - 1.6864866308468907e-07
