Number: 6717
Error: 1.0890173293727497e-15
A1: [0.08043167584506263, -0.18046781958906927, -0.01958886580229083, 0.11962496289965531] - [0.03741558197183469, 0.13359638815154598, -0.13472618422416333, -0.036285823120422674] - [-0.0017028296485521366, 0.22819010587123448, -0.12282839326539487, -0.10365892085738763] - [0.038863222651076675, -0.11448103029741014, -0.04641645316631814, 0.12203421618220936]
A2: [0.03530742606620933, -0.029273492839053117, -0.07569736610989175, 0.06966338995719731] - [0.10289376089958333, 0.28289671158083457, -0.3926063863581396, 0.0068160067150117905] - [-0.011187136294891943, 0.5390145541666862, -0.3594510498553572, -0.16837650281988342] - [0.09786278283431464, 0.01746329984658107, -0.16885102629138077, 0.05352486098643907]
B1: -4.046648203181701e-09 - 5.828972932932851e-09 - -1.3661173993185792e-08 - -7.5468334164304e-09
B2: -6.4146847995953436e-09 - -5.640280436067565e-09 - -5.018943845882738e-09 - -5.7168119549963045e-09
