Number: 98
Error: 0.0006110882057280216
A1: [0.001532202319863724, 0.0003278020697098094, 0.03369580258675813, 0.02186407016371452] - [0.11590020145891089, 0.2400846634813166, -0.09591972735864385, -0.05863806418832838] - [-0.0894568200042569, 0.4315687555635177, -0.045760247951908375, -0.2662987774583381] - [0.008587357521541732, -0.0050854049647285505, 0.007378852293168519, 0.032420196043153666]
A2: [0.25866860608113385, -0.0732255681501432, 0.10351856171866049, 0.09181770608959866] - [0.08152039195674166, 0.2504224423787197, -0.07464313329683114, -0.08379902668077839] - [0.01593555116128778, 0.6826758413429829, -0.1362411610124741, -0.16091438011158962] - [0.15837220304086758, 0.1576807465128826, 0.16217731060235516, 0.16265834797033557]
B1: -0.00014755991024494736 - 0.2918687410033151 - -0.000733668518970344 - -0.01710581796865885
B2: 0.014025237538790836 - 0.3157002446258609 - 0.0119558560859442 - 0.01199844598583997
