Number: 6887
Error: 9.277165118569417e-16
A1: [0.08043166258229403, -0.1804678328503351, -0.01958887904920175, 0.11962494963840116] - [0.0374155744777616, 0.1335963806631446, -0.13472619170330438, -0.03628583061034467] - [-0.0017028343766834543, 0.2281901011432035, -0.12282839798660405, -0.10365892558425756] - [0.038863215968051604, -0.11448103696168022, -0.046416459845085044, 0.12203420950333761]
A2: [0.03530752893808202, -0.029273389682651033, -0.07569726830063166, 0.06966349762377509] - [0.10289375716595882, 0.28289670781552223, -0.3926063899692519, 0.006816002805359568] - [-0.011187114570669995, 0.5390145760204812, -0.35945102929291467, -0.16837647992830793] - [0.09786283771893488, 0.017463354980852185, -0.1688509740447797, 0.05352491859742784]
B1: -6.222296630216445e-09 - 2.1869563521150206e-08 - -2.7449156291934034e-08 - -1.1479528199037837e-09
B2: -1.1191307704690582e-08 - -6.508757850722202e-09 - -3.1595043045123325e-09 - -6.295267352512299e-09
