Number: 7364
Error: 7.86172200305223e-16
A1: [0.08043164890324889, -0.18046784652783363, -0.019588892711890137, 0.11962493596091878] - [0.03741556579065568, 0.13359637198261534, -0.13472620037309535, -0.0362858392926361] - [-0.0017028711867898701, 0.2281900643338817, -0.12282843474281355, -0.10365896238453697] - [0.03886320857550613, -0.11448104433348409, -0.04641646723292377, 0.12203420211538471]
A2: [0.03530748022003755, -0.029273438535440368, -0.07569731462111218, 0.06966344663503114] - [0.10289373558393682, 0.2828966860503368, -0.3926064108430957, 0.006815980205838222] - [-0.011187077307036754, 0.5390146135063667, -0.35945099402206176, -0.16837644066233579] - [0.0978627709440297, 0.01746328790221249, -0.16885103761018577, 0.053524848505532414]
B1: -1.8821743338480582e-08 - -1.1749730893153259e-08 - -1.407387568757276e-08 - 6.062982560700864e-09
B2: -1.1373263418392404e-08 - -1.982269220932911e-09 - -2.3975626083927597e-08 - -3.3735114972156504e-09
