Number: 4159
Error: 1.3853814751230282e-15
A1: [0.06621317720555925, -0.11395208408556244, -0.02398395475281008, 0.0717228636809459] - [0.03740261344634571, 0.1881933706951829, -0.1474089454832489, -0.07818700888178677] - [-0.06022940921317936, 0.3289507637371555, -0.12775314675896277, -0.1409683590852754] - [0.039046085219658556, -0.053322756227091345, -0.037418661906007414, 0.05169504948538563]
A2: [-0.009108631671260019, -0.34680324475394064, 0.24945503398948157, 0.10645662129757252] - [0.08003982766111896, 0.03628225901382402, -0.050250110189506404, -0.0660719574071009] - [-0.04245276825786418, 0.2308319475955977, -0.040531190677000686, -0.14784778234746396] - [0.06813474565873039, -0.293467888680776, 0.14177120476194804, 0.08356182332028858]
B1: -2.4669497985880094e-08 - -3.907341311150437e-09 - 2.1573236283533142e-08 - -7.597390866024561e-09
B2: 1.0771345882051528e-08 - 1.714781810374722e-08 - -1.6438873230793716e-08 - -2.536268671085212e-08
