Number: 3108
Error: 2.924365866221476e-06
A1: [0.06604353163250468, -0.04541212692164705, -0.021020791036664637, 0.01035115237772016] - [0.0427094873243037, 0.190290844654448, -0.14359864932815372, -0.09360165010004236] - [-0.12015495527320846, 0.4180029722800164, -0.10169110363633853, -0.18386712762141103] - [0.04216815881968065, 0.024174983782227693, -0.028162023720246634, -0.0179268995572355]
A2: [0.06865878086836999, -0.1684013301146814, 0.09151419752962256, 0.029107166439493633] - [0.03087106701422235, 0.20185424147308015, -0.10010441112189304, -0.1263151266585039] - [-0.09925700494571427, 0.5079605596677687, -0.2314852023253157, -0.200745124120079] - [-0.0249755543820298, 0.019442036973587543, -0.04938227380735084, 0.05779276896723297]
B1: 0.005508355528519058 - 0.0005213003883671428 - -0.0009394354378047789 - -0.0016235381585109488
B2: -0.001006035303465122 - 0.00081136431190732 - -0.0007614028253910805 - 0.00010289104728551874
