Number: 6529
Error: 8.800527822648486e-16
A1: [0.08043168606763837, -0.18046780936765122, -0.01958885559193835, 0.11962497312106343] - [0.03741557158732825, 0.1335963777748981, -0.13472619458797802, -0.036285833499176454] - [-0.0017027942499667694, 0.22819014126906748, -0.12282835791863991, -0.1036588854682501] - [0.038863202961072735, -0.11448104993215819, -0.04641647284377467, 0.12203419650444343]
A2: [0.035307445332528026, -0.02927347351944635, -0.07569734779172677, 0.06966341012149466] - [0.10289373239049618, 0.2828966828297866, -0.392606413931752, 0.006815976861825064] - [-0.011187095524095015, 0.5390145951806669, -0.3594510112649278, -0.16837645985825295] - [0.09786280126589866, 0.017463318362004997, -0.1688510087457108, 0.053524880333607534]
B1: -3.4787815596683256e-09 - 1.5911212563587969e-09 - -3.224327688824686e-09 - 1.6373743276261907e-10
B2: 5.453674404700745e-10 - -1.227226677709718e-08 - 2.3345315756938777e-08 - -1.9052061173791858e-08
