Number: 9557
Error: 1.3512785495159319e-13
A1: [0.053172696331048666, -0.14800112474101335, -0.02699890129644267, 0.121827968250237] - [0.00531478996849482, 0.13083776552576779, -0.11359967379515586, -0.022548691712489244] - [-0.014443807612396893, 0.22309229003094194, -0.12704051116781193, -0.08160526379597238] - [0.027147875222683228, -0.10001862292582454, -0.04942309029539294, 0.12229953912026535]
A2: [0.08925189171851235, -0.07291593396017583, -0.12362993249802341, 0.10728378178427954] - [0.10884069149219568, 0.24981314362045917, -0.404846306303146, 0.04618842531491648] - [0.03663414810940763, 0.4625533448777799, -0.37771919045543767, -0.12147506984787718] - [0.14342371250778205, -0.04460933389282201, -0.20150219200723243, 0.10267710142385042]
B1: -4.2351357806862435e-07 - -1.7587576661352815e-07 - -1.767954811763502e-07 - -2.4634690540382447e-07
B2: -2.885281465305748e-07 - 1.632268296125324e-07 - -7.330701599712606e-08 - -5.40377094738256e-08
