Number: 4181
Error: 6.781680691578552e-16
A1: [0.06621318913171294, -0.11395207242591926, -0.02398394283601535, 0.07172287558708425] - [0.03740261792279323, 0.1881933749721252, -0.14740894108255634, -0.07818700448070619] - [-0.06022940672043263, 0.3289507661313021, -0.12775314431970838, -0.14096835665913868] - [0.03904612071816949, -0.05332272253324603, -0.03741862756238896, 0.05169508355014526]
A2: [-0.009108353302977788, -0.3468029494486955, 0.249455314610056, 0.10645691315151787] - [0.08003982591736791, 0.03628225713530441, -0.050250112095327405, -0.06607195932910456] - [-0.04245289101432892, 0.23083181211394158, -0.04053132222767518, -0.14784791811147815] - [0.06813482003417101, -0.2934678067901679, 0.14177128539210243, 0.0835619067089037]
B1: -6.678150600473597e-09 - -6.066130752229004e-09 - -3.6023792559877176e-08 - 9.986859164915498e-09
B2: -2.2034409434609328e-10 - 7.879436688141707e-09 - 6.463419901435982e-10 - -1.8601907108095523e-08
