Number: 4666
Error: 1.036788508484696e-15
A1: [0.06621313022567196, -0.11395213001562443, -0.02398400169585445, 0.0717228167798682] - [0.03740254767694965, 0.1881933078569816, -0.14740901013961266, -0.07818707354388389] - [-0.06022944538325186, 0.32895072899770417, -0.12775318215293055, -0.14096839428869223] - [0.03904615542275072, -0.053322689592922586, -0.03741859398684064, 0.051695116853052225]
A2: [-0.009108602010369546, -0.34680321328834346, 0.24945506389018213, 0.10645665239530423] - [0.08003971765370876, 0.03628214050440752, -0.0502502304212264, -0.06607207865975523] - [-0.042452830645192015, 0.23083187874111377, -0.04053125753358084, -0.1478478513454016] - [0.06813484206393346, -0.2934677825345842, 0.1417713092741269, 0.08356193140819237]
B1: -1.2928561882703374e-09 - -2.3026016042982097e-08 - 7.81320164816799e-09 - 3.631919841906075e-08
B2: 2.4292821998035384e-08 - 1.762683529004941e-08 - -5.883085537642197e-08 - 2.5069246019723943e-08
