Number: 8761
Error: 2.8440452832674486e-09
A1: [0.08046025321957145, -0.18043924436807468, -0.019560320274000585, 0.11965353757924287] - [0.037516192537360736, 0.13369692349182272, -0.1346257710910782, -0.036185267579153906] - [-0.0017002475763853617, 0.22819268890763414, -0.12282581317816905, -0.10365633900857416] - [0.03888314108916376, -0.11446116623539906, -0.04639654449503166, 0.12205412299537935]
A2: [0.0352387535774723, -0.029342360722214873, -0.07576265728444674, 0.06959151853089723] - [0.10289431618249169, 0.2828972690902644, -0.3926058482174601, 0.006816588748835943] - [-0.011266431724504113, 0.5389347835647555, -0.3595261040888742, -0.16846005823626936] - [0.09780815896174327, 0.017408423156555143, -0.16890302322894382, 0.053467525070401055]
B1: -1.4664009899801635e-05 - 1.804791267914147e-05 - 1.9076099118216095e-06 - -7.06156480824809e-06
B2: -4.385379819751837e-05 - -9.120327718820323e-05 - -2.6445288557317623e-05 - -3.284705909556962e-05
