Number: 2057
Error: 0.00018024630352924257
A1: [0.03161771471305401, 0.01777489329627871, 0.034517878789239974, 0.050788012931559344] - [0.043353623389788674, 0.16922836860662477, -0.1715148464462217, -0.1390001969193974] - [-0.11093811226362203, 0.43304612429150424, -0.07059155353941513, -0.23626248356026788] - [0.00025771512755438236, 0.04468644743801566, -0.005682156434996914, 0.0487164481237182]
A2: [0.08135183303723867, -0.26403547505352487, -0.02429222519280331, 0.027139999693480382] - [0.02801783614040508, 0.19372867686013082, -0.12394569229056265, -0.12832097019810607] - [-0.1394921086390817, 0.5169633185415954, -0.2603840417460159, -0.27135998997607236] - [-0.12433331432399126, -0.10324712688841141, -0.10010250682223085, -0.047684600802861715]
B1: -0.011906002559302749 - -0.0012014759482151822 - 0.0040986735674838435 - -0.008330576134543272
B2: -0.02225858129576493 - 0.05009385310603636 - -0.026736616627613785 - -0.022763945738250715
