Number: 8432
Error: 1.232628165116542e-15
A1: [0.08043168907934847, -0.18046780635627804, -0.019588852583864596, 0.11962497613242291] - [0.03741558121457707, 0.1335963873948579, -0.13472618497979008, -0.036285823877206136] - [-0.0017028199459457084, 0.2281901155736322, -0.122828383576994, -0.10365891115735859] - [0.03886323383691185, -0.11448101914293995, -0.04641644198760648, 0.122034227361113]
A2: [0.0353073761006754, -0.02927354294273724, -0.07569741361661111, 0.06966333766298026] - [0.10289375680554978, 0.28289670745208884, -0.3926063903177857, 0.006816002427931804] - [-0.011187090743805953, 0.5390145999894029, -0.3594510067402487, -0.16837645482114752] - [0.09786281584925319, 0.017463333011665385, -0.1688509948632672, 0.05352489564132864]
B1: -6.814969372797113e-09 - 8.373436940690075e-10 - 2.9553484668833635e-09 - 1.603758541557065e-08
B2: 7.092204145828299e-09 - 6.093588330857608e-09 - 5.674074564946188e-09 - 8.187771253299208e-09
