Number: 8249
Error: 9.592125547828424e-16
A1: [0.08043171750356956, -0.18046777793530921, -0.019588824193651558, 0.1196250045533685] - [0.03741553802880362, 0.13359634424182132, -0.13472622807948648, -0.036285867039024464] - [-0.0017028522761915366, 0.22819008324406814, -0.12282841585991222, -0.1036589434789932] - [0.03886326860651728, -0.11448098447094965, -0.0464164072401829, 0.12203426210907425]
A2: [0.03530738526647392, -0.029273533751570033, -0.07569740490184726, 0.06966334725594621] - [0.10289374742981078, 0.28289669799675404, -0.3926063993859005, 0.0068159926101782654] - [-0.011187151611667352, 0.539014538758507, -0.35945106435312507, -0.16837651895959926] - [0.0978627609886825, 0.017463277901555645, -0.16885104708708495, 0.053524838055710955]
B1: 6.1472005078624185e-09 - 1.5660284158333248e-09 - -2.31643467768464e-09 - -1.6839839087142927e-08
B2: 2.175556658456011e-08 - -3.9619149601193754e-08 - -2.2012020164496957e-08 - 2.0555774442765333e-08
