Number: 5478
Error: 1.3233516075524327e-13
A1: [0.06621267071526837, -0.11395257926020631, -0.023984460848261707, 0.07172235803811175] - [0.03740295806197386, 0.18819369995165403, -0.14740860669994152, -0.07818667006835656] - [-0.060229392028678636, 0.32895078023815183, -0.12775312994667398, -0.14096834236267874] - [0.039046295280229085, -0.053322556851151295, -0.03741845868656105, 0.051695251054680445]
A2: [-0.009107053546847484, -0.3468015706142821, 0.24945662488227252, 0.10645827586739905] - [0.08004132825543842, 0.03628387558079505, -0.05024847012658092, -0.06607030341999628] - [-0.04245317911995909, 0.23083149414322768, -0.0405316309724875, -0.14784823674195266] - [0.06813450688113704, -0.29346815158554534, 0.14177094590358824, 0.08356155560989711]
B1: -7.100854546079196e-07 - 4.5584447674934836e-07 - 4.2694007753104243e-08 - 1.42050372112337e-07
B2: 4.7565384711451306e-07 - 1.0893963903618216e-07 - 1.3150580629973198e-07 - 5.450153922374957e-07
