Number: 2864
Error: 1.3921747566414321e-08
A1: [0.06327044231702576, -0.04803552386543358, -0.023606105173058202, 0.007692636101160549] - [0.04360079025664246, 0.191211768258543, -0.1426272943952779, -0.09257886374578533] - [-0.12376263887696906, 0.4145434243747797, -0.10517903127320358, -0.18739195859742852] - [0.036293735492460955, 0.018455225388785797, -0.03384250378214622, -0.023758546074920023]
A2: [0.06345601591482211, -0.17367157419998985, 0.08633606080084263, 0.02396953597811273] - [0.029270972109060704, 0.20028008675270534, -0.10172908902288631, -0.1278916343813864] - [-0.09322257234026902, 0.5138658413240813, -0.22541858353209773, -0.19491708848135766] - [-0.025055501641297266, 0.019387658170223067, -0.04941517955179065, 0.05782544641126713]
B1: -0.0002023421598809308 - 0.00025237561344225706 - 0.00014237512016359108 - -0.0002961366835961919
B2: 9.602641919894297e-05 - 6.51910931439485e-05 - 3.427895594646146e-05 - -2.4165802993512012e-05
