Number: 5123
Error: 1.51586968269739e-15
A1: [0.0662131908324443, -0.1139520707631989, -0.0239839411366506, 0.07172287728492271] - [0.037402603521939866, 0.18819336121312813, -0.14740895523966344, -0.07818701863908586] - [-0.060229514714974126, 0.32895066240822957, -0.1277532499969027, -0.14096846176775718] - [0.039046243955024804, -0.053322605561243755, -0.03741850833467927, 0.0516952018097206]
A2: [-0.00910841124901906, -0.3468030109207165, 0.2494552561950222, 0.10645685239799196] - [0.08003980413594008, 0.03628223367054187, -0.05025013590104227, -0.06607198333699758] - [-0.042452948614241155, 0.2308317485435893, -0.04053138395363343, -0.14784798181426287] - [0.06813465061398154, -0.29346799332876894, 0.14177110172433185, 0.08356171675811726]
B1: 1.0887601144493433e-08 - -1.142069068781317e-09 - -2.0502215140538487e-09 - -1.693508868803484e-08
B2: 1.5171814912599225e-08 - 1.4333678054667079e-08 - -8.385384321041584e-08 - 2.9241154705357634e-08
