Number: 7404
Error: 8.096819760529538e-16
A1: [0.08043168207555712, -0.18046781335928405, -0.019588859579250367, 0.119624969129437] - [0.03741557886011113, 0.1335963850421785, -0.1347261873296816, -0.036285826230421245] - [-0.0017028153633693315, 0.22819012015610995, -0.12282837900113183, -0.10365890657601574] - [0.03886322667197483, -0.11448102628780232, -0.04641644914798863, 0.12203422020060457]
A2: [0.03530755091932223, -0.029273367640607072, -0.07569724740109825, 0.06966352062946628] - [0.10289370586676325, 0.28289665608095727, -0.39260643958516717, 0.006815949087632411] - [-0.011187212104261606, 0.5390144779051466, -0.3594511216106427, -0.16837658270279135] - [0.09786276473948076, 0.017463281669445243, -0.16885104351652072, 0.05352484199278513]
B1: 4.5928497150024254e-08 - -1.1073853836309555e-08 - -3.287825958274381e-08 - -9.279273784927847e-09
B2: 4.182181827405325e-10 - -2.9031552271997175e-09 - 6.450977925875009e-09 - -1.0496757543734473e-09
