Number: 2897
Error: 5.581800032180687e-09
A1: [0.06355291211246371, -0.0477541858565079, -0.023325946798279817, 0.007972306410720132] - [0.0439176418536557, 0.1915177191115945, -0.14230088980117597, -0.09223071522818693] - [-0.12357001760507497, 0.41473522214856123, -0.10498578484332324, -0.18720006987145846] - [0.03679202599972655, 0.018953920958382806, -0.033345472190536955, -0.02326439538265374]
A2: [0.06348234278341258, -0.17364549446746239, 0.08636207491076076, 0.023995101539154032] - [0.029629176443303845, 0.20063298633146134, -0.10137219809531132, -0.12754122891232092] - [-0.09336659019668096, 0.5137247231039719, -0.22556253443206198, -0.19505608688773327] - [-0.025396195714856743, 0.019048643668265516, -0.04975599134849384, 0.057494429987357716]
B1: 0.00011513086518461527 - 2.4573424362322053e-05 - 4.670645247544299e-05 - 1.2781222722843896e-05
B2: 5.490972483900117e-05 - -0.00017858728985354887 - 0.00010452983828821306 - 9.375290558994477e-05
