Number: 5890
Error: 3.330148474732643e-08
A1: [0.08015538614447522, -0.1807444878603197, -0.019864527268844787, 0.11934883485619785] - [0.03640213980479183, 0.13258356728432072, -0.1357372853883294, -0.037298550883845656] - [-0.0020156208873626747, 0.2278773853563479, -0.12314038840329351, -0.1039714680468939] - [0.039226741504172664, -0.11411867480706649, -0.046052826191957726, 0.12239767215490414]
A2: [0.035144093877618604, -0.029437254700530414, -0.07585256474371244, 0.06949249756665261] - [0.10333477637747444, 0.28334065185583984, -0.39218033181699796, 0.007277952285565786] - [-0.00983854810270401, 0.5403706269607692, -0.35817428300766646, -0.16695469374715904] - [0.09830047599753279, 0.017902764710656233, -0.16843421209646622, 0.053984606223058056]
B1: 4.5258906657360645e-05 - -0.00036787756222770413 - -0.00011599144049354886 - -2.2991369110147256e-05
B2: -0.00042947220788225744 - 5.052763068797214e-06 - 0.0005448958846018825 - -8.315918140720497e-05
