Number: 2539
Error: 3.135540896205667e-08
A1: [0.06391587164927333, -0.04738735933518953, -0.022963856156117176, 0.008334386391381619] - [0.04344011674696387, 0.19105541784186245, -0.14279527990222218, -0.092759191034889] - [-0.12319349729211151, 0.41511983020893173, -0.10459685872657822, -0.18681125560189202] - [0.03757593036354834, 0.019749633127581323, -0.03255461060475505, -0.02247667613691457]
A2: [0.06507800460284739, -0.1720680619839908, 0.08796045058106293, 0.025576436268417428] - [0.028647392312837847, 0.19966553451806376, -0.10235026263846503, -0.1285021558005105] - [-0.09369229462319656, 0.5134042027089621, -0.2258926440825166, -0.19537149844663595] - [-0.026598729928574743, 0.017856275466499816, -0.050968119559119264, 0.056320836076675894]
B1: -0.00032454311428819734 - 0.0001330699978656319 - -0.00035259452704589496 - 2.5808501011189645e-05
B2: 5.942582465688011e-05 - -9.459437737194116e-05 - -2.051438766788713e-05 - -8.473313730154386e-05
