Number: 5465
Error: 9.975686181051447e-14
A1: [0.0662130132534893, -0.11395224437417788, -0.02398411857655944, 0.07172270000376282] - [0.03740256893382292, 0.18819332816637666, -0.14740898924259185, -0.07818705264495594] - [-0.060229594783767264, 0.3289505855051004, -0.12775332834885317, -0.14096853969770315] - [0.039045940341284086, -0.05332289374067385, -0.037418802071446246, 0.05169491045810211]
A2: [-0.009108559145035926, -0.34680316781471626, 0.2494551071009509, 0.10645669733735506] - [0.08004138233144202, 0.03628393383640889, -0.05024841102558887, -0.0660702438162279] - [-0.04245202792617118, 0.23083276466730654, -0.040530397311004905, -0.14784696357267035] - [0.068135493122007, -0.2934670656951388, 0.14177201508040205, 0.08356266136008347]
B1: 4.011758955556504e-07 - -1.228962627687757e-07 - 3.066784571777883e-08 - -1.0630785705003229e-08
B2: -2.727140019252277e-07 - -3.5617568848989684e-07 - -2.8708968718581895e-08 - -2.3569210090588846e-07
