Number: 848
Error: 6.476190684084728e-10
A1: [-0.012145978956305821, -0.014509554399281312, 0.018095479025122537, 0.008591020762683884] - [0.0658532900075693, 0.18951262858017864, -0.14530390342199773, -0.10998845886101996] - [-0.09626143860262487, 0.42181666475467244, -0.05342300512860246, -0.27199887784841237] - [-0.0013040033661379468, -0.018202417352055775, -0.00381648611086329, 0.02339696727921157]
A2: [0.1615864258082006, -0.1677550628805922, 0.008501044797491638, -0.002333356091522974] - [0.0354864186875561, 0.20751740574075078, -0.11720973197619622, -0.12579134934949007] - [-0.08619777002989426, 0.58155357307077, -0.23537337744560724, -0.2599201840734819] - [-0.003833158559038327, -0.0045175112420032144, 0.0011120470532947674, 0.007245123565094937]
B1: 1.8327954191274563e-05 - 7.888017835976778e-06 - 1.3474319489419773e-05 - 7.371820434843921e-06
B2: 6.6710509781402485e-06 - -3.537832132391696e-05 - -4.41408226723261e-06 - -1.816694295666044e-05
