Number: 7993
Error: 1.0745530709711492e-15
A1: [0.08043171849066666, -0.1804677769483038, -0.019588823207680742, 0.11962500554038838] - [0.03741552475957894, 0.13359633098259444, -0.13472624132236688, -0.03628588030096577] - [-0.0017028320341751493, 0.22819010348565938, -0.12282839564752109, -0.10365892324236842] - [0.03886325997627248, -0.11448099307697178, -0.04641641586490318, 0.12203425348420736]
A2: [0.03530746016342603, -0.029273458647515526, -0.0756973336906511, 0.0696634256435831] - [0.1028936770710212, 0.2828966270408344, -0.39260646743605454, 0.006815918934322131] - [-0.011187142834529276, 0.5390145475880183, -0.3594510560453286, -0.16837650971086385] - [0.09786277290135337, 0.017463289868433114, -0.1688510357469555, 0.0535248505601039]
B1: 1.2438210566874809e-08 - 2.0287472486513664e-09 - -5.947846301464888e-09 - 8.029695977952459e-09
B2: -2.26473008199388e-08 - 4.874961155836882e-08 - 4.487197224362753e-09 - -1.7149030512430412e-08
