Number: 6293
Error: 1.1769085337031899e-15
A1: [0.08043164621749987, -0.18046784921327258, -0.019588895394426625, 0.11962493327547895] - [0.03741555526914486, 0.13359636146906959, -0.13472621087364642, -0.03628584980831726] - [-0.0017028374212196627, 0.2281900980987375, -0.12282840102668435, -0.10365892862797933] - [0.038863205670472356, -0.11448104723035897, -0.04641647013610274, 0.12203419921216178]
A2: [0.03530741022358494, -0.029273508725499383, -0.07569738117284003, 0.06966337337615668] - [0.10289380188203533, 0.28289675291111177, -0.3926063467204586, 0.006816049629642973] - [-0.01118692253751367, 0.539014769199051, -0.3594508475294587, -0.16837627757614856] - [0.09786286517558611, 0.017463382562397857, -0.16885094790785235, 0.05352494741800626]
B1: -4.789393614591242e-08 - 1.2142875612892282e-08 - 8.634910338977333e-09 - 2.695692684976806e-09
B2: -1.4145777013919888e-08 - -1.1775632460832908e-08 - 5.824327889601931e-09 - -2.6185461162803246e-09
