Number: 3524
Error: 5.301524636886851e-11
A1: [0.06620363643718509, -0.11396141274695715, -0.02399348932716241, 0.0717133396352183] - [0.03739835338051068, 0.1881892993443839, -0.14741313375137524, -0.07819119662653855] - [-0.06020072715495747, 0.3289783167343598, -0.1277250758394427, -0.14094044491323238] - [0.03902229801208016, -0.053345336536546877, -0.03744167702113478, 0.05167222346729345]
A2: [-0.009050221426055943, -0.3467412808316679, 0.24951392135687223, 0.10651786062650297] - [0.08002207635459944, 0.03626313681723456, -0.05026951217312333, -0.06609152322329243] - [-0.04246571102377677, 0.23081766328289416, -0.04054505974021793, -0.1478620979604656] - [0.0682020013415559, -0.29339383849662987, 0.14184412101989297, 0.08363723018479509]
B1: 2.8067051255766626e-06 - 1.3045641328908617e-05 - -5.790103262969842e-06 - 5.288305653996974e-06
B2: 3.278654812976317e-06 - 5.623790371231438e-07 - -8.783897112678053e-06 - 3.1742210130888257e-06
