Number: 8795
Error: 6.663904720302e-06
A1: [0.08028561213056391, -0.1806139159433425, -0.019734892918258223, 0.11947895553793311] - [0.03647785285948069, 0.13265916835286792, -0.13566202888697723, -0.037223060475968114] - [0.00011479205924366928, 0.23000781605240847, -0.12101408658962917, -0.10184161256943626] - [0.038603564981380935, -0.11473995757470001, -0.046676190665029205, 0.12177477336183595]
A2: [0.03467439946861401, -0.02990879905158709, -0.07629844389352032, 0.06900097550027458] - [0.10217272433433268, 0.2821691631344087, -0.39330319607581, 0.006061010101405495] - [-0.011172105114921536, 0.539029291957677, -0.3594362701148565, -0.16836041592125126] - [0.0972058008542911, 0.016802821717186483, -0.169475624948303, 0.05283533405290833]
B1: 0.0006160038468073982 - 0.0006935823627146882 - 0.00043749803684225053 - 0.0006782010450125185
B2: -0.0017879777482790167 - -0.0011282974103977714 - -0.0034344601919732236 - -0.0015452021377777192
