Number: 6827
Error: 1.047221019537411e-15
A1: [0.08043166868793818, -0.18046782674538236, -0.01958887295085866, 0.11962495574334782] - [0.03741555765896178, 0.13359636385707455, -0.134726208488593, -0.036285847419828036] - [-0.0017028577682494397, 0.228190077752137, -0.12282842134392112, -0.10365894896958068] - [0.03886320162399745, -0.11448105126547924, -0.04641647417999936, 0.12203419516819841]
A2: [0.0353074726947118, -0.029273446081583162, -0.07569732177611202, 0.06966343875898716] - [0.10289379726843911, 0.2828967482583551, -0.39260635118265885, 0.006816044798517067] - [-0.011187130578720146, 0.5390145599169518, -0.35945104444487913, -0.1683764967965504] - [0.09786282344627692, 0.017463340643272852, -0.16885098763142645, 0.05352490361578318]
B1: 2.8913720671766854e-09 - 1.694741188303392e-08 - -1.8670419516303135e-08 - -2.261102121522433e-09
B2: 4.316854019651689e-09 - -2.258764756059125e-09 - -1.057426565074568e-08 - -3.515182482790086e-09
