Number: 6927
Error: 8.725781252408099e-16
A1: [0.08043167423886026, -0.18046782119508895, -0.019588867406571956, 0.11962496129363649] - [0.03741559770825159, 0.1335964038760519, -0.13472616851910071, -0.036285807392723045] - [-0.001702808419509995, 0.22819012709982256, -0.12282837206743558, -0.10365889963401183] - [0.038863236182092024, -0.11448101680436845, -0.04641643964392494, 0.12203422970481459]
A2: [0.03530732553468788, -0.029273593648631413, -0.07569746169398284, 0.06966328474005792] - [0.10289369768586894, 0.2828966478306195, -0.3926064474976179, 0.0068159405210147265] - [-0.01118702037587714, 0.539014670777104, -0.359450940135494, -0.1683763806719671] - [0.09786276836272968, 0.017463285309169234, -0.16885104006739782, 0.05352484579598967]
B1: -1.7974020497365573e-08 - -2.840900468503406e-08 - 3.852236250733218e-08 - -9.640292198057167e-09
B2: -1.234463137154947e-08 - -3.1826252474850057e-10 - 2.264973183445476e-09 - -7.580069116139712e-10
