Number: 3196
Error: 0.01084567600824451
A1: [0.014615607424400975, -0.1107394939081755, -0.08126437944142352, -0.05142257195242341] - [0.10686982936921825, 0.2496088985403691, -0.08123679851334371, -0.030348898943334788] - [-0.1387354372629827, 0.39192626880454107, -0.12554400355526926, -0.20914912863745858] - [-0.01118932465907993, -0.027896318856951943, -0.07570353484670006, -0.06076786775162851]
A2: [-0.04596199608055067, -0.2623573408025457, 0.0012850426801999104, -0.0353796053673258] - [0.05134690518922557, 0.2252938005950329, -0.07607830551978048, -0.10074576244811109] - [-0.11552241624739581, 0.4979207588863417, -0.2441465534149411, -0.21401937607150734] - [0.04648827538103864, 0.09053328129075285, 0.016782998824258898, 0.10786652133273159]
B1: -0.04583652024317162 - -0.10837065321931313 - -0.055977910158917274 - -0.06407156872477118
B2: 0.071271567932257 - 0.10936737236507736 - 0.05011591850265584 - 0.00485410420486454
