Number: 3857
Error: 7.580788461275965e-16
A1: [0.06621310682486656, -0.11395215289346754, -0.023984025078273435, 0.0717227934183676] - [0.037402544340845556, 0.18819330466957165, -0.14740901341926, -0.07818707682380203] - [-0.060229424157255684, 0.3289507493842125, -0.12775316138236115, -0.14096837363003237] - [0.039046192186607896, -0.05332265469811769, -0.03741855841907209, 0.05169515213203841]
A2: [-0.009108593875302731, -0.3468032046583439, 0.24945507209125917, 0.10645666092454399] - [0.08003980213794029, 0.03628223151804295, -0.050250138084888686, -0.0660719855393629] - [-0.04245283588615998, 0.23083187295681495, -0.04053126315014842, -0.14784785714180662] - [0.06813472455017329, -0.2934679119222448, 0.14177118187824259, 0.0835617996536527]
B1: -5.059169235096116e-09 - -3.014783895017393e-08 - -5.542865249231318e-09 - -1.2624892970162162e-08
B2: -1.6786678917121258e-08 - -1.9129309765905288e-08 - 3.75716675188929e-08 - -4.757483561649672e-08
