Number: 1407
Error: 6.628352001995359e-10
A1: [-0.007335367118783975, -0.015142927794449694, 0.0028434769070057493, 0.019302949224983268] - [0.0668270726326325, 0.18988475488650983, -0.14673477445102792, -0.10986196003023149] - [-0.11286189384514374, 0.4415141864784609, -0.07107765351312766, -0.2583992815162488] - [-0.023488148323071084, 0.015227384437513371, -0.03005599147072371, 0.03878612756755015]
A2: [0.1314539472268681, -0.2247585895250594, 0.022536642439229777, 0.0700312866817612] - [0.032691493952548556, 0.2037937707984977, -0.11484323244397382, -0.12141318801863896] - [-0.0947962526666633, 0.5553691296831199, -0.23537286493631812, -0.22580572855882775] - [-0.020980552434120545, -0.019426851902566638, 0.007966127536646534, 0.03203450446655147]
B1: -2.5474278637154274e-05 - -1.4470227567928898e-05 - -6.0127833448758077e-05 - 2.4722806316180777e-05
B2: -5.8192007316961674e-05 - -2.4736451452749033e-05 - -3.7971814368117174e-06 - 6.620093882235139e-06
