Number: 4271
Error: 1.1181163462732858e-15
A1: [0.06621321924346987, -0.1139520429870588, -0.02398391274788449, 0.07172290564830684] - [0.03740261410756302, 0.18819337132692981, -0.14740894483322056, -0.07818700823169997] - [-0.06022930842022333, 0.32895086054323336, -0.1277530481289287, -0.14096826098571633] - [0.03904612245508512, -0.05332272088461958, -0.03741862588197317, 0.05169508521690818]
A2: [-0.009108544794058527, -0.34680315259079786, 0.24945512156962174, 0.10645671238355853] - [0.08003985234066698, 0.036282285600767385, -0.05025008321616926, -0.06607193020472306] - [-0.04245285325885032, 0.2308318537832343, -0.04053128176740401, -0.14784787635533242] - [0.0681347198571295, -0.29346791708943604, 0.14177117679055354, 0.08356179439193352]
B1: -2.586903066844112e-08 - 2.8292907541667843e-08 - 1.5841028266329617e-09 - -7.3034678313185415e-09
B2: 1.4573759603116606e-08 - -9.036875865337452e-09 - 6.7577716746101966e-09 - -2.343379932249761e-08
