Number: 2413
Error: 4.279581217498469e-06
A1: [0.06388603601758087, -0.04799750039273475, -0.023600518930051176, 0.007918400420896157] - [0.03369088674425689, 0.18150090932826995, -0.15308813374495503, -0.10343752672714211] - [-0.1294514262331888, 0.4093293024376163, -0.11097091611424316, -0.19303105391486425] - [0.030181713419080852, 0.012731182626378972, -0.03985592880562327, -0.02960886549150829]
A2: [0.06607305569653917, -0.17088255740306205, 0.08950710554491378, 0.026975458247590445] - [0.028520605502608508, 0.19957773783163507, -0.10252314037974795, -0.12868084522970108] - [-0.10665250580844182, 0.5011564887497805, -0.23808569493799436, -0.2073661895750967] - [-0.023527399118052728, 0.020977812882239908, -0.047281250404929184, 0.059472320059295675]
B1: -0.005680593380825132 - -0.0008948262487305657 - 0.0019196200733569446 - -0.002308396341694394
B2: -0.00117140266448927 - -0.003076848730341842 - 0.0019217685232393639 - -0.000448050386679276
