Number: 7516
Error: 8.627684558683499e-16
A1: [0.08043171717249865, -0.18046777826632132, -0.01958882452427783, 0.11962500422236609] - [0.037415610856181857, 0.13359641701402872, -0.13472615539736738, -0.03628579425207838] - [-0.0017027826503419248, 0.22819015286844033, -0.1228283463359992, -0.10365887387171831] - [0.038863259021997505, -0.1144809940285696, -0.046416416818583606, 0.12203425253051729]
A2: [0.03530742613903485, -0.029273492766014698, -0.0756973660406675, 0.06966339003342768] - [0.10289378636618199, 0.2828967372635768, -0.3926063617271556, 0.006816033382248783] - [-0.011187082511258748, 0.5390146082711078, -0.35945099894797256, -0.168376446146198] - [0.09786285509297026, 0.017463372433917025, -0.16885095750579196, 0.05352493683447482]
B1: 5.068193205786004e-10 - 7.0102733276584884e-09 - 2.2129965193320016e-08 - 2.7997306795260126e-09
B2: 6.531652175596305e-09 - 4.013248648044957e-09 - 1.3023384830718221e-08 - 9.948893324343187e-10
