Number: 5900
Error: 1.4335277844449223e-08
A1: [0.08031105812861423, -0.18058861320973593, -0.01970925118034062, 0.1195043961218114] - [0.03677118706779408, 0.13295237497174703, -0.13536921819854236, -0.036929816750525514] - [-0.0017624836218767175, 0.22813051437964516, -0.12288780576370968, -0.10371848169487033] - [0.03930491696893813, -0.11404056915062957, -0.04597485208936157, 0.1224757235443389]
A2: [0.03479675403443696, -0.029785391249256377, -0.07618286827083605, 0.06912877588204205] - [0.10214603902401016, 0.2821425395461984, -0.39332978657333173, 0.006032824406196285] - [-0.01187706025597663, 0.5383205817496245, -0.36010399131348086, -0.16910354064187033] - [0.09728574635580174, 0.016883760161719757, -0.16940028086054287, 0.05291905852690795]
B1: -5.481976743212674e-05 - 0.00010597604689932084 - 4.830181804238118e-07 - -8.64514393894158e-06
B2: -0.0004257522491369564 - -0.00011491159377798849 - 0.00031533981998775547 - -0.00012922983171590735
