Number: 4272
Error: 8.346148177760473e-16
A1: [0.06621321987810387, -0.11395204236660685, -0.02398391211374855, 0.07172290628187576] - [0.03740261221082445, 0.1881933695147249, -0.14740894669785998, -0.07818701009650433] - [-0.060229305753371355, 0.3289508631045977, -0.12775304551930472, -0.14096825839012822] - [0.039046120997345, -0.053322722268251445, -0.03741862729228801, 0.051695083818044725]
A2: [-0.009108515354067221, -0.3468031213595749, 0.24945515124781373, 0.10645674324977718] - [0.08003984147332929, 0.03628227389353218, -0.050250095093550246, -0.06607194218295707] - [-0.042452850121972426, 0.23083185724528651, -0.04053127840580219, -0.14784787288606482] - [0.0681347328042332, -0.2934679028341136, 0.1417711908264608, 0.08356180890802516]
B1: -2.888019638882465e-08 - 2.3380729595193752e-08 - 4.809749914129341e-09 - -1.3453138003430026e-09
B2: 1.7485388446084103e-08 - -6.9217484393903175e-09 - 8.844767468391767e-09 - -2.492111222046656e-08
