Number: 4943
Error: 1.0674278576684562e-15
A1: [0.06621322727563163, -0.11395203513436768, -0.02398390472203168, 0.0717229136669787] - [0.03740266458966783, 0.18819341955918947, -0.14740889520542622, -0.07818695859953416] - [-0.06022938319392624, 0.32895078872719324, -0.12775312129805563, -0.1409683337611172] - [0.03904613888233664, -0.05332270529242521, -0.03741860998906816, 0.051695100980729596]
A2: [-0.009108607267664822, -0.3468032188654573, 0.24945505859045158, 0.10645664688345677] - [0.08003983089611702, 0.03628226249888918, -0.050250106653731974, -0.06607195384134214] - [-0.04245279531652192, 0.2308319177319812, -0.04053121967397179, -0.14784781227332305] - [0.06813477349174694, -0.2934678580354005, 0.1417712349354495, 0.0835618545262457]
B1: 2.3584118695157206e-08 - -2.5021871253915833e-08 - 7.667950472220187e-09 - 1.4478852752152726e-08
B2: 1.9520961073596076e-08 - 5.0741069741333674e-08 - -1.4156129618167056e-08 - -2.6888154225398318e-08
