Number: 6059
Error: 5.443951554882624e-14
A1: [0.08043309848348053, -0.18046639711228116, -0.01958744486546515, 0.11962638537508154] - [0.037417118528186265, 0.13359792354377986, -0.13472465073097692, -0.03628428741644816] - [-0.001702161995657084, 0.2281907735111907, -0.12282772658870038, -0.10365825338159841] - [0.03886452870686536, -0.1144797279066496, -0.04641514794250322, 0.12203552142642081]
A2: [0.03530743327208886, -0.029273485613854785, -0.0756973592564684, 0.0696633974998512] - [0.10289268943243973, 0.28289563101975423, -0.39260742266594184, 0.00681488473203513] - [-0.011189258309957194, 0.5390124194948369, -0.3594530583857376, -0.1683787388625745] - [0.09786123478965232, 0.0174617447603978, -0.16885249992768497, 0.053523236042719705]
B1: 5.344825051497069e-07 - 2.5963457572831427e-07 - -1.8255952024804563e-07 - -1.7409958387769244e-07
B2: -4.7035260067869196e-07 - -6.75901365938353e-07 - 1.5461559963636024e-06 - -4.66821532472705e-08
