Number: 9546
Error: 1.258024097630246e-13
A1: [0.053173290578982235, -0.14800053027396654, -0.026998307700850533, 0.12182856278958705] - [0.005312088895101277, 0.1308350616150715, -0.11360237446482739, -0.022551396601979967] - [-0.014444962347037764, 0.22309113487110868, -0.1270416649908854, -0.08160641894641465] - [0.027144304990825246, -0.10002219315370768, -0.049426668060112096, 0.12229595981004449]
A2: [0.08925828513616639, -0.0729095553352751, -0.12362368313595601, 0.10729025402366003] - [0.10884416946474572, 0.24981662220529469, -0.40484289722095484, 0.04619196180141604] - [0.03663833052474362, 0.4625575055316156, -0.3777151098832622, -0.12147084405782566] - [0.1434284589231213, -0.04460460515315388, -0.20149755754229978, 0.1026819182568191]
B1: 5.0052416347451225e-08 - -1.4266176727093957e-07 - 1.4893380144261164e-07 - 4.4132341683245216e-07
B2: 7.405881149047467e-07 - -4.92621707270302e-07 - 1.257774580820542e-07 - -1.0598303157848439e-07
