Number: 2275
Error: 0.0001729780597271241
A1: [0.046084707417267064, -0.05796613660649694, -0.03520823099630117, -0.006397481336077582] - [0.01113381305327133, 0.15317263017017738, -0.1902134210622501, -0.13986589929805027] - [-0.1502512893283079, 0.400857528836718, -0.1219289895358493, -0.2008157902764844] - [0.02121186124743676, 0.017116738945657115, -0.03209391754769767, -0.030301912682533023]
A2: [0.10786649513677639, -0.1362202522948807, 0.1368033442810789, 0.06741758163553122] - [-0.012038445686762876, 0.16052959803774516, -0.14082183005817459, -0.16852984137647364] - [-0.22814772357553761, 0.3962855131266294, -0.3501833657802953, -0.3246341115891459] - [-0.1581696485790792, -0.09888852075923858, -0.1798168308228413, -0.06915743809924031]
B1: 0.0337368351985447 - 0.0017162680235195923 - 0.02179215026173091 - -0.03870127635135812
B2: 0.0005841027567717238 - 0.002794686039696223 - 0.007763799143041039 - 0.0004636373416217563
