Number: 3927
Error: 6.664332194264911e-16
A1: [0.0662131616888394, -0.11395209925552954, -0.02398397025735362, 0.07172284819026778] - [0.037402571025037495, 0.18819333016450218, -0.14740898718665263, -0.07818705058887469] - [-0.060229335935709685, 0.32895083411610315, -0.12775307505396374, -0.14096828776596823] - [0.03904615650845586, -0.05332268856245482, -0.037418592936486916, 0.051695117894901284]
A2: [-0.009108562561578729, -0.3468031714393642, 0.24945510365834528, 0.10645669375528934] - [0.08003980043435467, 0.03628222968279281, -0.05025013994681174, -0.06607198741709429] - [-0.04245291288566163, 0.23083178797532203, -0.04053134566590445, -0.14784794230041784] - [0.06813458329247353, -0.29346806745323767, 0.14177102874117348, 0.08356164127753267]
B1: -5.64084233601575e-09 - -4.428031444972798e-08 - 2.1275016875848395e-08 - 2.5746754077976258e-08
B2: 8.594711761342099e-09 - -2.7725403101751786e-09 - 2.908530728540771e-09 - 2.1677449532547127e-08
