Number: 3375
Error: 1.7374576684586248e-07
A1: [0.06553739365679338, -0.1146130410722728, -0.02466122621426052, 0.07104774370016115] - [0.03873482703232835, 0.18946488617466076, -0.14610096179368973, -0.07687870638483188] - [-0.05366857459497456, 0.33526657584393554, -0.12132389142099595, -0.13458239078309644] - [0.03626665669915271, -0.05596320909176958, -0.04010956246133648, 0.049023059839748195]
A2: [-0.0072286814184627105, -0.3448066045514984, 0.2513971067358791, 0.10842637897519346] - [0.08064198309268218, 0.03693182548860513, -0.04959333786929413, -0.06541215404247475] - [-0.04072474707174547, 0.23273991221591758, -0.03866873397237784, -0.14594414410044018] - [0.07041017297808544, -0.29095835899680556, 0.14426810962190434, 0.08611344333515751]
B1: 0.0003265795646387841 - -0.0003863630016543461 - -0.00016886129085960823 - -7.548178277228908e-05
B2: 0.00032468063001634133 - 0.0003264757510090911 - 0.00022767847924628565 - -0.0003726798970864822
