Number: 383
Error: 2.1519006294961228e-11
A1: [-0.012108992278561768, -0.014471562328906132, 0.018136363589903372, 0.008630547368763878] - [0.06583296031090898, 0.18949307242610258, -0.14532492296151445, -0.11001109394881131] - [-0.09628012675962237, 0.4217986049152312, -0.05344328119256467, -0.2720206496336633] - [-0.0013212140265744928, -0.01821896866737081, -0.003834803110996053, 0.02337707448034041]
A2: [0.16160557369067272, -0.16773628029496043, 0.008519804248624255, -0.002314693415433353] - [0.03548052986617688, 0.2075116107719753, -0.1172155969368514, -0.12579711111299172] - [-0.08618191734846624, 0.5815690963902581, -0.23535795678190186, -0.2599047321246532] - [-0.003814159258113333, -0.004498829642686971, 0.0011308508507442995, 0.007263299042769523]
B1: 6.073349796232566e-07 - -3.4207939919896185e-06 - 4.847655110832644e-06 - -2.418105831317893e-06
B2: 1.8424306050533278e-06 - -9.969990057818232e-06 - 1.2172334837433162e-05 - 1.4536614044977124e-06
