Number: 2522
Error: 3.8419567871466764e-08
A1: [0.06303540156505792, -0.048265806004353505, -0.023836943761190877, 0.007459559248734712] - [0.044264127461877446, 0.1918507298266821, -0.14194818218368452, -0.09185429339832855] - [-0.12338607000562923, 0.4149260144734008, -0.10479150656376345, -0.18700617595398397] - [0.03682411272624942, 0.018994958707010533, -0.0333070875799766, -0.02322633635485898]
A2: [0.06295973940192753, -0.17417395112951542, 0.08584738192689395, 0.02348463517714467] - [0.029259212185200594, 0.2002692480496074, -0.10174041786291818, -0.12790299048041354] - [-0.0939225264287747, 0.5131820413113234, -0.22612254868780257, -0.19559312087150846] - [-0.025684953296791622, 0.01876802967540267, -0.050052504378651164, 0.05721216814621914]
B1: 0.00031030017420978593 - 0.00044202643749816046 - -6.973704704923744e-05 - -0.00015972150898142256
B2: -0.00013107102352219642 - 1.4155328153406266e-05 - 3.930296766470814e-05 - -9.247974449241208e-05
