Number: 8276
Error: 9.013394948339764e-16
A1: [0.08043169758526866, -0.18046779785135045, -0.019588844088136853, 0.11962498463734443] - [0.03741563957238429, 0.13359644570854437, -0.13472612673822934, -0.036285765551693314] - [-0.0017027970235542775, 0.2281901384955251, -0.12282836068817209, -0.10365888824110193] - [0.038863248188681476, -0.1144810048314821, -0.04641642764500893, 0.12203424170393028]
A2: [0.03530741034160098, -0.029273508607097022, -0.07569738106069271, 0.0696633734997363] - [0.10289367057894454, 0.2828966204936674, -0.3926064737151225, 0.006815912136200521] - [-0.011187059480400266, 0.5390146314392739, -0.3594509771486962, -0.16837642187787014] - [0.09786294905081158, 0.017463466819089692, -0.16885086806376928, 0.0535250354593406]
B1: 1.1744123843434363e-08 - -4.062822902116057e-08 - 3.3540030226618554e-08 - 4.5101362129881164e-08
B2: 3.9546578939772953e-10 - 2.211461990205476e-08 - 2.2775976473694713e-08 - -1.962923585595081e-09
