Number: 6236
Error: 1.1224790003269046e-15
A1: [0.08043165911477429, -0.18046783631745864, -0.01958888251257364, 0.11962494617128043] - [0.037415568059551554, 0.13359637424979562, -0.1347261981087255, -0.036285837024995805] - [-0.001702830105473447, 0.22819010541432805, -0.12282839372164917, -0.1036589213141853] - [0.03886321822259813, -0.11448103471345902, -0.046416457591975185, 0.12203421175648639]
A2: [0.03530743911252243, -0.029273479756657967, -0.0756973537056214, 0.06966340361157972] - [0.10289371962282028, 0.28289666995374896, -0.3926064262804773, 0.006815963492191549] - [-0.011187120945611145, 0.5390145696075224, -0.3594510353269299, -0.16837648664581661] - [0.09786278972631586, 0.017463306769931405, -0.16885101973063787, 0.05352486822079086]
B1: -1.1841537380315467e-09 - -9.352230785724091e-09 - -9.904964171857316e-09 - -6.285041549031577e-09
B2: -1.0542518323963906e-08 - -1.4009907925571628e-08 - 2.5717244657633382e-09 - -4.364100768238237e-09
