Number: 293
Error: 1.4673251847313481e-08
A1: [-0.01233605308335026, -0.014704817634464105, 0.01788541605245343, 0.00838801652978929] - [0.06512787101684689, 0.1888147825692249, -0.14605394293100113, -0.11079614314512955] - [-0.09602046570529203, 0.42204981913994144, -0.05316125698258801, -0.271718073273461] - [-0.0011954881401113992, -0.01809782616104967, -0.0037007974276446498, 0.02352241822788464]
A2: [0.1616844788251485, -0.1676588880949219, 0.008597297340165714, -0.0022376206943160305] - [0.03558067376601668, 0.20761012829414635, -0.1171159213980644, -0.12569918202469416] - [-0.08606103996163955, 0.581687440954941, -0.23524031877641297, -0.2597867896358198] - [-0.0037609348943064766, -0.004446443447458585, 0.0011837676031933786, 0.0073144457180846665]
B1: -3.652981682777355e-06 - 0.00022761586658512361 - 3.228375420957105e-05 - -2.5555204926613448e-05
B2: -0.00013015639598560423 - 0.00022719106674192447 - -6.744212881631708e-05 - -0.0001019613634675252
