Number: 9116
Error: 1.0760714276829112e-05
A1: [0.049666917440040176, -0.15194404282792937, -0.03039671009558127, 0.11781217759543212] - [0.005736055857286409, 0.13145621034294563, -0.112928317940286, -0.02177475377324942] - [-0.0016345328023342695, 0.2364042392959403, -0.11376005762534137, -0.06793236137659697] - [0.025959256965393696, -0.1011662520181376, -0.05013662174042517, 0.12126977602382412]
A2: [0.09762907394891869, -0.06406469382569874, -0.11459147729869246, 0.11621206871761575] - [0.10260445644818139, 0.2435026815270864, -0.41094205952922097, 0.03978032402673871] - [0.05064373067861424, 0.4768047594425405, -0.36348766773671776, -0.10734353695997077] - [0.13584087619583102, -0.052311179421235435, -0.20919133061388742, 0.09474579242473473]
B1: 0.0007830106125025707 - -0.001309572198061783 - -0.007033091666396716 - -0.004670293367191167
B2: 0.0037038646559183703 - -0.0030694498305526502 - -0.0022619218965293526 - -0.00025953561442209174
