Number: 36
Error: 0.0007747130957471861
A1: [-0.08415190899330119, -0.09270540610985274, -0.06119313404172579, -0.061179474386989105] - [0.11815885141808884, 0.24898019170564312, -0.09977885849117343, -0.08234524869063482] - [-0.2359609859351523, 0.27946497910297474, -0.20290514241246219, -0.41181164660807545] - [-0.0266712758909859, -0.03987800693461009, -0.03012003344708769, -0.003954910732698968]
A2: [0.4235929423048254, 0.09115913757558702, 0.2616502830365377, 0.25289731111568564] - [0.13610114273890425, 0.30361789820660606, -0.02393672656502756, -0.032940998260674724] - [0.21540919686307625, 0.8830144846369473, 0.0562321547174209, 0.03619840879043609] - [0.5388939987856312, 0.5390905218586476, 0.5374636270718778, 0.5293521303631011]
B1: 0.04846556928735662 - 0.4512052063181815 - -0.04457340285820153 - -0.05812467938433695
B2: 0.0076887905827163 - 0.46741665634967405 - -0.04776389250296441 - -0.040838308461120645
