Number: 8695
Error: 1.3864106261677722e-13
A1: [0.08043148341579623, -0.18046801199645077, -0.019589058001450648, 0.11962477049239635] - [0.0374154641739578, 0.13359627044289465, -0.1347263017870842, -0.03628594085293376] - [-0.001702943053158961, 0.22818999246908073, -0.12282850650395545, -0.1036590342317168] - [0.03886303430649117, -0.11448121811329544, -0.04641664139083314, 0.12203402795475245]
A2: [0.035308112612162136, -0.029272804394242086, -0.07569671334864482, 0.06966410849986578] - [0.1028935526526917, 0.28289650156655066, -0.39260658777210644, 0.006815788650481701] - [-0.011186840216214522, 0.5390148520112251, -0.3594507696096509, -0.16837619083227084] - [0.09786319059544983, 0.01746370946237198, -0.16885063812806805, 0.05352528900168082]
B1: -1.0880348268142009e-07 - -1.0453351042281505e-07 - -1.3837342924226083e-07 - -1.5962470634412351e-07
B2: 2.5063686940286274e-07 - 2.929475894356567e-07 - 1.7180805926739242e-07 - 2.3685794518070185e-07
