Number: 6276
Error: 1.0220935911366953e-15
A1: [0.08043164983626978, -0.1804678455949126, -0.01958889177998399, 0.11962493689383545] - [0.03741555250183113, 0.13359635870384992, -0.13472621363544676, -0.03628585257409841] - [-0.0017028303566801117, 0.22819010516312663, -0.1228283939724882, -0.103658921565325] - [0.0388632109507362, -0.11448104196491356, -0.04641646485920363, 0.12203420448914386]
A2: [0.035307474928085156, -0.029273443842033252, -0.07569731965266172, 0.06966344109647249] - [0.10289369022337297, 0.28289664030478384, -0.39260645471523087, 0.006815932706662018] - [-0.011187150495942525, 0.5390145398809336, -0.35945106329694326, -0.168376517784053] - [0.09786277203928406, 0.01746328900244642, -0.16885103656753805, 0.05352484965515465]
B1: 5.857344178851824e-09 - -1.8922804968076818e-08 - -3.0415523294978624e-08 - -1.1921523656622021e-08
B2: -2.18084347882764e-08 - -2.0575232027055673e-08 - -1.8198786257536286e-09 - -9.923674148251477e-09
