Number: 8087
Error: 8.919570122198261e-16
A1: [0.08043171151719124, -0.18046778392098645, -0.019588830172823354, 0.11962499856770861] - [0.037415546336988015, 0.13359635254367175, -0.1347262197879418, -0.03628585873550507] - [-0.0017028117664741364, 0.22819012375292888, -0.12282837540949601, -0.10365890298007639] - [0.03886323237674022, -0.11448102059904643, -0.04641644344685281, 0.12203422590182877]
A2: [0.035307436307124795, -0.029273482569811722, -0.0756973563729573, 0.06966340067541012] - [0.10289374431872436, 0.2828966948592649, -0.3926064023949065, 0.006815989352422438] - [-0.011187065515645857, 0.5390146253680633, -0.3594509828612044, -0.1683764282373889] - [0.09786277067288147, 0.01746328762982288, -0.16885103786832414, 0.053524848220942396]
B1: -2.012746117184296e-08 - 9.376612946597403e-09 - 7.73677830904698e-09 - 1.5585871910654098e-08
B2: 2.463747601155603e-08 - -2.514600660944169e-08 - 8.552501859894686e-09 - 7.729296832830555e-09
