Number: 7318
Error: 7.308390134623715e-16
A1: [0.08043168378436476, -0.18046781165066678, -0.019588857872479815, 0.11962497083805082] - [0.03741558896470903, 0.1335963951391292, -0.13472617724521735, -0.036285816131420394] - [-0.0017028248459638033, 0.22819011067372166, -0.12282838846983468, -0.10365891605607795] - [0.03886323367588137, -0.11448101930354868, -0.046416442148541896, 0.12203422720015973]
A2: [0.03530747872698474, -0.02927344003262541, -0.07569731604069005, 0.0696634450723914] - [0.10289371100401577, 0.2828966612618046, -0.3926064346164806, 0.006815954467077896] - [-0.011187154973448778, 0.5390145353767126, -0.359451067535049, -0.1683765225021041] - [0.09786282730886606, 0.017463344523430187, -0.16885098395448508, 0.05352490767023317]
B1: 2.1897644570304637e-08 - -1.1819932735262725e-08 - -1.4603079547583471e-08 - -2.610207878729062e-09
B2: -1.959599747891341e-09 - 1.3582766270174585e-10 - -4.619042885082832e-09 - -7.074234963425079e-10
