Number: 699
Error: 6.8055205180915594e-15
A1: [-0.012153351560008897, -0.014517126676814398, 0.018087330126375176, 0.008583142521332021] - [0.06583534968333572, 0.18949537081329762, -0.14532245212296452, -0.11000843353469293] - [-0.09629270677881206, 0.4217864448549848, -0.053456934738874494, -0.27203530635346757] - [-0.001321674036997895, -0.01821941200337959, -0.0038352957219018715, 0.02337654271691956]
A2: [0.16158683639407287, -0.16775465985873048, 0.00850144714383124, -0.0023329568124338005] - [0.03548563979516556, 0.20751663938825432, -0.11721050759598921, -0.12579211146148134] - [-0.08621364230792262, 0.5815380261517168, -0.2353888216286286, -0.2599356633728564] - [-0.0038350009802535093, -0.004519322927937078, 0.0011102235430090527, 0.007243360542574992]
B1: 2.7994709473516064e-08 - -1.620087605763716e-07 - 1.2247384985826177e-07 - 4.249084647797885e-08
B2: -2.5901742402904853e-08 - -3.539900067095459e-07 - 2.9773250807444467e-07 - 9.724593683583557e-08
