Number: 9530
Error: 2.5890807612209994e-13
A1: [0.05317208754700412, -0.14800173375388587, -0.0269995094096384, 0.12182735917918906] - [0.005313626435936298, 0.13083660075785267, -0.11360083716836959, -0.02254985690497916] - [-0.014444723458582394, 0.22309137384061148, -0.12704142629878418, -0.08160617998060399] - [0.027145124122194598, -0.10002137402036429, -0.049425847199584365, 0.12229678102106747]
A2: [0.08925508674664125, -0.07291274633060338, -0.12362680946304119, 0.10728701620937489] - [0.10883942254756604, 0.24981187445292016, -0.40484755011433904, 0.04618713502365172] - [0.03663308788315249, 0.46255229017625976, -0.3777202248585923, -0.1214761410587035] - [0.1434231223231215, -0.04460992186569245, -0.2015027682583366, 0.1026765025041461]
B1: -1.3885379884332468e-07 - 5.455729948259636e-08 - 4.80019027005139e-07 - 7.74604557998224e-07
B2: -5.519998740275567e-10 - 2.3977140826249054e-07 - 3.187677836704635e-07 - 8.069876604907025e-07
