Number: 5459
Error: 4.5672705577344314e-14
A1: [0.06621329317034386, -0.11395197071228282, -0.023983838879276343, 0.07172297945093253] - [0.037402534079080084, 0.18819329486514685, -0.14740902350738988, -0.07818708691281344] - [-0.060228814155952465, 0.32895133525662795, -0.12775256447143798, -0.14096777992872234] - [0.039046400184209705, -0.053322457274147986, -0.0374183571880844, 0.051695351729204676]
A2: [-0.009108707687971531, -0.34680332539493364, 0.24945495735660733, 0.10645654159869768] - [0.0800399010846278, 0.036282338111841915, -0.05025002994136918, -0.06607187647808543] - [-0.0424527728143993, 0.2308319425664145, -0.04053119556032517, -0.14784778738705973] - [0.06813457822609652, -0.29346807303050565, 0.14177102324873678, 0.08356163559855749]
B1: -2.00639593137066e-08 - 1.3731530210786273e-07 - -9.408175864220302e-08 - -1.7683887810894116e-07
B2: 1.3288679163449155e-07 - 2.116870828655101e-07 - 1.4803724735634132e-07 - 1.3636014163455068e-07
