Number: 1277
Error: 1.8232807013282542e-08
A1: [-0.006811933977161914, -0.014614391411940012, 0.0033877991194429208, 0.019840488132064175] - [0.06668962921345409, 0.18975243753694632, -0.1468770304153479, -0.11001485722829776] - [-0.11198699971043345, 0.44237312061633066, -0.07016496972246515, -0.25745214926082766] - [-0.023046335118089747, 0.015662234894717877, -0.029604352646795087, 0.03925250981303481]
A2: [0.1318456334302098, -0.22437405416965311, 0.022922458207863438, 0.0704146168979521] - [0.032863773064988666, 0.20396311008008486, -0.1146717475738535, -0.12124461945710185] - [-0.09434152892353802, 0.5558172143730112, -0.23492606102235894, -0.22535833814450873] - [-0.02064841148497983, -0.01910069578414034, 0.008296432706418397, 0.032354000942431516]
B1: -4.9727040324843244e-05 - 0.0004846763661584909 - -4.939099733072934e-05 - -1.3742522853593285e-06
B2: 4.0642005743565334e-05 - -0.0001491916818319555 - 6.406230519811758e-05 - 1.4874918723183521e-05
