Number: 1557
Error: 9.245305910030568e-09
A1: [-0.00592078133390336, -0.013715654079849801, 0.004313558191197406, 0.0207554520204778] - [0.06694361721211566, 0.18999679363438926, -0.14661434414540073, -0.10973231960720523] - [-0.11269746367255672, 0.44167505882066804, -0.0709066373657777, -0.2582211537010958] - [-0.023889883862676976, 0.014832477626317125, -0.030466126016134586, 0.03836215456365575]
A2: [0.1316257440292639, -0.22459000872831877, 0.022705449932065025, 0.0701995626062894] - [0.03279077533173555, 0.20389131266370236, -0.11474429525156202, -0.1213161724320131] - [-0.09453654913501187, 0.5556240410199191, -0.23511795197523574, -0.2255507877197429] - [-0.02092917462747235, -0.01937652403206784, 0.008016474910977482, 0.03208377199976953]
B1: -9.419712982876402e-05 - -0.00011892040386113836 - -6.297355351377065e-06 - -7.722154083210847e-05
B2: -0.00016434562282355102 - -9.329039309958392e-06 - 0.0001526291670496209 - -0.00026138783023303924
