Number: 6571
Error: 1.0971204000680492e-15
A1: [0.08043168198724339, -0.18046781344758414, -0.01958885966745436, 0.11962496904113451] - [0.03741556990525305, 0.13359637609409614, -0.13472619626670165, -0.036285835180319824] - [-0.0017027887424449202, 0.22819014677647176, -0.12282835241918195, -0.10365887996219818] - [0.038863203780445, -0.11448104911508519, -0.04641647202492448, 0.12203419732330655]
A2: [0.035307433276283426, -0.029273485609036972, -0.07569735925464612, 0.06966339750332261] - [0.10289373579775064, 0.28289668626595876, -0.3926064106363004, 0.006815980429719149] - [-0.011187108185803103, 0.5390145824434367, -0.3594510232495052, -0.16837647320034227] - [0.09786279995233939, 0.017463317042470772, -0.1688510099961336, 0.053524878954797295]
B1: -1.337588102261711e-09 - -1.4762449824109318e-09 - -1.2556266317939192e-09 - -2.439434378175094e-09
B2: -2.332542923170064e-09 - -1.3205474458091274e-08 - 2.6409313228352955e-08 - -1.825671069661255e-08
