Number: 943
Error: 1.8701667198612733e-08
A1: [-0.012064650290315174, -0.014426148377247735, 0.01818528286487309, 0.008677809551688422] - [0.06578076897175111, 0.18944285198126792, -0.14537886991268517, -0.11006920153410488] - [-0.09594073907518204, 0.4221264524327415, -0.05307512348699345, -0.2716254617090839] - [-0.0009589417932543164, -0.017870612884972655, -0.0034492512784691084, 0.023795777489180985]
A2: [0.16189946271801028, -0.1674477430136908, 0.008807923901926888, -0.002027900481660399] - [0.03555115282258748, 0.20758111398717394, -0.11714522918707933, -0.125727977595879] - [-0.08614158808210112, 0.5816087492713771, -0.23531858477981948, -0.2598652108726552] - [-0.003860059440286796, -0.0045438715783299175, 0.0010854997742285651, 0.007219451643015236]
B1: -0.00012826505726245492 - -4.602478879466537e-05 - -0.00011698889598533885 - 4.999064560990435e-06
B2: -9.508069799968164e-06 - 0.00019538119646453765 - 5.068397681940312e-05 - -4.068982037224301e-06
