Number: 8262
Error: 9.215316994494977e-16
A1: [0.08043168656590889, -0.1804678088694633, -0.019588855094320887, 0.11962497361924246] - [0.03741561201104697, 0.133596418168068, -0.1347261542446513, -0.03628579309776333] - [-0.0017028262789871732, 0.22819010924071648, -0.1228283899007711, -0.10365891748872748] - [0.03886323511957052, -0.11448101786391779, -0.04641644070579227, 0.122034228642941]
A2: [0.035307417724438, -0.029273501203838564, -0.07569737404116833, 0.06966338122666] - [0.102893716519536, 0.28289666682414943, -0.3926064292819412, 0.006815960242647513] - [-0.011187137264078113, 0.5390145531916691, -0.35945105077279216, -0.16837650384107555] - [0.09786273767701763, 0.01746325448386368, -0.16885106927831783, 0.053524813586097245]
B1: -1.6775682427632917e-08 - 1.6935069173031362e-09 - -2.164275144577371e-08 - -2.030558862128611e-08
B2: -9.188782233740324e-09 - -6.807998144125794e-10 - -3.0187338405289432e-09 - -1.3719616607302438e-08
