Number: 3016
Error: 2.336883687187241e-08
A1: [0.06358622409890316, -0.047719382787062226, -0.023291895435666777, 0.008004353214849243] - [0.04424060193118923, 0.1918297238496678, -0.14196717355430294, -0.09187332522704729] - [-0.12263692039164255, 0.415673284863939, -0.10404194114499028, -0.18625589897731545] - [0.036392428068661546, 0.01855697354892067, -0.03374488549625582, -0.023662736530842103]
A2: [0.06355743358977702, -0.1735730938556016, 0.08644266934162995, 0.02407059926273567] - [0.029330683027172778, 0.20033895172855587, -0.10166973448171412, -0.12783397789888556] - [-0.09279106895345919, 0.5142878864279187, -0.2249856471748655, -0.19449612670737146] - [-0.02538691394153464, 0.01905223519715509, -0.04975295045084618, 0.057504240882256585]
B1: 0.00027544679911456336 - -0.00015658423649495947 - 3.436013310088458e-05 - -0.0001942270938099761
B2: 0.00013067268554187205 - -4.914453890061855e-05 - -0.00016647193556591913 - 0.0003547630670184712
