Number: 1670
Error: 4.825281836542649e-07
A1: [-0.004853236097415839, -0.012638914858914914, 0.005424035526111712, 0.021841967512883042] - [0.06806745278740325, 0.19107826055039012, -0.14545384905241962, -0.10848179916780797] - [-0.11318758404185299, 0.4411829850502319, -0.07142127822746124, -0.2587644011891345] - [-0.0201670881216766, 0.018486919307408162, -0.026666570427820186, 0.042284551895034585]
A2: [0.1326886959993758, -0.22354528364766785, 0.0237404816517336, 0.0712319225436746] - [0.03256009015446002, 0.20366452227160972, -0.11497441789695237, -0.12154090003318058] - [-0.09318380166129787, 0.5569595236769795, -0.23379121243925663, -0.22422417340611894] - [-0.02036697852827943, -0.018832857585781477, 0.008568364106585825, 0.03261859475145143]
B1: 0.0005680972371902459 - 0.0013207226899512774 - 0.0006888969716942083 - 0.00023350896427745677
B2: -4.772374527790824e-05 - 0.00033908023974230496 - 0.000498415521760066 - -0.0003797862060606296
