Number: 9148
Error: 3.1292904306460325e-06
A1: [0.05595625920187828, -0.14526287405503466, -0.024297260234850675, 0.12460844774980909] - [0.008290613555798979, 0.1337850804096209, -0.11074282296437507, -0.019557238218528932] - [-0.013612559748652933, 0.22398239612829424, -0.1261965575481972, -0.08065779703271231] - [0.026685249606022626, -0.10048376393664074, -0.049903410495240906, 0.12187176545323994]
A2: [0.096411444619869, -0.0657422847673893, -0.11651828618627179, 0.11457471915284978] - [0.11135448327818216, 0.25233851003935875, -0.4023862776987718, 0.04873404662473779] - [0.04583530030094782, 0.471710822381715, -0.3687649956503206, -0.11224074218305191] - [0.13668842967954287, -0.051281323495071994, -0.20808527555446282, 0.09585020607193553]
B1: 0.003943825115060177 - 0.00012389905643226664 - -0.002065621227635191 - -0.0010389751558140651
B2: -0.0016441458826185807 - 0.0006992986319608899 - -0.0018641932968501934 - -0.0022832607641854598
