Number: 2629
Error: 1.8036362542537768e-08
A1: [0.06311612662251052, -0.04818716526837152, -0.023757345813385133, 0.0075426884611907415] - [0.0435216281065333, 0.19113458175061704, -0.14270886873974284, -0.09266605578521063] - [-0.12370639846908338, 0.41460738654480317, -0.10511279946177618, -0.18732349523977782] - [0.036484118232553125, 0.01865130288614181, -0.03364754074672067, -0.023562883776599434]
A2: [0.06366826654937212, -0.17346345552062442, 0.08655562320114052, 0.024184102570192437] - [0.02977183628839474, 0.2007734391329992, -0.10123022806714713, -0.12740165304609186] - [-0.09290620040815561, 0.514176654867632, -0.2251031934164655, -0.19461004504066157] - [-0.02492116334417707, 0.019524527662298542, -0.04928556607465743, 0.05795596739540096]
B1: 0.00044407896532286113 - 0.000114938727149056 - 0.00020263189406042183 - -3.851848790665732e-05
B2: 1.4917857066870646e-05 - 0.00042933966555239655 - -1.9967593509188024e-05 - 4.640810320166581e-05
