Number: 7314
Error: 7.956656542699508e-16
A1: [0.080431681125066, -0.18046781430966422, -0.019588860528598706, 0.11962496817905585] - [0.037415587532056926, 0.13359639370756146, -0.13472617867501485, -0.03628581756327889] - [-0.0017028281164705688, 0.22819010740328483, -0.12282839173555271, -0.10365891932571179] - [0.038863229268833344, -0.11448102369822871, -0.04641644655278147, 0.12203422279585084]
A2: [0.03530742957511008, -0.029273489320446076, -0.07569736277368751, 0.06966339362964633] - [0.10289376553353087, 0.28289671625411394, -0.39260638187623453, 0.006816011567430494] - [-0.011187082398739378, 0.5390146083842949, -0.35945099884147547, -0.16837644602763477] - [0.09786281579471467, 0.01746333295690537, -0.1688509949152166, 0.053524895584127874]
B1: -1.2949091419204217e-09 - 9.467758336374533e-09 - 7.142720495054199e-09 - -1.2935943093377226e-09
B2: 2.792971912930344e-09 - 4.599627954260992e-09 - 7.411494940280297e-10 - 3.816381571064617e-09
