Number: 5926
Error: 1.3955686390990408e-09
A1: [0.08063198228700671, -0.18026754734109413, -0.01938879062958643, 0.11982525064356259] - [0.03768959034610891, 0.13387017214389108, -0.13445270353064706, -0.036011954096297] - [-0.0015338267514172928, 0.22835910297761092, -0.1226596180278129, -0.10348995294974336] - [0.03900210388004394, -0.11434251956126765, -0.04627763557522953, 0.12217302152620334]
A2: [0.03532650415520342, -0.029254376698245398, -0.07567923822958857, 0.06968336308482004] - [0.10299335100742424, 0.2829971410920519, -0.3925100835548324, 0.006920259055300601] - [-0.011229466531513209, 0.5389719777294286, -0.3594911287399988, -0.16842112875532472] - [0.09784829707497018, 0.01744874558041836, -0.16886482752851792, 0.053509647687689836]
B1: 0.00011727427546937247 - 2.2244168936584305e-05 - 2.2182113370587067e-06 - 5.192306482271471e-05
B2: 4.687399768149213e-05 - 3.85974687694191e-05 - 3.209026554873306e-05 - 2.4134742753444656e-05
