Number: 3280
Error: 3.457069415871831e-05
A1: [0.08910133302251134, -0.09181614080741594, -0.002990723066735035, 0.09315395583614185] - [-0.010880979828973687, 0.13926460051100334, -0.19393215925014737, -0.12494355351300883] - [-0.046767828064351716, 0.34284390609202764, -0.11330550045618759, -0.12675492066490562] - [0.06744034302247023, -0.02490326415100588, -0.01037864998452593, 0.07876268220140889]
A2: [0.035111834681686854, -0.30440668050695024, 0.29408795743048255, 0.15207899235357356] - [0.08110398656405772, 0.03943810776946839, -0.05013418452468122, -0.06613340467152617] - [0.02947180024273563, 0.3023610540513688, 0.03137184871311488, -0.07213075105960091] - [0.12307388850926744, -0.23933693679837478, 0.19674635350596864, 0.14178491012085365]
B1: 0.025412866760773783 - -0.0037472632519038457 - -0.008390530975560669 - -0.008835622854041466
B2: -0.0086531211809561 - -0.008811987343697293 - 0.004662873484547563 - 0.002846087759002674
