Number: 8786
Error: 2.13534726473736e-07
A1: [0.08039112737169749, -0.1805083185543772, -0.01962941157269636, 0.11958443829854593] - [0.0374238726611459, 0.13360463675216963, -0.13471794533353787, -0.03627753273023532] - [-0.0016397781559048682, 0.22825323453237795, -0.12276547438532805, -0.10359586301009026] - [0.03894513951568128, -0.11439930953898282, -0.046334646561438646, 0.12211609395924582]
A2: [0.03489707565463111, -0.02968513353723979, -0.0760874530330789, 0.06923384443471971] - [0.10273170654302122, 0.2827331377648173, -0.3927630612703433, 0.006646260231884516] - [-0.01168001670435396, 0.538518669336226, -0.3599175336353668, -0.16889588912848047] - [0.09746460036478413, 0.0170631597997607, -0.1692300048050759, 0.05310683715533825]
B1: -0.000321911169004134 - -0.0003302619023534598 - -0.00030406413733174764 - -0.00033161593523947934
B2: 7.589970542485968e-05 - 0.0002681489103808187 - -2.6019224217929714e-05 - 0.0001433025315560483
