Number: 7492
Error: 9.128855038773998e-16
A1: [0.0804317227799524, -0.1804677726595018, -0.019588818923528768, 0.11962500982918026] - [0.03741562717877165, 0.1335964333242653, -0.13472613910730066, -0.036285777938529745] - [-0.0017027828806422697, 0.22819015263814577, -0.12282834656596216, -0.10365887410195622] - [0.03886326692828363, -0.11448098614447064, -0.04641640891733532, 0.12203426043189043]
A2: [0.035307428630018005, -0.02927349026814189, -0.07569736367227096, 0.06966339264051014] - [0.10289369358970447, 0.28289664369970424, -0.39260645145938255, 0.006815936231766669] - [-0.01118707633169366, 0.5390146144875309, -0.35945099309887524, -0.16837643963457943] - [0.09786275140162179, 0.017463268270918923, -0.16885105621330934, 0.05352482799238881]
B1: 8.376909875763683e-09 - 2.9851345885337075e-08 - -3.503976389295556e-10 - 2.763135573978924e-08
B2: 1.8515935390424247e-08 - 1.4233576687529605e-08 - 2.3412726191479224e-08 - 1.7393162940512848e-08
