Number: 4308
Error: 7.163970534274272e-16
A1: [0.06621321266805322, -0.11395204941555227, -0.0239839193181522, 0.07172289908392389] - [0.03740258064759698, 0.18819333935820437, -0.14740897772693137, -0.07818704112832146] - [-0.060229276337586575, 0.328950891356802, -0.127753016734787, -0.14096822976040263] - [0.03904607912663048, -0.05332276201033862, -0.03741866780079451, 0.05169504363844242]
A2: [-0.009108572808465411, -0.3468031823096706, 0.24945509332850296, 0.1064566830120396] - [0.08003990975007848, 0.03628234744714482, -0.05025002047095418, -0.06607186692672276] - [-0.04245272482777781, 0.2308319955276881, -0.04053114413560669, -0.14784773431546328] - [0.06813478032153712, -0.29346785051550717, 0.14177124233980132, 0.0835618621836785]
B1: 1.2977082988189516e-08 - 3.755464293775074e-08 - 1.5869040215146634e-08 - -1.4139715488017008e-08
B2: 3.888336154165911e-08 - 7.954665719357012e-09 - 3.063638758678321e-08 - -2.8214510865276797e-08
