Number: 7008
Error: 1.181211780035726e-15
A1: [0.08043169955586689, -0.1804677958809495, -0.01958884211983453, 0.11962498660775242] - [0.03741558727696252, 0.1335963934526586, -0.13472617892960362, -0.03628581781823315] - [-0.0017028023804631217, 0.22819013313874115, -0.12282836603723163, -0.10365889359657664] - [0.03886320375103116, -0.11448104914441515, -0.04641647205432073, 0.1220341972939102]
A2: [0.03530742737601328, -0.02927349152562467, -0.07569736486454606, 0.06966339132805154] - [0.10289370671940931, 0.28289665694083194, -0.3926064387604953, 0.006815949980457877] - [-0.011187091156802784, 0.5390145995739951, -0.3594510071311817, -0.16837645525630698] - [0.09786280443619788, 0.017463321546723972, -0.16885100572778938, 0.05352488366138786]
B1: 6.265134968284384e-10 - 5.226334553271191e-09 - 1.8019160402362867e-09 - -1.6139013263595846e-09
B2: 9.741671224970698e-09 - -3.074524382484398e-10 - 1.457891249679258e-08 - -1.8769828123781997e-08
