Number: 7837
Error: 1.0676389220545692e-15
A1: [0.08043163903428956, -0.18046785639568153, -0.019588902569044372, 0.11962492609308903] - [0.037415568088807596, 0.13359637427902216, -0.134726198079513, -0.036285836995755376] - [-0.0017028406400074688, 0.22819009488001005, -0.12282840424075235, -0.103658931845904] - [0.03886317333252056, -0.11448107947757268, -0.046416502453446, 0.12203416689430448]
A2: [0.035307280411694945, -0.029273638896394227, -0.07569750459653816, 0.06966323751414544] - [0.10289373127167054, 0.28289668170148946, -0.3926064150138601, 0.006815975690272497] - [-0.011187023608154302, 0.539014667525535, -0.359450943194807, -0.16837638407804312] - [0.09786278676158308, 0.01746330379172411, -0.1688510225528922, 0.05352486510881518]
B1: -3.850024517855937e-09 - -3.0769691155328783e-09 - 3.186998460539446e-08 - 1.1861802685652376e-08
B2: -7.130423103884064e-09 - 5.67589214019255e-08 - -7.16009556314017e-11 - -5.753300190785257e-09
