Number: 7020
Error: 9.562683838806207e-16
A1: [0.08043170740777479, -0.18046778802993077, -0.019588834277315482, 0.11962499445876344] - [0.037415591028659385, 0.13359639720151603, -0.13472617518538207, -0.03628581406861448] - [-0.0017027964428374602, 0.2281901390762402, -0.12282836010829991, -0.10365888766053571] - [0.038863199299113, -0.11448105358383943, -0.04641647650340144, 0.12203419284475922]
A2: [0.03530744448981197, -0.02927347436449172, -0.07569734859296282, 0.06966340923949621] - [0.10289372310217285, 0.28289667346263725, -0.3926064229152995, 0.006815967135603662] - [-0.01118711392982916, 0.5390145766651377, -0.3594510286863488, -0.16837647925303773] - [0.09786280094416297, 0.01746331803880509, -0.16885100905198092, 0.05352487999588853]
B1: 1.962490921928331e-09 - -6.8026297252951716e-09 - -3.4453250577346166e-09 - -2.252636207131039e-10
B2: 8.376501008376839e-09 - -4.610393919542954e-09 - 1.833933366325217e-08 - -2.8536259910494404e-08
