Number: 8332
Error: 9.843774324338762e-16
A1: [0.0804316840553742, -0.18046781137971465, -0.019588857601856694, 0.11962497110898634] - [0.03741560903493877, 0.13359641519421533, -0.13472615721482162, -0.036285796072201636] - [-0.0017028088246866671, 0.2281901266946491, -0.12282837247202301, -0.10365890003907581] - [0.038863228444559965, -0.11448102452019825, -0.046416447376553455, 0.122034221972068]
A2: [0.03530737142316813, -0.029273547633152115, -0.07569741806392773, 0.06966333276747057] - [0.1028937693980585, 0.28289672015146095, -0.39260637813846727, 0.0068160156141106095] - [-0.011187095515277815, 0.5390145951894691, -0.3594510112565652, -0.16837645984899938] - [0.09786283088780946, 0.017463348118602694, -0.16885098054751158, 0.05352491142688496]
B1: -3.791569077708766e-08 - -6.01702486875805e-09 - -8.852967596980102e-09 - 4.4026752121039044e-09
B2: -1.2039029617218367e-08 - -3.923901009270471e-09 - -2.0745461360232137e-08 - -9.861004300562524e-09
