Number: 3693
Error: 7.396700466542413e-15
A1: [0.06621334754121509, -0.11395191755623377, -0.023983784550783167, 0.0717230337307099] - [0.03740297759701705, 0.1881937186160851, -0.14740858749538044, -0.07818665086210833] - [-0.06022907554951601, 0.32895108420254526, -0.1277528202556117, -0.14096803433797991] - [0.039046894466138446, -0.05332198812191567, -0.03741787898734061, 0.0516958260471038]
A2: [-0.009108930896020743, -0.34680356218546865, 0.24945473234348184, 0.10645630757577729] - [0.0800401665124275, 0.03628262405414214, -0.050249739844153506, -0.06607158391666582] - [-0.04245298202175293, 0.23083171167218747, -0.04053141975482375, -0.1478480187627123] - [0.06813432046507875, -0.2934683568386282, 0.1417707438104971, 0.08356134659815084]
B1: -2.044229692298084e-07 - 4.26044503263309e-08 - 2.3624871288086977e-07 - -8.597349063488103e-08
B2: 5.757540014196973e-08 - 8.132877261643858e-08 - 8.774114515410123e-08 - -5.6586581711897315e-08
