Number: 1114
Error: 2.2737041947216616e-06
A1: [-0.01501171287395988, -0.022884648499873015, -0.005051028333522561, 0.01131572162174456] - [0.06287699859806885, 0.18605383520536992, -0.1508482392382376, -0.1142138038808248] - [-0.11377681749947285, 0.44074385553966655, -0.07193025400807791, -0.25948903040701937] - [-0.03717807518837995, 0.0016572299506061885, -0.043830567596027596, 0.024238874255727613]
A2: [0.12877540405545992, -0.22735807269516822, 0.01997273922535626, 0.0673372480218803] - [0.014048769806547845, 0.18548558516628555, -0.13340067425709784, -0.13966982612960194] - [-0.09816586659572386, 0.5521695339376105, -0.23868389467331555, -0.2291957711754457] - [-0.030418858032605058, -0.028823017181789614, -0.0012367824055954765, 0.022778585725376145]
B1: 0.0008321449266324593 - -0.0012017316622044648 - -0.002214093706843902 - 0.001386905886453389
B2: 0.0010630741494958267 - -0.004306992685555697 - -0.003269543370876308 - 0.0025160186581104785
