Number: 7506
Error: 1.1330334712615785e-15
A1: [0.0804317065956978, -0.1804677888419241, -0.019588835088431827, 0.11962499364677347] - [0.037415609785411794, 0.13359641594406918, -0.13472615646600392, -0.03628579532225522] - [-0.0017027994003946771, 0.22819013611874503, -0.12282836306152703, -0.10365889061730052] - [0.0388632501540561, -0.11448100287162417, -0.0464164256808741, 0.12203424366808764]
A2: [0.03530741913990215, -0.029273499784505674, -0.07569737269535862, 0.06966338270808138] - [0.1028937566801518, 0.2828967073256009, -0.39260639043910583, 0.006816002296652466] - [-0.011187077253947169, 0.5390146135597763, -0.35945099397180874, -0.16837644060638957] - [0.0978628266776662, 0.017463343889363336, -0.1688509845553403, 0.0535249070076765]
B1: -4.396722424812384e-09 - 1.1604648982831156e-08 - 1.3640041396173754e-08 - 6.510399787772119e-09
B2: 2.9772549311823787e-09 - -2.2757236774708476e-10 - 7.497134886928203e-09 - 1.8040534584920918e-09
