Number: 6975
Error: 1.2594385125031691e-15
A1: [0.08043168692470444, -0.18046780851068128, -0.0195888547358937, 0.11962497397803265] - [0.037415590585977536, 0.13359639675916907, -0.13472617562718217, -0.03628581451105121] - [-0.0017028197572839282, 0.22819011576229098, -0.12282838338860981, -0.1036589109687599] - [0.03886323007506739, -0.11448102289425408, -0.04641644574705895, 0.12203422360158553]
A2: [0.03530745960217597, -0.029273459210329134, -0.07569733422432007, 0.06966342505622432] - [0.102893788879529, 0.2828967397982515, -0.3926063592962979, 0.006816036014104012] - [-0.011187134021358559, 0.5390145564537714, -0.3594510477034175, -0.16837650042418487] - [0.09786281498601153, 0.017463332144524987, -0.16885099568504924, 0.05352489473525725]
B1: 7.833028370735795e-09 - 5.56885458466651e-09 - -1.0189560937292758e-08 - 3.952690703729495e-09
B2: 1.890556650994973e-09 - 8.329407237830881e-10 - 4.548378067264378e-09 - -8.016771646920304e-10
