Number: 3272
Error: 4.0725850024894263e-05
A1: [0.040817981985103245, -0.1396988954519174, -0.053464401650942336, 0.04304307796013166] - [-0.001960066991225227, 0.14655626059827168, -0.18456659295620698, -0.11551639876967378] - [-0.049129959338818904, 0.3425852482409662, -0.11317707280379494, -0.1267607269910744] - [0.056449804981538586, -0.033634257920249586, -0.02120197983068861, 0.06821585489791256]
A2: [0.002166575554979017, -0.3408275359672717, 0.2621701564665237, 0.11696019657412114] - [0.06428094770260474, 0.02340391245896453, -0.06994144750965134, -0.08606652029728935] - [-0.0022892322146965873, 0.2627356880104023, -0.008314008986808043, -0.11028932237031074] - [0.10225378068245766, -0.2660483326813112, 0.16886098753365125, 0.11575338176932376]
B1: 0.0083934174894135 - 0.005403005305021935 - -0.009168684977980011 - -0.009515840978651522
B2: -0.0002596675474603226 - -0.006659444823485947 - 0.0034007593670135235 - -0.0013140496963104202
