Number: 5773
Error: 4.535912365494025e-05
A1: [0.10356501900582364, -0.1607267293882697, 0.000823296813798394, 0.1408282074060902] - [0.05636397811804229, 0.14526792210890146, -0.12174790665169612, -0.02153092731554311] - [0.02403697392067771, 0.2571954534451454, -0.09602224929088687, -0.0771634473274703] - [0.09069697058471993, -0.05801652413994542, 0.009043148982894812, 0.17625647533924446]
A2: [0.052414234652119744, -0.014003217180604677, -0.05477203294300625, 0.09290112596035795] - [0.08800231614847255, 0.26913606400136136, -0.4100593271845374, -0.01277323592383146] - [0.007836147551654087, 0.5597019763308393, -0.34126733615439925, -0.15166599445878304] - [0.11509885221170878, 0.03534164675297652, -0.1511361409730881, 0.07061010849123604]
B1: 0.011146554461157362 - -0.013366350417347354 - -0.010786720087362667 - -0.005474632392287191
B2: -0.010251414598717205 - -0.01100524900739853 - 0.007240330146652705 - -0.01031276756716987
