Number: 2022
Error: 2.9509647731774557e-05
A1: [0.014108919943594676, 0.005700804791048055, 0.021996999693251054, 0.040606945315894045] - [0.044435104405038485, 0.16815401934259983, -0.17022261392780477, -0.13479987216832748] - [-0.13002143270809124, 0.4268868631300412, -0.09124031980370295, -0.2770490365905958] - [0.003601536420744486, 0.04278879462664531, -0.003452067489904587, 0.0677805510177858]
A2: [0.10625862791197867, -0.25098326899154483, 2.8859267209123754e-05, 0.04677048851591436] - [0.04670005302894882, 0.2166023833813566, -0.10111637856617708, -0.10798507317185131] - [-0.12330620715532149, 0.5246224081074099, -0.26141333077977613, -0.25362147117970385] - [-0.06959644604829494, -0.07166369299624391, -0.039888652867831435, -0.014530316871160284]
B1: -0.004943827497012709 - 0.005569979171130096 - 0.0022509937285436505 - -0.005814905275838892
B2: -0.004645010060332996 - 0.012422195466762884 - -0.010970896155890114 - -0.0019968556911180487
