Number: 8639
Error: 1.4598100294751881e-15
A1: [0.08043172283494594, -0.18046777260448146, -0.019588818868607475, 0.11962500988418877] - [0.03741570823526888, 0.13359651431948494, -0.13472605821207667, -0.03628569692680463] - [-0.001702805048289101, 0.22819013047096978, -0.12282836870115714, -0.103658896263674] - [0.03886329329220183, -0.11448095985445214, -0.04641638257018976, 0.12203428677948752]
A2: [0.03530749361912544, -0.029273425099272988, -0.07569730188128053, 0.06966346065842431] - [0.102893786025783, 0.282896736920311, -0.39260636205630844, 0.006816033025700415] - [-0.011187020308592787, 0.5390146708447442, -0.3594509400716033, -0.16837638060129148] - [0.09786284414780483, 0.017463361438926014, -0.1688509679248045, 0.05352492534549151]
B1: 2.7094686497374216e-09 - -3.576134883767187e-09 - -7.675512976722508e-09 - 2.3374817779510903e-09
B2: -4.291236086093303e-09 - -4.184300949110571e-08 - 3.1076134756786506e-08 - -2.250302468660915e-08
