Number: 614
Error: 4.479663385853242e-14
A1: [-0.012152395559324285, -0.014516144767774934, 0.0180883867975026, 0.008584164119309812] - [0.06583514320815322, 0.18949517219307097, -0.14532266560030355, -0.11000866342419725] - [-0.09629294292761931, 0.42178621662559596, -0.05345719098605931, -0.27203558147695783] - [-0.0013212320409049965, -0.01821898692842112, -0.003834825229560176, 0.023377053590524402]
A2: [0.16158675970037248, -0.1677547351052421, 0.008501372002108029, -0.0023330315773481044] - [0.035485625533181804, 0.20751662535530144, -0.1172105217985496, -0.12579212541346363] - [-0.0862134077422293, 0.5815382559110498, -0.2353885933830891, -0.2599354346348892] - [-0.003835065847251315, -0.0045193867141187435, 0.0011101593448512525, 0.007243298483274625]
B1: -1.1025848367091424e-07 - -6.798406566743695e-08 - -1.267958501347329e-07 - -4.8751043837871937e-08
B2: -2.159346233586681e-07 - 6.674813144932993e-07 - -9.326694046769762e-07 - -2.7915867170658966e-07
