Number: 7013
Error: 8.701582788443982e-16
A1: [0.08043171083323931, -0.18046778460485413, -0.01958883085594663, 0.1196249978838368] - [0.03741558724369809, 0.13359639341941937, -0.13472617896280176, -0.03628581785147915] - [-0.001702789781895115, 0.22819014573704063, -0.12282835345711006, -0.10365888100137095] - [0.038863181166186166, -0.11448107166587886, -0.046416494624774124, 0.12203417472310207]
A2: [0.035307436878230104, -0.0292734819971261, -0.07569735582995855, 0.06966340127315108] - [0.10289371546676228, 0.28289666576242434, -0.3926064303001693, 0.006815959140213827] - [-0.011187103228051028, 0.5390145874307471, -0.35945101855688194, -0.1683764679762016] - [0.09786280362994129, 0.01746332073680003, -0.16885100649529353, 0.053524882815081054]
B1: 1.4574631407615372e-09 - -8.347959132159308e-10 - -7.988571375552883e-10 - -6.047866762062824e-10
B2: 1.4674109554811133e-08 - -3.6187366330973695e-09 - 2.43402159388586e-08 - -3.6764870717239756e-08
