Number: 9936
Error: 8.503890311650712e-16
A1: [0.05317250456756382, -0.1480013165652112, -0.026999092843139928, 0.12182777638742626] - [0.005313726665327354, 0.1308367011241686, -0.11360073692491289, -0.02254975651810355] - [-0.01444455016773095, 0.22309154721146887, -0.1270412531296943, -0.08160600661633945] - [0.027146509665254927, -0.10001998846892741, -0.04942445872562565, 0.12229817009914756]
A2: [0.08925447905808336, -0.07291335259312434, -0.12362740344326974, 0.10728640104639388] - [0.10884182384596534, 0.2498142761750358, -0.404845196368863, 0.04618957673430016] - [0.03663593987891947, 0.46255512732565907, -0.37771744230790344, -0.12147325947979734] - [0.14342641278457052, -0.04460664366156787, -0.20149955541260986, 0.10267984177537029]
B1: -6.495709585869094e-09 - 2.5842219034381545e-08 - 1.1469354405103118e-08 - 1.5326185415282394e-08
B2: 9.319014803510472e-09 - 5.120916442931732e-09 - 2.8971568662845154e-08 - 3.065665053223299e-08
