Number: 5859
Error: 3.1379516492783406e-07
A1: [0.0818965829972691, -0.17900779305137432, -0.018123200931434772, 0.12109087222661545] - [0.041044530865979346, 0.1372204878829305, -0.13110486396837326, -0.032658949040903905] - [-0.0017389098242035354, 0.2281517885561104, -0.1228620140549733, -0.10369384425949993] - [0.03818674372669587, -0.11515979473152826, -0.04708761479413398, 0.12136053858074507]
A2: [0.03493787827244933, -0.029648128692029978, -0.0760462427020113, 0.06928135406474463] - [0.10014253539776495, 0.2801071192073613, -0.3952676673455387, 0.0039443868743857125] - [-0.010840115671461842, 0.5393634451026743, -0.3591178998945987, -0.16800733581346108] - [0.09760952958496773, 0.01720660828577714, -0.16908884414322942, 0.05326275637994667]
B1: 0.00010337764569612388 - 0.0019249617225392212 - -0.00014533679672714073 - 4.119318159282633e-05
B2: 0.0006515644189642345 - -0.0003237623199757923 - 0.0005750008643033353 - 0.0008598802017083589
