Number: 5373
Error: 9.542126259318338e-16
A1: [0.0662132317761194, -0.1139520307344127, -0.023983900225061805, 0.0717229181599157] - [0.03740266836500013, 0.1881934231664065, -0.14740889149387393, -0.07818695488766139] - [-0.060229594777895815, 0.3289505855119208, -0.1277533283418337, -0.14096853969128503] - [0.039046191813905846, -0.053322655051557866, -0.03741855877936498, 0.05169515177459873]
A2: [-0.009108569254797123, -0.3468031785396744, 0.2494550969105281, 0.10645668673788766] - [0.0800398918727744, 0.036282328188145405, -0.050250040009673376, -0.06607188663153407] - [-0.04245272423686326, 0.23083199617946948, -0.04053114350271017, -0.14784773366228057] - [0.06813488621444777, -0.2934677339233873, 0.14177135713693853, 0.08356198090858467]
B1: -1.5767361238080564e-08 - 6.779843482646313e-08 - -6.694273085812858e-08 - -6.150953562154519e-08
B2: -1.6242010338432944e-08 - -2.7099779183724133e-08 - 1.4442812565738184e-08 - -7.126767449890444e-08
