Number: 5563
Error: 2.1310313936601613e-09
A1: [0.06618375544434135, -0.11398083613619373, -0.024013345927420885, 0.07169349708763711] - [0.03735956773943974, 0.1881522524441053, -0.14745125672824316, -0.07822932526147287] - [-0.0603252104287607, 0.32885876943841313, -0.12784688246326406, -0.14106159229424672] - [0.03907007914036449, -0.053299971259544644, -0.03739543905173004, 0.05171808270953924]
A2: [-0.00909413672753672, -0.3467878643669308, 0.24946964693183063, 0.1064718299493804] - [0.08002469544168142, 0.03626595950306458, -0.05026665030699786, -0.06608863422831464] - [-0.042534836538505635, 0.2307413769976571, -0.04061914204661951, -0.14793854082069982] - [0.06806064060094638, -0.29354947720400953, 0.14169086452549487, 0.08347874442859722]
B1: -1.0270861589085852e-05 - 1.7760046250850598e-05 - 3.606328700057886e-05 - 2.9948797409660643e-05
B2: -3.6162888536120674e-05 - 1.56281144446051e-06 - -4.100235917951226e-05 - -1.5344398579014575e-05
