Number: 2536
Error: 2.6399612581821615e-08
A1: [0.0634358291963863, -0.04786596156867402, -0.02343979078099568, 0.007857629445550237] - [0.04326054883085722, 0.1908817746635709, -0.14298054535263016, -0.0929570681724868] - [-0.12356605761077528, 0.4147480639693518, -0.10497126718242664, -0.18718442005606462] - [0.03686260213609641, 0.01903462333005436, -0.033267520888276746, -0.02318634312295165]
A2: [0.06465944704080565, -0.1724845584374194, 0.08754297153701211, 0.02516312820304002] - [0.02853191403542617, 0.19955186168110411, -0.10246531542038513, -0.12861512551877627] - [-0.0940699123893929, 0.5130339984378951, -0.22627099804914075, -0.1957372398175462] - [-0.02661507499893796, 0.017840246290975383, -0.05098443154165118, 0.05630500829374395]
B1: 0.00019266924694594592 - -2.712696891171442e-05 - -0.0002389217890339139 - 4.5211560490706444e-07
B2: 0.00012192828081793918 - 1.7562161383302005e-05 - 2.1904224366187212e-05 - 6.685078499023525e-05
