Number: 6394
Error: 1.1639940483381334e-15
A1: [0.0804316953478657, -0.1804678000884746, -0.01958884632280727, 0.11962498240023109] - [0.03741558089138854, 0.13359638707191687, -0.13472618530245598, -0.036285824200269705] - [-0.0017028016374663383, 0.2281901338817253, -0.12282836529532305, -0.10365889285377816] - [0.038863228359304475, -0.11448102460520332, -0.04641644746172686, 0.12203422188688996]
A2: [0.03530743164636834, -0.029273487243460666, -0.07569736080434665, 0.0696633957974379] - [0.10289375681047205, 0.28289670745701856, -0.3926063903130747, 0.006816002433114929] - [-0.011187063561418216, 0.5390146273339894, -0.35945098101157347, -0.16837642617804827] - [0.09786281618440743, 0.017463333348373463, -0.16885099454426167, 0.05352489599319144]
B1: -7.726446490274863e-09 - 8.107789054948049e-09 - 4.802671348484381e-09 - 4.012887177007234e-09
B2: 3.336725729266272e-09 - 1.2540057086900743e-08 - -5.550071466571703e-09 - 1.119893100772587e-09
