Number: 7295
Error: 1.0346876234030626e-15
A1: [0.08043166833192372, -0.1804678271013568, -0.019588873306443322, 0.11962495538737505] - [0.037415571074169165, 0.13359637726213064, -0.13472619510010914, -0.03628583401204967] - [-0.0017028359835766819, 0.22819009953634717, -0.12282839959113945, -0.10365892719071808] - [0.03886321297471284, -0.11448103994662097, -0.04641646283651807, 0.12203420651185778]
A2: [0.035307413947610895, -0.02927350499116845, -0.07569737763212162, 0.06966337727378112] - [0.10289378873782519, 0.28289673965534406, -0.39260635943333944, 0.006816035865709653] - [-0.011187039130102156, 0.5390146519110085, -0.35945095788674986, -0.16837640043398258] - [0.09786281212922505, 0.017463329274742843, -0.168850998404527, 0.05352489173655876]
B1: -2.1611648819254044e-08 - 6.529966236588611e-09 - 8.628446701375616e-09 - -6.057327209793533e-09
B2: -4.524129598623546e-09 - -4.840533222845029e-09 - -2.8111948606767134e-09 - -3.86998966120109e-09
