Number: 657
Error: 2.0349596809467097e-14
A1: [-0.012153090908989304, -0.014516858961848445, 0.018087618224448338, 0.008583421057412997] - [0.06583513937920195, 0.1894951685097649, -0.1453226695590749, -0.11000866768728218] - [-0.09629348456264511, 0.4217856931422617, -0.0534577787259127, -0.27203621250897964] - [-0.0013223186871094037, -0.018220031973737547, -0.003835981930291772, 0.023375797609323273]
A2: [0.1615865815149158, -0.1677549099363918, 0.008501197406175987, -0.002333205284058237] - [0.03548573584486747, 0.20751673389430964, -0.11721041194892191, -0.12579201750011387] - [-0.0862135091143382, 0.5815381566153442, -0.23538869202542823, -0.25993553348905263] - [-0.003834866324360608, -0.00451919050972984, 0.0011103568218118936, 0.00724348937250527]
B1: 7.049977464630225e-08 - 2.4800308737262554e-07 - -6.100175155937392e-08 - 6.343480756080331e-08
B2: -8.371520675837563e-08 - 8.205542231471988e-08 - 1.8126164631560338e-07 - 3.237958076867349e-07
