Number: 5461
Error: 1.107459191035747e-14
A1: [0.06621308994206794, -0.11395216939919982, -0.02398404194809555, 0.07172277656368717] - [0.03740238968249533, 0.1881931569039112, -0.14740916546035376, -0.07818722887833665] - [-0.060229150333864584, 0.3289510123755856, -0.12775289343578664, -0.14096810712378216] - [0.03904609863628322, -0.053322743492624794, -0.03741864892603062, 0.05169506236002148]
A2: [-0.009108691124681803, -0.3468033078239187, 0.2494549740537547, 0.10645655896430811] - [0.08004052771827623, 0.03628301317471043, -0.05024934506759193, -0.0660711857891053] - [-0.04245238511804087, 0.2308323704501158, -0.04053078009082415, -0.14784735861154646] - [0.06813498928612943, -0.2934676204376985, 0.14177146887577047, 0.08356209647019168]
B1: 2.9546793275324724e-07 - 2.54792362202914e-08 - -9.55751720053052e-08 - -1.883864255977566e-07
B2: 5.2584641429253254e-08 - 1.4781921007749753e-07 - 8.239183870406952e-08 - 5.513177590668564e-08
