Number: 7215
Error: 9.251642784683773e-16
A1: [0.08043172358358743, -0.18046777185595256, -0.019588818120848426, 0.1196250106327264] - [0.037415630621517176, 0.13359643676440763, -0.13472613567141545, -0.03628577449768974] - [-0.0017028614696756852, 0.22819007405079847, -0.12282842503991388, -0.10365895267001128] - [0.03886328496956882, -0.11448096815381253, -0.0464163908875446, 0.12203427846196488]
A2: [0.03530735015984895, -0.029273568955357224, -0.07569743828072537, 0.06966331051298777] - [0.10289377180709494, 0.28289672258092224, -0.3926063758085259, 0.00681601813676734] - [-0.011186960910782844, 0.5390147305968707, -0.35945088385044277, -0.16837631801157937] - [0.0978628240733621, 0.017463341273209546, -0.1688509870344764, 0.053524904274009404]
B1: -4.595291538439213e-08 - 3.968600591718361e-08 - 2.8161793051318372e-08 - -1.2274886812295248e-08
B2: 1.4141272728737745e-08 - 1.2845979780896523e-08 - -4.7610891730130665e-08 - 2.2639456757324047e-08
