Number: 3387
Error: 2.476217608809112e-07
A1: [0.0648887116813292, -0.11524588707060962, -0.025307471886470593, 0.07040167004895023] - [0.03679258818388826, 0.187610755512354, -0.14800859288423912, -0.07878651371546981] - [-0.05598484583017198, 0.33302650208111817, -0.12360275011375885, -0.13684622643994265] - [0.03702154987797058, -0.05524419863308219, -0.03937787502546262, 0.04974840196745142]
A2: [-0.010122988204094666, -0.34787723317731645, 0.24845388359440448, 0.10539529997624295] - [0.08011896212765386, 0.0363677718230455, -0.050163046413751515, -0.06598855310342039] - [-0.04258739705716593, 0.23068362869460818, -0.04067115085962771, -0.14800066591617614] - [0.06779534576229157, -0.29383889757612264, 0.14142209022302743, 0.08318580166972711]
B1: -4.9533208418163385e-05 - -2.476620502696583e-05 - 0.00021619940463816722 - 0.00019805917572105492
B2: 0.00043899820660535437 - 0.0002843824751691133 - -0.0009630113389850068 - -0.00012881621774673004
