Number: 1551
Error: 1.3640106022310367e-08
A1: [-0.007204210888479883, -0.015010821466855647, 0.0029793266962967217, 0.019437225593675504] - [0.06695133695592978, 0.19000423329395516, -0.14660637858594958, -0.10972373857206583] - [-0.11235294016429624, 0.44201278801013055, -0.07054755825938211, -0.25784807548118693] - [-0.022258399353944046, 0.01643554691016511, -0.02880075791226795, 0.0400845656588771]
A2: [0.13164475121748304, -0.22457116432256521, 0.02272412109015822, 0.07021820526113029] - [0.032774227466994696, 0.20387504630808667, -0.11476078272209536, -0.12133236406480911] - [-0.0947286722575524, 0.5554350189071371, -0.23530686228275258, -0.2257397830118508] - [-0.020889011816155906, -0.019336774365942343, 0.008056312841874172, 0.03212245869126713]
B1: -2.0874940505797188e-05 - -4.79835059846385e-05 - 3.1692391242986245e-05 - -3.6244334621313257e-06
B2: -0.0002506324854070295 - 7.23275725078816e-05 - -0.00010521246409747725 - 0.0002249286239815052
