Number: 9265
Error: 4.4877123195096035e-09
A1: [0.05366108988446355, -0.14751266457302398, -0.026511037291230603, 0.12231667928788574] - [0.00576991057263483, 0.1312933516558332, -0.11314480174424603, -0.022092909080473507] - [-0.013912833978092365, 0.22362341041859393, -0.12650989577553132, -0.08107400296224987] - [0.027729819223661398, -0.09943680430912345, -0.04883989650365752, 0.12288314108639406]
A2: [0.08947934183501745, -0.07268890256828238, -0.12340757534686882, 0.1075141105510323] - [0.10912265757821969, 0.25009506424062744, -0.4045699707053445, 0.046475234872607595] - [0.036801989006548366, 0.46272048910079844, -0.3775554203070245, -0.12130538861369648] - [0.14343236104379817, -0.04460063894698404, -0.20149365443496584, 0.10268581669451587]
B1: 8.851204828069361e-05 - 5.49121531608421e-05 - -1.763060200684242e-05 - 4.643997181787709e-05
B2: -2.2517778678797194e-05 - 6.604874932830852e-05 - -1.3373575521543219e-05 - -4.905371936286878e-05
