Number: 8490
Error: 1.0838162661425424e-15
A1: [0.08043173169502049, -0.1804677637454267, -0.019588810019144528, 0.11962501874323192] - [0.03741557698002642, 0.13359638316350994, -0.13472618920590657, -0.03628582810941029] - [-0.001702808506567749, 0.2281901270127625, -0.12282837215437091, -0.10365889972103537] - [0.03886332681459641, -0.11448092642616661, -0.04641634906915533, 0.12203432028102149]
A2: [0.03530740253315837, -0.029273516437140035, -0.07569738848488904, 0.06966336532738285] - [0.10289373848937473, 0.2828966889804886, -0.3926064080329669, 0.006815983248250035] - [-0.011187289796043118, 0.5390143997499967, -0.35945119514800766, -0.1683766645688948] - [0.0978627934352836, 0.017463310495761972, -0.1688510161999626, 0.053524872114012516]
B1: 2.057013373606024e-09 - -1.4868103583002773e-08 - 6.58228863851524e-08 - -1.6753328653717102e-09
B2: 4.387049199800846e-08 - -3.31706880120927e-08 - 3.2042938351567296e-08 - 5.3077313139968e-08
