Number: 1740
Error: 2.3351376397220162e-07
A1: [-0.005001064358338264, -0.012798645372469898, 0.005285053204039712, 0.021680609265699494] - [0.06550696751168368, 0.18861618464022448, -0.14810256749605122, -0.11132954208216586] - [-0.1146527110836807, 0.4397403195245556, -0.07297233946710863, -0.26033497020258106] - [-0.025218339201264997, 0.013516395605490405, -0.03184912258025623, 0.036960108704254875]
A2: [0.13309189660760593, -0.22313068318371115, 0.024153030067741336, 0.07163289854052099] - [0.03293604364825754, 0.204035979378016, -0.11459906390625549, -0.12116925046389898] - [-0.09094968478875323, 0.5591883184003916, -0.23155627228475506, -0.2219914343174969] - [-0.020275835619869887, -0.018727652988792597, 0.008658187132021966, 0.0327009802612665]
B1: 0.0001107824002076484 - 0.0006205436191998961 - -0.00035431340956738715 - 0.0004181069618137739
B2: 0.0007434016043882331 - 0.0007167405075435096 - -0.0007759414010752153 - -0.0006687200907256155
