Number: 4132
Error: 9.270766563257893e-16
A1: [0.06621318213896103, -0.11395207926240548, -0.02398394982327809, 0.07172286860606815] - [0.03740261444923439, 0.18819337165337496, -0.1474089444973321, -0.0781870078957831] - [-0.06022940656894163, 0.32895076627679914, -0.12775314417146927, -0.14096835651169795] - [0.03904608860813138, -0.05332275301088241, -0.03741865862777739, 0.05169505273700152]
A2: [-0.009108465167266974, -0.34680306811921435, 0.24945520184067146, 0.1064567958679243] - [0.08003984126731149, 0.03628227367159208, -0.050250095318711656, -0.0660719424100349] - [-0.04245281797114704, 0.23083189272893187, -0.04053124395172396, -0.14784783732847956] - [0.06813482953841714, -0.2934677963255725, 0.14177129569563182, 0.08356191736492732]
B1: -1.4705434488471191e-08 - -2.364750535829992e-09 - -2.2094423297577142e-08 - -1.5888764423603068e-09
B2: 3.867311656300382e-09 - 3.614744146525146e-09 - -2.3321553860447218e-08 - -2.7859907775939106e-08
