Number: 5421
Error: 1.2206201068495722e-15
A1: [0.0662132284233872, -0.11395203401216869, -0.02398390357513833, 0.07172291481284404] - [0.03740258442803577, 0.18819334297030055, -0.14740897401036127, -0.07818703741144825] - [-0.06022926280360405, 0.32895090435536156, -0.12775300349096014, -0.14096821658751346] - [0.03904612337020329, -0.05332272001583221, -0.03741862499639109, 0.051695086095232885]
A2: [-0.009108698836332666, -0.3468033160049461, 0.2494549662805166, 0.10645655087904632] - [0.08003986357685614, 0.036282297705398356, -0.05025007093528572, -0.06607191781990933] - [-0.042452920691204564, 0.2308317793612046, -0.04053135403048976, -0.14784795093243136] - [0.06813466853599906, -0.2934679735958076, 0.14177112115316945, 0.0835617368520889]
B1: 2.4707384953970216e-08 - -1.4905591283872812e-08 - 1.448102081792606e-08 - 9.218065145301806e-09
B2: 1.1804145264598917e-09 - -2.9347287049378974e-08 - 1.0943782187529591e-07 - -1.4032783013990269e-08
