Number: 3948
Error: 9.011107082915876e-16
A1: [0.06621321162761917, -0.11395205043272229, -0.02398392035776339, 0.07172289804523768] - [0.037402593959166654, 0.18819335207650303, -0.14740896464064512, -0.07818702804087345] - [-0.06022924569781078, 0.32895092078460575, -0.12775298675249439, -0.14096819993942747] - [0.03904621394331995, -0.05332263404746438, -0.03741853737018441, 0.05169517301001161]
A2: [-0.009108557905365676, -0.3468031664998457, 0.24945510835223916, 0.10645669863707491] - [0.08003981525367923, 0.03628224564745557, -0.0502501237501282, -0.06607197108288229] - [-0.04245279067174923, 0.23083192285825888, -0.040531214696587714, -0.1478478071363577] - [0.06813473974673077, -0.293467895190172, 0.14177119835276913, 0.08356181669180751]
B1: 1.0154437833100562e-08 - -2.0488401728754746e-08 - 1.0076224285037936e-08 - -1.2207966958878978e-08
B2: 1.2303348173756424e-08 - -2.17680265177695e-08 - -3.5504988167913266e-08 - 4.2589454848767635e-08
