Number: 580
Error: 4.15369675194518e-15
A1: [-0.012153047228313724, -0.014516814098262658, 0.018087666505858902, 0.008583467735928304] - [0.06583548964600816, 0.18949550545159566, -0.14532230741385474, -0.11000827770036956] - [-0.0962940786407453, 0.4217851189783497, -0.053458423369785055, -0.2720369046389726] - [-0.0013215857826738922, -0.018219327127280128, -0.0038352017761140974, 0.023376644725144766]
A2: [0.16158649570751982, -0.16775499412673375, 0.008501113331587751, -0.0023332889336242276] - [0.035485783295534715, 0.20751678058265766, -0.11721036469691659, -0.12579197108101758] - [-0.08621343161560749, 0.5815382325269214, -0.23538861661388152, -0.2599354579154339] - [-0.003834714344961207, -0.004519041055707287, 0.0011105072473053459, 0.007243634776269552]
B1: -5.650168725150318e-08 - 1.6205124903821143e-07 - -2.16952049028888e-07 - -4.439103271211647e-08
B2: -4.780557260843849e-08 - 3.805053938151666e-08 - -3.9078700585653614e-08 - 3.09537854914876e-08
