Number: 3778
Error: 5.969779227901831e-16
A1: [0.06621324792306522, -0.11395201494837212, -0.023983884090811806, 0.0717229342797594] - [0.0374026453342113, 0.1881934011618632, -0.14740891413504692, -0.07818697753080447] - [-0.060229280520982045, 0.32895088733888717, -0.12775302082841122, -0.14096823383205975] - [0.03904618201719592, -0.05332266435054085, -0.03741856825764402, 0.05169514237336328]
A2: [-0.009108507366172731, -0.3468031128856079, 0.24945515930035653, 0.10645675162470603] - [0.0800398368718653, 0.036282268936442215, -0.05025010012268006, -0.06607194725479114] - [-0.04245275740916918, 0.23083195956897057, -0.040531179051057534, -0.1478477703491223] - [0.06813478643997499, -0.2934678437788124, 0.14177124897280816, 0.08356186904364053]
B1: 2.8421009545825e-08 - 1.8938989814141455e-08 - 2.3352427871407336e-08 - 8.044509623306927e-09
B2: 7.590101415850099e-09 - 2.5284688622301277e-08 - 5.7274112694208675e-09 - 5.677513062377046e-08
