Number: 1278
Error: 1.5530627454278777e-08
A1: [-0.006830923564032284, -0.014633551521596783, 0.00336803993567718, 0.019820988391281047] - [0.06674175643177428, 0.1898025928629007, -0.14682314358170728, -0.10995686848294926] - [-0.11211765261215711, 0.44224499621624924, -0.07030114952471092, -0.25759361798228314] - [-0.023107573048886793, 0.015602035996698438, -0.02966687807351292, 0.039187871712313506]
A2: [0.13171647360642894, -0.22450114666542745, 0.02279539829587111, 0.0702883079438338] - [0.03285774567541777, 0.20395717844775527, -0.11467775052067852, -0.12125051778098693] - [-0.09442154717926775, 0.5557384293053956, -0.2350047529679103, -0.22543702451819622] - [-0.020758539150073783, -0.019209271834727433, 0.008187140718299256, 0.03224812738003496]
B1: -0.0001265062521425309 - 0.0003959213471489251 - -0.00010702960657424703 - -7.50264914014046e-05
B2: 0.0001350914684301939 - -3.230260336682848e-05 - 0.00015266711860816826 - 0.0001034885581768979
