Number: 2269
Error: 0.00033824251560441083
A1: [0.02582991018748645, -0.07797721823942172, -0.05406589485685923, -0.0242980860096573] - [0.022979074218963138, 0.1636944817817209, -0.1798324365707448, -0.12933244688406018] - [-0.1478742035480903, 0.40549323594184394, -0.1126128112783341, -0.19113327551867937] - [0.01488984983898153, 0.011573400514375786, -0.0360558092343217, -0.03471911965667113]
A2: [-0.021627048534618748, -0.266572263585512, 0.006050057320590229, -0.06215389185995643] - [-0.025888559565498036, 0.1466060485596286, -0.15480602816493683, -0.18258318765737364] - [-0.10895793264044736, 0.5148246621475165, -0.23131470690274175, -0.20849351220832413] - [0.07588474184997922, 0.13590683237418913, 0.05706436144201023, 0.16171166729647457]
B1: -0.024659117007983934 - -0.021413081233569487 - 0.034811588800567415 - 0.03979859491206979
B2: 0.00621273569294275 - -0.008278130128301146 - 0.021553284213924342 - 0.009734477524820687
