Number: 9018
Error: 0.00014916509048299524
A1: [0.05935248439960718, -0.1636825445024287, -0.02150304870963021, 0.12137283132923554] - [-0.053413963631853106, 0.06899391704924707, -0.1752363582273218, -0.08344416900988544] - [-0.03207838629625769, 0.21320125370548187, -0.12183387714350423, -0.09259548440357236] - [-0.021661126332332057, -0.14954135197262725, -0.09374470868278685, 0.07357649389406426]
A2: [0.1228376843352065, -0.02691739446638687, -0.0733029952219713, 0.15554052771475935] - [0.22011152316065927, 0.3397820542585831, -0.31189450670267754, 0.13904219683252983] - [0.04394884539379501, 0.4788143566114695, -0.384483537234034, -0.11125953952113334] - [0.21279286907966796, 0.026994687304544, -0.13458139963556254, 0.17528997584607314]
B1: 0.01406638764237249 - 0.000786012759925662 - 0.03077501153793265 - 0.014350357676300933
B2: 0.028028752045384676 - 0.007758045675025508 - -0.004723059448754724 - 0.013926674015328508
