Number: 8755
Error: 2.1392573558369742e-10
A1: [0.08041398204676323, -0.18048551083451275, -0.0196065378039062, 0.11960727129652765] - [0.03736436790895292, 0.1335452135533682, -0.13477729524841997, -0.036337008545455504] - [-0.0017034932043442294, 0.22818944269710925, -0.12282905546507344, -0.10365958412604112] - [0.03884784180775162, -0.11449636742469399, -0.046431823560549645, 0.12201884507481574]
A2: [0.035276437615406435, -0.02930456718771923, -0.07572682950743413, 0.06963095718100783] - [0.10289562274535896, 0.2828985892483255, -0.39260458550494837, 0.0068179563040914395] - [-0.011189108531657211, 0.5390125702883587, -0.35945291663131956, -0.16837858110553836] - [0.09784177527603186, 0.017442196639438762, -0.16887102410387592, 0.05350280986989313]
B1: 9.848084760775646e-06 - 9.113742721884052e-06 - 1.5418180888747408e-06 - 8.70916111347672e-06
B2: 1.558206474643797e-05 - 3.080774078005648e-05 - 8.579739031282721e-06 - 9.106327356124918e-06
