Number: 8803
Error: 6.109415015561171e-05
A1: [0.07884962206088766, -0.18204919460301122, -0.021167403542447297, 0.1180434367661656] - [0.03392272727898406, 0.1301057778989914, -0.13821062833986436, -0.03977680366729737] - [0.0011956000274799203, 0.23108938555890116, -0.1199315853061093, -0.10076047202919043] - [0.03648342430345941, -0.11685390274849629, -0.04879284134326293, 0.11965613660322581]
A2: [0.039098869981111936, -0.02548141897937134, -0.07207585729988095, 0.07362902697758819] - [0.10123092725879129, 0.2812155294641773, -0.39421015637646606, 0.005073688734701674] - [0.0034188154004249835, 0.5536914187560403, -0.34559157751926123, -0.15299011420589065] - [0.09953588045713252, 0.01913626667985177, -0.16724649955141527, 0.055279096798006154]
B1: 0.0023102633035773958 - 0.004177880478525492 - -0.0016436304652313856 - 0.002985968835053366
B2: -0.005147133442510558 - -0.0046017204487566014 - -0.008446817634910765 - -0.004854180402963355
