Number: 4940
Error: 9.869245007503148e-16
A1: [0.0662132228357553, -0.11395203947502854, -0.023983909158423647, 0.07172290923455364] - [0.03740265755370368, 0.18819341283680113, -0.14740890212231908, -0.0781869655170388] - [-0.060229375959644296, 0.32895079567532903, -0.12775311421901075, -0.1409683267201463] - [0.03904614446230685, -0.05332269999612281, -0.037418604590630296, 0.051695106335334154]
A2: [-0.009108584578028682, -0.34680319479534466, 0.24945508146366532, 0.1064566706722659] - [0.08003981850977619, 0.03628224915526199, -0.05025012019128468, -0.06607196749384382] - [-0.04245278580192954, 0.23083192823285023, -0.04053120947777586, -0.14784780175056944] - [0.06813478757663233, -0.29346784252736574, 0.14177125020479292, 0.08356187031795803]
B1: 2.47914043956965e-08 - -2.823743101176706e-08 - 1.0930998263328206e-08 - 1.6647754644890327e-08
B2: 2.014202067621923e-08 - 5.032824281390778e-08 - -1.726447250245544e-08 - -2.93775498404583e-08
