Number: 2331
Error: 2.9753142352415186e-05
A1: [0.08107943666370569, -0.033709519566489016, -0.01237192961775062, 0.022456096015294302] - [0.040140446983782, 0.1879667082966533, -0.1462467928158618, -0.09551094055101433] - [-0.12055954480227904, 0.4185108733460961, -0.10192075098950334, -0.1836411508180623] - [0.032092115110240835, 0.01533301354671863, -0.03640293820272631, -0.02732760354426409]
A2: [0.024787321502263083, -0.21023017361205393, 0.049427881038832035, -0.013812049799976299] - [0.02416176298834274, 0.19514130696191972, -0.1068902925737497, -0.132945055354639] - [-0.04205142897572569, 0.5628264470348647, -0.17475762826661345, -0.14605421289428788] - [-0.028481977534662042, 0.015535550871424542, -0.05215217971884078, 0.05536246859752525]
B1: 0.00029711546745544125 - 0.002644343595201836 - -0.008258838272097956 - 0.018546836021561642
B2: 0.0067261957426237 - -0.002929837272400075 - 0.0029867870837617726 - 7.830698297232289e-05
