Number: 535
Error: 1.6740200881838578e-13
A1: [-0.012154679924633842, -0.01451849104383919, 0.01808586188311075, 0.008581723011510566] - [0.0658364440487714, 0.18949642354657398, -0.14532132064473988, -0.1100072150683954] - [-0.0962928089864107, 0.42178634607930776, -0.053457045640001866, -0.2720354254264141] - [-0.001319277369702986, -0.018217107084942563, -0.0038327445424601154, 0.023379312870630862]
A2: [0.1615866751217645, -0.1677548180915213, 0.008501289129688169, -0.00233311402379207] - [0.035485961051756915, 0.20751695548287608, -0.11721018768530411, -0.1257917971883166] - [-0.08621370936941013, 0.5815379604670651, -0.2353888868795571, -0.2599357287657762] - [-0.0038350743503596492, -0.004519395079149604, 0.0011101509257218393, 0.00724329034322362]
B1: 9.556104185638156e-08 - 3.2362713779064245e-07 - 7.790787753111641e-08 - -1.3758604919651412e-07
B2: 3.74314392956935e-07 - 8.959294996790754e-07 - -5.124857204602301e-07 - 6.795717124875395e-07
