Number: 1673
Error: 3.477234983260623e-07
A1: [-0.006861165071951109, -0.014666001563610325, 0.003337115861240008, 0.019778824232082538] - [0.06792105727573772, 0.1909373523865742, -0.1456050817819286, -0.10864484659717696] - [-0.11475852667742471, 0.4396428915655331, -0.07305852487254282, -0.26046495149502585] - [-0.023154427391654353, 0.015549995338152161, -0.029714868811546884, 0.039129451794226826]
A2: [0.13143553487244988, -0.2247779757451838, 0.022510503078555007, 0.07000611041835761] - [0.03254724175437239, 0.20365181760138382, -0.11498724543167921, -0.12155334364776753] - [-0.09442680374441788, 0.5557365678743535, -0.235010151950959, -0.22544675498501235] - [-0.02195631891017285, -0.020399420201670907, 0.00699341717031757, 0.031090898361732032]
B1: 0.000652141379134891 - 0.0011713201295301759 - 0.00080346597406658 - 0.0002455970974831731
B2: 5.0629458155600974e-05 - 0.0003667896418812181 - 0.00041218024479544433 - -0.0001449806815971586
