Number: 8709
Error: 3.337063014717103e-14
A1: [0.08043129919761334, -0.18046819619391485, -0.019589241999300698, 0.11962458629537175] - [0.03741621900729255, 0.13359702470350818, -0.13472554845834922, -0.036285186438086106] - [-0.0017029414936847237, 0.2281899940282396, -0.1228285049468489, -0.10365903267266931] - [0.0388627867366793, -0.11448146498867554, -0.04641688880287908, 0.1220337805389038]
A2: [0.03530720649825286, -0.02927371301388386, -0.07569757487269096, 0.06966316015613863] - [0.10289488654991791, 0.28289784678318775, -0.39260529764328655, 0.006817185433483321] - [-0.011186949107700598, 0.5390147424700086, -0.3594508726783643, -0.1683763055744459] - [0.09786288526036802, 0.01746340273834394, -0.1688509287882134, 0.05352496850029323]
B1: 2.1768667199553337e-08 - -4.381725996038455e-07 - -2.8009623762488e-09 - 8.634575996867415e-08
B2: -2.0592937853175793e-07 - -2.646733129157854e-07 - -1.5127126378470448e-07 - 1.3765028180104788e-08
