Number: 5225
Error: 1.0794008990668805e-15
A1: [0.06621317019488249, -0.11395209093957503, -0.023983961758008928, 0.07172285668199656] - [0.037402536564292474, 0.18819329723962253, -0.1474090210641684, -0.07818708446941662] - [-0.06022917334287868, 0.32895099027763225, -0.12775291595012686, -0.14096812951754373] - [0.03904609864567538, -0.053322743483513214, -0.037418648916699174, 0.05169506236914383]
A2: [-0.009108542508464122, -0.3468031501661379, 0.24945512387342225, 0.10645671477994273] - [0.08003977431605575, 0.0362822015460221, -0.05025016849241578, -0.06607201620512325] - [-0.04245282349234129, 0.23083188663544, -0.04053124986833458, -0.14784784343460766] - [0.0681347627947157, -0.2934678698132868, 0.14177122333870198, 0.08356184253299014]
B1: 2.0341348759156116e-08 - -6.397014199375701e-09 - -1.2121147944583489e-08 - -7.958264560956173e-09
B2: -3.964532451916172e-08 - -2.818763771895542e-08 - -1.9899094391807122e-08 - 3.4771110353555525e-08
