Number: 1836
Error: 1.2613710859933005e-07
A1: [-0.008393317976083035, -0.016190324106290777, 0.0017852267510590825, 0.018201042175977362] - [0.06674722227565169, 0.18981322103805395, -0.14682023049670823, -0.10994975101135893] - [-0.1136944521267415, 0.4407297550347829, -0.0719879265360253, -0.25928754922479735] - [-0.02470490041396157, 0.01406821849417012, -0.03136864550532589, 0.037509234033881955]
A2: [0.13272228580034856, -0.22354682214965685, 0.023791091995461637, 0.07126570848372976] - [0.03373996119878363, 0.20483902249959765, -0.11379689591798563, -0.12037900674019728] - [-0.09446251394788656, 0.555721022739896, -0.23496615159298104, -0.2253639094172795] - [-0.020352182771386517, -0.018846085148576882, 0.008581608666919432, 0.032620085679355953]
B1: -1.8899383505566073e-05 - 0.00021112164743646128 - 7.716199950187969e-05 - -0.00019001906394262597
B2: 0.00027937287986353734 - 0.0009446456019602939 - 9.201880704115915e-05 - 1.6830706546193283e-05
