Number: 9476
Error: 1.3397085758763993e-13
A1: [0.05317273190521953, -0.14800108917279492, -0.026998865775721952, 0.12182800383214291] - [0.005315731747947592, 0.13083870828872507, -0.11359873216266067, -0.022547748608270985] - [-0.01444220605251737, 0.22309389217590603, -0.1270389108791216, -0.0816036616706452] - [0.027150078971194733, -0.10001641910913574, -0.049420881828459516, 0.12230174854473376]
A2: [0.08925605749855421, -0.07291177778136383, -0.12362586051935537, 0.1072879990236447] - [0.10884311990792259, 0.24981557247787045, -0.40484392597539, 0.046190894615294735] - [0.03663637988419785, 0.46255556505841394, -0.37771701300393523, -0.12147281489741164] - [0.1434255829316034, -0.044607470418579716, -0.20150036567896526, 0.10267899961627329]
B1: -6.082983893457629e-07 - 5.404658229788295e-07 - 3.0371408662367323e-07 - 5.837456051408022e-07
B2: 4.0103925267397256e-07 - 1.3914701110464106e-07 - 2.5184423454248746e-07 - -6.89369366631629e-07
