Number: 8871
Error: 0.00021550555792444154
A1: [0.07058570184017518, -0.18955078780073278, -0.03007735435139322, 0.11029266716261635] - [0.025756166553527117, 0.12286497884526, -0.1458724215123822, -0.047653130625208595] - [-0.0021765191946649144, 0.2280514649452548, -0.1231345850571863, -0.10404107205490902] - [0.03516347549000569, -0.11729206613413402, -0.051121094806662014, 0.11891275928156539]
A2: [0.05348459210223553, -0.011047454904814702, -0.05824409014055895, 0.08874326281370892] - [0.09800041494937264, 0.27809575615392446, -0.396505148049116, 0.0016148355351128484] - [-0.03404508040877414, 0.5148334226548698, -0.38189191708612263, -0.1922292683529767] - [0.10452732258443952, 0.02445471261462842, -0.1621948978983297, 0.06054721877304702]
B1: 0.003661413197537478 - 0.008045131420187599 - 0.011281583790041202 - 0.0016825327424012122
B2: -0.00594743222781636 - -0.005827644595524369 - -0.010344937111612171 - -0.0088037534644042
