Number: 9733
Error: 1.393519351523386e-15
A1: [0.05317243615818051, -0.14800138499980334, -0.02699916117721802, 0.12182770794499746] - [0.005313686294862049, 0.13083666071125818, -0.11360077728952972, -0.02254979694558995] - [-0.014444546202861147, 0.22309155117770477, -0.12704124916802279, -0.08160600265010515] - [0.027146332692053538, -0.10002016544161797, -0.049424636071947615, 0.12229799267638462]
A2: [0.08925441825805308, -0.0729134132527552, -0.12362746287349319, 0.10728633949692297] - [0.10884186103639892, 0.24981431337197516, -0.4048451599150783, 0.046189614550497665] - [0.03663593456498146, 0.46255512203946264, -0.3777174474925089, -0.12147326484878478] - [0.14342652321137841, -0.04460653364616072, -0.20149944759044155, 0.10267995384057249]
B1: 2.506407008282638e-08 - -1.2020852118000297e-08 - 3.095371452815743e-08 - -7.662757610326069e-10
B2: 1.4012750636031932e-09 - -1.976594861357495e-09 - -2.6492808132088726e-08 - 1.5141060247570127e-08
