Number: 6430
Error: 9.025305918318508e-16
A1: [0.08043170257104784, -0.1804677928661108, -0.01958883910826218, 0.11962498962258812] - [0.03741560028025872, 0.13359640644611226, -0.13472616595221898, -0.03628580482214004] - [-0.0017028080376730321, 0.22819012748165504, -0.12282837168615879, -0.10365889925227678] - [0.03886322385144991, -0.1144810291004071, -0.04641645196670896, 0.12203421738183706]
A2: [0.03530744162499126, -0.029273477237237736, -0.07569735131680373, 0.06966340624115361] - [0.10289376290209691, 0.2828967136003436, -0.392606384421336, 0.006816008811937993] - [-0.011187082236065519, 0.5390146085479547, -0.3594509986875243, -0.16837644585618644] - [0.09786281192312116, 0.017463329067703853, -0.1688509986007286, 0.053524891520226055]
B1: -8.747925656532765e-10 - 9.378887072228982e-09 - 4.686805281188749e-09 - 2.2115396093131536e-09
B2: 1.0517710002516969e-08 - 4.229990502137531e-09 - 9.092260060469966e-09 - -7.2006899246942975e-09
