Number: 8627
Error: 6.659605609062036e-16
A1: [0.08043170976139591, -0.18046778567655056, -0.019588831926526586, 0.119624996812132] - [0.037415577840232826, 0.1335963840231404, -0.13472618834730585, -0.03628582724960949] - [-0.0017027352290932907, 0.22819020028867515, -0.1228282989841853, -0.10365882646311236] - [0.03886323657457031, -0.11448101641291454, -0.04641643925168264, 0.12203423009710664]
A2: [0.03530744687261859, -0.029273471975066502, -0.075697346327393, 0.06966341173326965] - [0.10289382354849691, 0.2828967747614658, -0.39260632576477933, 0.006816072317388153] - [-0.011187100935712185, 0.5390145897367442, -0.3594510163871535, -0.16837646556065] - [0.09786283451929494, 0.017463351766620703, -0.16885097709054497, 0.05352491523871722]
B1: 5.850450140916205e-09 - 5.370940220810886e-08 - 1.7366807490859088e-08 - 9.682597224751471e-09
B2: 1.2890319490262336e-08 - 5.344526110843502e-08 - -1.2406289429182798e-08 - 2.442757011248696e-08
