Number: 432
Error: 2.3524467005289103e-11
A1: [-0.0121457487712151, -0.014509317635291796, 0.01809573385720138, 0.00859126716718746] - [0.06584378225029852, 0.189503482632922, -0.1453137335407383, -0.10999904475757986] - [-0.09631189888113839, 0.42176789638741885, -0.05347776020363528, -0.272057665838103] - [-0.001338180597938969, -0.01823528624202441, -0.003852866102553496, 0.023357464169531918]
A2: [0.16158655875947983, -0.1677549323789734, 0.008501175514505181, -0.0023332270562895097] - [0.03548064474494295, 0.20751172459484254, -0.11721548168103764, -0.12579699788566737] - [-0.08621998557897312, 0.5815318130275491, -0.23539499356114016, -0.25994184878353555] - [-0.003830504486349467, -0.004514901095745457, 0.0011146742939497488, 0.007247662758105538]
B1: 4.599808890985638e-06 - 7.1884887423746705e-06 - 4.0030678298127797e-07 - 2.9551100560256832e-06
B2: -8.095516045816874e-06 - 2.0819540906687196e-06 - 3.0517927166919035e-06 - 1.7586543879327502e-06
