Number: 8714
Error: 7.495669292919886e-13
A1: [0.08043135292146775, -0.18046814247565585, -0.019589188339375216, 0.11962464001327348] - [0.03741504036516294, 0.1335958469539941, -0.13472672475178873, -0.03628636442706016] - [-0.0017027946219723223, 0.2281901408971223, -0.12282835828998577, -0.10365888584002388] - [0.038863059522607955, -0.11448119296825915, -0.046416616190651606, 0.12203405315538539]
A2: [0.035307463723798255, -0.02927345507667827, -0.07569733030513266, 0.06966342936979034] - [0.1028917730664204, 0.28289470687494045, -0.39260830896858134, 0.006813925168194102] - [-0.01118792528993878, 0.5390137604653474, -0.3594517966590988, -0.1683773342083806] - [0.09786259237635048, 0.017463108522215432, -0.16885120759567768, 0.053524661068366106]
B1: 3.7879356567442725e-07 - 1.2730576981461803e-06 - 6.670164691040031e-07 - 4.921684582225128e-07
B2: -7.532900824752434e-08 - 1.6663316067268903e-07 - -3.296815958499798e-07 - -1.1896699781400689e-07
