Number: 5862
Error: 9.082657992756074e-08
A1: [0.08161104425910454, -0.1792925394285245, -0.018408981960914245, 0.12080508492914777] - [0.04039972445533577, 0.13657661399665982, -0.13174832449516294, -0.03330335628117474] - [-0.0018011969725784153, 0.22808989517802938, -0.12292476025746096, -0.10375639160117688] - [0.038210821204783724, -0.11513499914272687, -0.04706473038016183, 0.12138398650516481]
A2: [0.03558957534634061, -0.02899375068570299, -0.07542730952263058, 0.06996231437896425] - [0.10234068580346993, 0.28232706572220273, -0.3931420846066828, 0.006243752592073553] - [-0.010253280511365117, 0.5399537710294453, -0.35856354175139565, -0.1673895585556271] - [0.09826195962655425, 0.017862430668007016, -0.1684686032377011, 0.05394683698545988]
B1: 1.849385538940491e-05 - 0.0007437668644584984 - 0.0003617918582071856 - 0.00012716797912152005
B2: 0.0005431715585103883 - -0.00047041955523387404 - 0.0006414596263745161 - 0.0008647087208423501
