Number: 5705
Error: 0.029364971895041097
A1: [-0.07894293842083917, -0.27305074224536124, -0.17540678353428488, -0.041692283010547275] - [-0.028138590868316146, 0.11171114009678722, -0.21071699930973709, -0.11022810246544029] - [0.043562153632596246, 0.36919209724177793, -0.05339924218127086, -0.04906034634658299] - [-0.6578973404443491, -0.7133274785758544, -0.7180761007555353, -0.5674295394770301]
A2: [-0.902349316511433, -1.098255764203656, -0.8064147885472548, -0.8763555847097321] - [-0.6598584392326621, -0.6022459771909605, -0.9143861884771256, -0.9262495820274038] - [-0.9967462359901407, -0.5836631106554308, -1.1350208562605038, -1.2042981044262375] - [-0.8215196640199417, -1.0342351549709248, -0.8711084834154832, -0.916332548411748]
B1: -0.4183682141740157 - -0.5513045214100094 - -0.4519883948436226 - -0.4540201235211354
B2: 0.016445484839291036 - 0.13019183284639219 - -0.15398192476305916 - -0.03619428107858988
