Number: 1039
Error: 0.00044176371879368757
A1: [0.018324039073103274, 0.004577271735111587, 0.029303914424860033, 0.03832987446095097] - [0.058307998062397254, 0.18177259198504497, -0.15575810321033418, -0.11937174703459179] - [-0.12371314359846398, 0.4140253246234858, -0.09132836699069381, -0.28692905916008354] - [-0.03822793352270317, -0.011722674738263427, -0.044044983227284215, 0.011675597849653814]
A2: [0.048363156340191824, -0.29630503612579906, -0.07048135531090342, -0.02546239498192444] - [0.032393186599595614, 0.20344803253225846, -0.11516710465930814, -0.12308746094376319] - [-0.17087677747543428, 0.4923286205084916, -0.30212352543686954, -0.3121159477087355] - [-0.03928707519318213, -0.037824437599756476, -0.014096752365959272, 0.009358498443777579]
B1: 0.02634882151362234 - 0.02048823522400023 - 0.0366983267260631 - 0.006589198888348247
B2: 0.010533326913852607 - -0.004180208496220532 - 0.01950097613251934 - 0.02131358082571012
