Number: 8718
Error: 1.1637596028785181e-12
A1: [0.08043329764122846, -0.18046619797460703, -0.01958724594417067, 0.11962658451114844] - [0.037416122578348164, 0.13359692834990106, -0.1347256446941095, -0.036285282812997185] - [-0.0017015080247056388, 0.22819142746801602, -0.12282707357599146, -0.10365759958596608] - [0.03886492958363127, -0.1144793281538752, -0.04641474732059676, 0.12203592205435512]
A2: [0.035307316013797684, -0.02927360319512592, -0.07569747074646398, 0.06966327477567624] - [0.10289551754727441, 0.28289848313246035, -0.39260468734979515, 0.006817846179274748] - [-0.011186376388733663, 0.5390153186039252, -0.35945033058551396, -0.16837570208210248] - [0.09786282712723547, 0.01746334434058285, -0.16885098412742977, 0.053524907479680764]
B1: -1.6087515436105255e-07 - -8.18769832795736e-07 - -6.64887529698607e-07 - -3.6236493000984333e-07
B2: 7.629604713575402e-07 - 5.781994922986381e-07 - 1.566538423361953e-07 - 4.633908871922484e-07
