Number: 88
Error: 0.0006427094559812659
A1: [0.054424331954967, 0.05652772886448326, 0.09239996086270613, 0.07635507225254447] - [0.12247150039975407, 0.24743429504019748, -0.08979797866506899, -0.054475545001356006] - [-0.03475532792763015, 0.4864466594636653, 0.013595008158179572, -0.2049208430077033] - [0.06635851941609483, 0.052799543323393504, 0.06863247787600489, 0.09600702639001603]
A2: [0.27988954330663546, -0.052743058685153214, 0.1241403857255911, 0.11234634121036062] - [0.09152611317129832, 0.2596835181156275, -0.06524328629720552, -0.07452379034667288] - [0.041109989174961066, 0.7072879878616679, -0.1117566008692882, -0.13637016000764904] - [0.20958226187697496, 0.2082943396538198, 0.213140113867726, 0.21183362513839896]
B1: 0.009027810030793601 - 0.3267562701537587 - 0.0007425628246967848 - -0.020481610360429742
B2: 0.015248156804613267 - 0.34719251155712505 - 0.013502629499775971 - 0.01576856319716553
