Number: 1456
Error: 2.6475264203523298e-09
A1: [-0.007313557724413432, -0.015120994321153608, 0.0028661028057681594, 0.019325308398581313] - [0.06679568750015605, 0.18985455173186425, -0.14676720561352355, -0.10989690076407152] - [-0.11266431097126345, 0.4417078245297854, -0.07087177230558361, -0.25818536266818765] - [-0.024058858237206857, 0.014666542505914818, -0.030638626803472617, 0.03818357687568163]
A2: [0.13159483223651527, -0.22461988626558135, 0.02267515444399427, 0.07016903785750708] - [0.032644738036192465, 0.20374775259777958, -0.11488979056360223, -0.12145894003804383] - [-0.09475727509752835, 0.555407554070247, -0.23533462338008773, -0.22576727556269477] - [-0.021098901223395167, -0.019543543215019752, 0.007848783298774161, 0.031920685663712325]
B1: 6.224590474376931e-05 - 2.5702310357472597e-05 - -2.013908743825594e-05 - 6.776541085152785e-06
B2: 6.683923780413351e-05 - -1.6988317828214214e-05 - -1.6465469129120546e-05 - 9.38550816477659e-05
