Number: 4649
Error: 1.1281029650452747e-15
A1: [0.06621322191514122, -0.1139520403751068, -0.02398391007834438, 0.07172290831545874] - [0.037402605720758306, 0.18819336331390804, -0.14740895307809654, -0.07818701647731924] - [-0.060229447700625965, 0.3289507267720052, -0.12775318442057423, -0.1409683965441464] - [0.03904589908586665, -0.05332293289834077, -0.03741884198428414, 0.05169487086926647]
A2: [-0.009108751794194772, -0.34680337218539337, 0.24945491289449018, 0.10645649535530434] - [0.08003976586410588, 0.03628219244079394, -0.050250177730036344, -0.0660720255211512] - [-0.04245293424761906, 0.23083176439921002, -0.04053136855791604, -0.14784796592560429] - [0.06813461740016771, -0.29346802989883164, 0.14177106571723494, 0.0835616795190339]
B1: 2.638636474004096e-08 - 1.2188268668342383e-08 - -2.3809517821776007e-09 - -7.910373347316443e-09
B2: 2.2716978273154865e-08 - -7.67153342518503e-09 - 7.669497442654669e-08 - -7.506240594486625e-08
