Number: 8242
Error: 1.060167280706673e-15
A1: [0.08043166811735405, -0.18046782731593347, -0.01958887352081611, 0.11962495517279174] - [0.0374155831804859, 0.13359638935933216, -0.13472618301776965, -0.036285821912352086] - [-0.0017028265953634137, 0.2281901089243495, -0.12282839021668487, -0.10365891780501792] - [0.038863217474267915, -0.11448103545970652, -0.046416458339850135, 0.12203421100860222]
A2: [0.03530743856197212, -0.02927348030866819, -0.07569735422906271, 0.06966340303535885] - [0.1028937142819343, 0.28289666456755513, -0.39260643144612417, 0.006815957899553915] - [-0.011187101491670608, 0.5390145891774386, -0.3594510169133592, -0.16837646614651722] - [0.09786276052624888, 0.01746327743701789, -0.1688510475272932, 0.05352483757030702]
B1: -1.634423507859746e-08 - 8.411129969381777e-09 - -5.351331677161552e-09 - 3.315177120660589e-09
B2: -5.854361297400413e-09 - -6.025478242858642e-10 - 5.865052923219265e-09 - -5.0820189153792925e-09
