Number: 8547
Error: 1.5338593104271727e-15
A1: [0.08043168509994875, -0.18046781033520592, -0.019588856558485714, 0.11962497215349868] - [0.03741558553908228, 0.13359639171616053, -0.13472618066379158, -0.03628581955502861] - [-0.0017027546186038638, 0.22819018089956916, -0.12282831834530777, -0.10365884584745734] - [0.038863250025769965, -0.11448100299946577, -0.04641642580905143, 0.12203424353994333]
A2: [0.035307550981341175, -0.029273367578411175, -0.07569724734187915, 0.06966352069407167] - [0.10289378667220317, 0.2828967375722164, -0.39260636143110017, 0.006816033702608027] - [-0.01118711007890162, 0.539014580539027, -0.3594510250414139, -0.16837647519511484] - [0.0978628758263573, 0.017463393261567407, -0.1688509377688056, 0.05352495859759487]
B1: 4.156989603299735e-08 - -1.0822672305112706e-08 - 4.059663295887139e-08 - 1.1887443497087462e-08
B2: 3.0604732628713424e-08 - -4.239374205795959e-08 - -3.3919967292371674e-09 - 2.1617958965739796e-08
