Number: 3894
Error: 1.097139319611479e-15
A1: [0.06621315413186145, -0.11395210664363378, -0.023983977808404444, 0.07172284064596848] - [0.03740256786751363, 0.1881933271477026, -0.14740899029074297, -0.07818705369323946] - [-0.0602293407849293, 0.3289508294587002, -0.1277530797991341, -0.14096829248560808] - [0.039046077344075045, -0.053322763702279126, -0.037418669525362776, 0.05169504192791073]
A2: [-0.009108672564474958, -0.34680328813530137, 0.24945499276539984, 0.1064565784232103] - [0.08003977655193516, 0.03628220395457901, -0.050250166048946075, -0.06607201374086646] - [-0.04245279376558966, 0.23083191944371997, -0.040531218012062616, -0.14784781055801993] - [0.0681348917607236, -0.29346772781599856, 0.14177136315072325, 0.08356198712774422]
B1: 8.730465007410645e-09 - 6.278435370440984e-09 - -2.8733560352908214e-08 - -2.6453454449555627e-08
B2: -1.8295036132617756e-08 - -2.4636292610627058e-08 - -2.112242458206611e-08 - 5.848521261939724e-09
