Number: 8690
Error: 6.843817449666089e-14
A1: [0.08043162289899455, -0.18046787252909946, -0.019588918685049434, 0.11962490995965437] - [0.03741569322841257, 0.13359649932396098, -0.1347260731890202, -0.03628571192535198] - [-0.0017026580110359002, 0.22819027750506923, -0.1228282218791828, -0.10365874926566106] - [0.03886315925260428, -0.11448109351787439, -0.04641651652435758, 0.12203415282319899]
A2: [0.03530694776299196, -0.02927397246511655, -0.07569782087592705, 0.06966288936242787] - [0.10289391886627212, 0.2828968708881771, -0.39260623357453583, 0.006816172128827007] - [-0.011187425459445866, 0.5390142632774454, -0.35945132355688536, -0.168376807521571] - [0.0978623963889213, 0.01746291164342491, -0.16885139416346695, 0.05352445534576728]
B1: -1.1820665152702885e-07 - -2.9580167527642637e-07 - -1.4967511598511196e-07 - -1.2783535808486585e-07
B2: 1.4220734842943233e-07 - 3.8395051249044674e-08 - -8.505037408690761e-09 - 1.4650980395716267e-07
