Number: 2583
Error: 9.57586133521798e-09
A1: [0.06330282891106963, -0.047998330227206704, -0.023571745686844895, 0.007726826979731683] - [0.043826674068292236, 0.19143007389073657, -0.14239482049922011, -0.09233139359954623] - [-0.1231506869219571, 0.4151641629368784, -0.1045530811910758, -0.18676708765745426] - [0.03692385013018756, 0.01909455850619332, -0.033207998312792135, -0.023126988352846]
A2: [0.06366949549731458, -0.17346375305104333, 0.08655745252597523, 0.024183984648832688] - [0.029102641255902326, 0.20011387980100107, -0.101896816734737, -0.1280567365145587] - [-0.09294233242565637, 0.5141400422709744, -0.22514058790395786, -0.19464538052471575] - [-0.02545434610512942, 0.01899346235693232, -0.049821769741210574, 0.057436015195883344]
B1: 6.49189080159141e-05 - -0.00023130390573885268 - 0.00013061042572786488 - 6.91753134604228e-05
B2: -9.987157013743425e-05 - 0.0002955152238875694 - 4.0182241217602325e-05 - -9.935177661312044e-05
