Number: 7034
Error: 1.0019133451353296e-15
A1: [0.0804316995931449, -0.18046779584367587, -0.019588842082601633, 0.11962498664502595] - [0.03741559373787819, 0.13359639990868438, -0.1347261724815614, -0.036285811360896404] - [-0.001702806359767327, 0.22819012915952164, -0.12282837001071009, -0.10365889757481905] - [0.03886322626056125, -0.11448102669805454, -0.04641644955913276, 0.12203421978945087]
A2: [0.035307475939310363, -0.02927344282800886, -0.07569731869117716, 0.06966344215480294] - [0.10289369112900976, 0.2828966412181157, -0.392606453839327, 0.006815933655033593] - [-0.01118714760825386, 0.5390145427858366, -0.3594510605637142, -0.16837651474116497] - [0.0978628021946654, 0.017463319294995575, -0.16885100786158344, 0.053524881308508784]
B1: 1.4850044540719916e-08 - -2.067524061691991e-08 - -1.4230201283660071e-08 - 1.633219571613374e-09
B2: -1.82335330727543e-09 - -6.44425647346162e-09 - 6.326890323112132e-09 - -1.5362991432942875e-08
