Number: 4008
Error: 8.702434926172468e-16
A1: [0.06621317802899251, -0.11395208328053215, -0.023983953930021507, 0.07172286450299506] - [0.03740258113387162, 0.18819333982280992, -0.14740897724889174, -0.07818704065023212] - [-0.060229369785780446, 0.3289508016049853, -0.12775310817763733, -0.14096832071147464] - [0.03904619412788509, -0.05332265285553384, -0.037418556540951324, 0.05169515399489674]
A2: [-0.009108564387667148, -0.3468031733765683, 0.2494551018174835, 0.10645669184074479] - [0.08003981380382713, 0.03628224408554721, -0.05025012533474242, -0.06607197268094192] - [-0.04245288534359702, 0.23083181837248226, -0.04053131615071162, -0.14784791183989335] - [0.06813479665653947, -0.2934678325299601, 0.1417712600485045, 0.0835618804982629]
B1: 1.74401633887151e-08 - 5.54101284382825e-09 - -1.0377626198923812e-08 - 1.946556271069662e-08
B2: 1.0380282398071691e-08 - -1.469789803670048e-08 - 7.700768468800529e-09 - 2.16275518751637e-08
