Number: 1901
Error: 3.874851552759885e-06
A1: [-0.002878019806984617, -0.010585359211241763, 0.007505781621357446, 0.023890718341501246] - [0.06937480848853958, 0.19234109832765456, -0.14409523332295213, -0.10702677439670091] - [-0.1127425562332229, 0.44160498099447265, -0.07102538455261166, -0.2582900763100751] - [-0.02222035992377948, 0.016492158088834787, -0.0288500175721089, 0.04012226769077084]
A2: [0.13245482887288415, -0.2238490209366366, 0.023429418954633078, 0.07094852053377086] - [0.032208587740813144, 0.2033309088397394, -0.11531627298913433, -0.12187067673908308] - [-0.09433910063570194, 0.5557921802528721, -0.23492355903727302, -0.22529959871969343] - [-0.020579112890126115, -0.01909099792843905, 0.008281854685808398, 0.03236224742212956]
B1: -0.0004965201213309274 - -0.0002669162663348037 - -0.0004299535617190689 - -0.00029411507559451455
B2: 0.0009221836465060343 - 0.002290051799740866 - 0.00150794520357751 - 0.0011158563525604096
