Number: 4701
Error: 9.045297821875722e-16
A1: [0.06621313853573423, -0.11395212189126877, -0.02398399339231673, 0.07172282507597634] - [0.03740257173567003, 0.18819333084346077, -0.14740898648804546, -0.07818704989022668] - [-0.06022949025004625, 0.3289506859055935, -0.12775322605694311, -0.1409684379565296] - [0.039046062755999714, -0.053322777548784804, -0.037418683638871485, 0.05169502792895642]
A2: [-0.00910827568407347, -0.3468028671075519, 0.2494553928567682, 0.10645699453027169] - [0.08003992599404525, 0.03628236494652861, -0.05025000271722351, -0.06607184902226701] - [-0.04245273335073502, 0.23083198612115477, -0.040531153269102976, -0.14784774374157922] - [0.068135018275377, -0.29346758851840915, 0.14177150030407348, 0.08356212897337899]
B1: -7.714650188119846e-08 - 6.61715238368297e-08 - 4.662466048152244e-09 - 5.5666590723294576e-08
B2: 3.2069638483264625e-09 - 2.3283682044926207e-09 - -9.633656336819325e-09 - 3.313576908679144e-08
