Number: 4890
Error: 6.842215873494536e-16
A1: [0.06621311923585252, -0.11395214075983837, -0.023984012677023037, 0.07172280580851789] - [0.03740256284776742, 0.18819332235168013, -0.14740899522552448, -0.078187058628478] - [-0.06022938903276777, 0.3289507831193156, -0.12775312701160627, -0.1409683394439439] - [0.03904624275275023, -0.053322606702459384, -0.03741850949785693, 0.05169520065598935]
A2: [-0.009108582580613174, -0.34680319267640614, 0.24945508347724327, 0.10645667276643712] - [0.08003985989166115, 0.036282293735372374, -0.05025007496328397, -0.06607192188180434] - [-0.042452838036246165, 0.23083187058395177, -0.04053126545403758, -0.1478478595196154] - [0.0681347286629334, -0.2934679073937632, 0.1417711863367951, 0.08356180426500272]
B1: 1.3189460125265513e-09 - 1.2446858203120678e-08 - -5.83442626643374e-09 - -1.2847934949995909e-08
B2: -1.4556573410424486e-08 - -1.6671119500480424e-08 - 2.44383379884118e-08 - 3.0662089034514275e-08
