Number: 8874
Error: 0.00020328669612133102
A1: [0.07440681705365065, -0.18567157242892957, -0.026134766664830344, 0.114125797834154] - [0.030312052594560105, 0.1274985641140298, -0.1411297642666718, -0.043089895689860984] - [0.006911335386970199, 0.23726548273321246, -0.11381750789551136, -0.09488336394046631] - [0.04715996528770357, -0.10519723996850314, -0.03890209722170239, 0.1309601830954595]
A2: [0.06665630659117916, 0.0021535223588423982, -0.04560919011201057, 0.10249746609363417] - [0.11373369225876165, 0.29394281129516814, -0.381165109989672, 0.018104315691283943] - [-0.013249192421527441, 0.53567251208187, -0.362030696133405, -0.17031481168195448] - [0.10615423382085004, 0.02609002145822872, -0.16059749005104254, 0.06223214206909462]
B1: 0.0017794058958762616 - -0.002962697351974429 - -0.007248140100462153 - -0.008029825086198891
B2: 0.015950832850709168 - 0.01654655763895791 - 0.0031290874492794947 - 0.0066168503396378114
