Number: 8173
Error: 1.0140720302180289e-15
A1: [0.08043170619541497, -0.18046778924218437, -0.01958883548827873, 0.11962499324651092] - [0.03741561264398462, 0.13359641880052497, -0.13472615361299342, -0.03628579246519139] - [-0.0017028101090030693, 0.22819012541035857, -0.12282837375446261, -0.10365890132305522] - [0.03886325436305877, -0.1144809986744373, -0.04641642147455966, 0.1220342478744716]
A2: [0.035307345572476306, -0.029273573555372974, -0.07569744264245662, 0.06966330571193341] - [0.1028937014406811, 0.2828966516173146, -0.39260644386602656, 0.006815944452897462] - [-0.011186995288710134, 0.5390146960138432, -0.35945091638975224, -0.16837635423696257] - [0.09786300196532996, 0.017463519974299582, -0.16885081769251697, 0.05352509100230001]
B1: -2.0686942808057974e-08 - 2.0587593380811896e-08 - 1.7515408843181117e-08 - -4.7826743656723606e-08
B2: -1.1119287893514192e-08 - -1.9253789567777703e-08 - -1.1801535913740075e-08 - -1.0051396065731456e-08
