Number: 4052
Error: 9.533350142894662e-16
A1: [0.066213178570338, -0.113952082751282, -0.023983953389100903, 0.07172286504343425] - [0.03740263428121757, 0.1881933906014875, -0.14740892500097547, -0.07818698839769847] - [-0.060229412736351344, 0.3289507603533419, -0.12775315020652936, -0.14096836251430453] - [0.0390461072517733, -0.05332273531504495, -0.0374186405906799, 0.05169507062764234]
A2: [-0.009108592833163402, -0.34680320355279554, 0.24945507314182172, 0.10645666201718464] - [0.08003983863408871, 0.036282270834856495, -0.050250098196674135, -0.06607194531243593] - [-0.04245296383075352, 0.23083173174916055, -0.040531400260675345, -0.14784799864375678] - [0.06813481950443197, -0.2934678073734206, 0.14177128481783088, 0.08356190611498761]
B1: 1.134143808279917e-08 - -1.3943945553875663e-09 - -4.58021964466997e-08 - 2.5162599438273997e-08
B2: -3.0280379750103646e-09 - 3.0021630838858415e-08 - -1.300079176906279e-08 - -2.476461493799194e-08
