Number: 310
Error: 6.201160846905883e-09
A1: [-0.012037313842536692, -0.014397979906954043, 0.01821564203265963, 0.008707191333728236] - [0.06581641366390026, 0.1894771423436279, -0.1453420467631956, -0.11002953011516112] - [-0.09686171057867793, 0.4212366100076305, -0.05407431854693283, -0.2726982240222726] - [-0.0017934955291792841, -0.018673090837724945, -0.004337490378114988, 0.02283118164832062]
A2: [0.1615046985698339, -0.167835275885334, 0.008420966412253794, -0.0024130317511226324] - [0.03547158333097719, 0.20750280503924767, -0.1172245263599121, -0.1258058736665951] - [-0.08642733026357716, 0.5813287080337939, -0.235596749419373, -0.26014403640406214] - [-0.003889569643957536, -0.004572942969639381, 0.0010562886729052893, 0.007191228016105628]
B1: -0.0001782402612965662 - -0.00027886617677737183 - -0.00016274880467540375 - -9.582937324794723e-05
B2: 0.000325378140236747 - -0.000719375400802241 - -7.604872032732534e-05 - -6.684726936986698e-05
