Number: 7299
Error: 8.025179971558034e-16
A1: [0.08043167034695696, -0.18046782508655196, -0.019588871293819646, 0.11962495740217809] - [0.03741557361260418, 0.13359637979864428, -0.13472619256673218, -0.03628583147502085] - [-0.0017028356536546128, 0.22819009986626207, -0.12282839926170054, -0.1036589268608841] - [0.03886321461901094, -0.11448103830693752, -0.04641646119326791, 0.12203420815513386]
A2: [0.03530740817336287, -0.029273510781387097, -0.07569738312220549, 0.0696633712304068] - [0.10289379125660456, 0.28289674219550043, -0.3926063569972084, 0.006816038503238923] - [-0.011187038720574844, 0.5390146523229784, -0.3594509574991232, -0.16837640000244952] - [0.097862810767372, 0.017463327906695247, -0.1688509997009235, 0.053524890307056996]
B1: -1.7074189488048978e-08 - 1.2805427334140793e-08 - 1.485394587939822e-08 - -1.5725911894376572e-09
B2: -7.983423735329922e-10 - -7.79852953170762e-11 - 2.4272645948100486e-10 - 6.633348317588137e-10
