Number: 2372
Error: 4.131435132156848e-06
A1: [0.06353164069314586, -0.04868572255604873, -0.024487999515474475, 0.007624981025701413] - [0.0435371385747602, 0.1910806984334728, -0.1430492242613479, -0.09261445162335143] - [-0.12476301345886101, 0.41413924954863757, -0.10557094370558567, -0.188279971431382] - [0.0332415895951291, 0.015754555052831798, -0.03630810030251513, -0.02676322145158705]
A2: [0.08552685958172233, -0.15138520672188968, 0.10854284437191734, 0.04560696449559176] - [0.02667870153850466, 0.19770040597776573, -0.10433809958075467, -0.13045334856775725] - [-0.09496723766529994, 0.5128614763794174, -0.22649308511081195, -0.19590021874556593] - [-0.024892223688246652, 0.0198646806925049, -0.04871033164059562, 0.05819413764366783]
B1: 0.0018125594205854762 - -0.0019096131619880797 - -0.0007005246908689199 - -0.005304596277231227
B2: 0.0018698508603632023 - -0.0005040585429106738 - -0.0003771796450396758 - -0.0010289625957217254
