Number: 8925
Error: 0.00017701361461320054
A1: [0.05467158180251326, -0.2070785683338231, -0.03843952331435713, 0.10377585540848272] - [0.032276121932758264, 0.13380118823774345, -0.12069989561509864, -0.021086987243958848] - [-0.030529394688509702, 0.19672126475012042, -0.15063066748035453, -0.13107716165444208] - [0.019250238500837954, -0.13608293136508035, -0.066487911608894, 0.10582738107464175]
A2: [-0.07258648473076058, -0.13184359746915336, -0.19490861352862748, -0.029437152520295697] - [0.11641954987072195, 0.29281381687701974, -0.3849099212822106, 0.03180566673620008] - [0.027567347054600497, 0.5642144765684219, -0.3237993502497532, -0.10991056782846002] - [0.11910436233096736, 0.027471403424821322, -0.14798455821715623, 0.09358279717331003]
B1: 0.015793388466433283 - 0.015163745565431899 - 0.04382688522325103 - 0.041601800081905387
B2: 0.023617999073891758 - 0.016554009634962855 - 0.0029998343183557257 - 0.046262849145672434
