Number: 963
Error: 3.5797118767080754e-05
A1: [-0.005409397157079877, -0.007596354811623336, 0.02553790774085392, 0.015790931356241697] - [0.06566833982690236, 0.18933376893397627, -0.14549587896658747, -0.1101951377386844] - [-0.08787411146233053, 0.42991908276843643, -0.04432290728392537, -0.262221419158821] - [0.007826224750432303, -0.0094269932224701, 0.005899458467247917, 0.03395288935161321]
A2: [0.15864118036311073, -0.17064637650996378, 0.005612616717703212, -0.005203620149616668] - [0.03506013526626987, 0.20709817315244625, -0.11763461779302564, -0.12620832574794819] - [-0.0882502638225744, 0.5795489284782118, -0.23737266030151322, -0.2619228334590694] - [-0.005354894706363676, -0.006004241631993963, -0.0003954191927220284, 0.005786853881630028]
B1: -0.0007517025783176112 - -0.0019048244605847967 - -0.0009539219363959785 - -0.0006755155746000128
B2: 0.004794079458085946 - 0.0036546667427690147 - 0.004691428473488076 - 0.004573866841857998
