Number: 8452
Error: 9.15714663076757e-16
A1: [0.08043170793919917, -0.18046778749856102, -0.019588833746562468, 0.11962499499012158] - [0.03741553796858546, 0.1335963441815914, -0.13472622813961893, -0.03628586709924656] - [-0.0017028226831243142, 0.22819011283651192, -0.12282838631016504, -0.10365891389380674] - [0.038863267592014486, -0.11448098548256161, -0.04641640825400961, 0.12203426109523982]
A2: [0.03530749149755309, -0.029273427226710617, -0.07569730389846456, 0.06966345843804976] - [0.10289381624156545, 0.28289676739252756, -0.39260633283198243, 0.006816064666023864] - [-0.01118701888848965, 0.5390146722732854, -0.35945093872745826, -0.16837637910488212] - [0.09786285878754644, 0.017463376145262017, -0.1688509539887, 0.05352494071245459]
B1: 1.6671693151927135e-08 - 1.2526689667386527e-08 - 1.0224691623160281e-08 - 1.426192910016852e-08
B2: 2.6835868974136753e-08 - -1.4214285190312986e-08 - 1.1823067731438597e-08 - 3.805185409068757e-08
