Number: 4541
Error: 1.0259032949476308e-15
A1: [0.06621312732779497, -0.11395213284875313, -0.02398400459145209, 0.07172281388685661] - [0.0374025421477256, 0.18819330257417446, -0.14740901557525785, -0.07818707898002243] - [-0.06022951275768989, 0.32895066428831576, -0.12775324808153507, -0.14096845986273757] - [0.03904618351130665, -0.05332266293230766, -0.03741856681209877, 0.051695143807156535]
A2: [-0.009108581095382819, -0.3468031911008186, 0.24945508497447594, 0.10645667432357886] - [0.08003985509475564, 0.03628228856772777, -0.05025008020607949, -0.06607192716907404] - [-0.04245282143836545, 0.23083188890233156, -0.04053124766719319, -0.14784784116299066] - [0.06813479713231295, -0.29346783200615595, 0.14177126056407702, 0.08356188103165478]
B1: -3.1037901966483892e-09 - -5.707039816559326e-09 - -1.344777785389358e-08 - 6.48108705511469e-10
B2: -2.4437350412469968e-08 - -1.9247158656425968e-08 - 7.774154125922027e-08 - -5.05007777859951e-08
