Number: 6857
Error: 1.2301431948693093e-15
A1: [0.0804316573628949, -0.18046783806914318, -0.019588884262360256, 0.11962494441959803] - [0.037415558916443825, 0.1335963651136044, -0.13472620723361625, -0.036285846163042555] - [-0.0017028510855827052, 0.22819008443466082, -0.12282841467103896, -0.10365894228869749] - [0.03886320070829022, -0.11448105217861701, -0.04641647509512303, 0.12203419425306025]
A2: [0.03530741975214609, -0.029273499170580274, -0.07569737211322305, 0.06966338334884574] - [0.10289376607345593, 0.28289671679861783, -0.3926063813540365, 0.006816012132810301] - [-0.011187089609791059, 0.5390146011302417, -0.3594510056669019, -0.16837645362615597] - [0.09786281473007155, 0.017463331887420427, -0.168850995928689, 0.05352489446660427]
B1: 1.0621185138973949e-08 - -2.1522714132389574e-08 - 1.0745894437399814e-08 - 3.0265215316320013e-09
B2: 1.7916048493584236e-09 - 9.081028275321829e-10 - -5.246358328979935e-09 - 8.495532182060449e-10
