Number: 6000
Error: 2.7676684278671085e-12
A1: [0.08043221820107445, -0.18046727726372805, -0.019588324020252294, 0.11962550524096119] - [0.03741743345887994, 0.133598238194352, -0.13472433649278412, -0.036283972697983634] - [-0.0016995808963820255, 0.22819335459370077, -0.1228251491695376, -0.10365567292099079] - [0.038864568560858126, -0.11447968811828757, -0.04641510801511576, 0.12203556130958408]
A2: [0.03531956465998356, -0.029261320703625134, -0.07568582486036178, 0.06967609436120889] - [0.10288943258223206, 0.2828923464671867, -0.39261057267969945, 0.006811474326934063] - [-0.011182349773452813, 0.5390193693314644, -0.359446519322509, -0.16837145909266887] - [0.0978684310021848, 0.017468973751165042, -0.16884564958604556, 0.053530789750647775]
B1: -1.2402211871815906e-06 - -1.1085352048177267e-06 - -1.4207791754171972e-06 - -1.489648916681619e-06
B2: 1.5129145801419423e-07 - 1.7811464448458027e-06 - -2.094726984138541e-06 - -2.419918137197922e-07
