Number: 1891
Error: 2.0271037499475253e-06
A1: [-0.01554559873911179, -0.023372331455343766, -0.0056456162790225, 0.010883476714160333] - [0.06889633841628366, 0.1918810794275133, -0.1445896946648351, -0.10755938841614446] - [-0.11209353957303836, 0.4422503795306485, -0.07034316933540652, -0.25758567298831353] - [-0.028176668597174326, 0.010644640411799468, -0.03491437806976711, 0.03383828733913578]
A2: [0.1311790484171593, -0.22510546313050706, 0.02218297548963586, 0.06970786632405081] - [0.0326522831875928, 0.20376764718906645, -0.1148747611778624, -0.12143703386673457] - [-0.09451979868951466, 0.5556213750261377, -0.23508954036306112, -0.2254678736816378] - [-0.021147655792763592, -0.019654844876188213, 0.007723789463462897, 0.03182324342659559]
B1: 8.907347769456506e-05 - -0.00010447433846997927 - -0.00017874894705836533 - -0.0007768789546164295
B2: 0.001591078591245608 - 0.0013066390308649981 - -0.00040818139528353277 - 0.0011049013831620346
