Number: 521
Error: 1.0207200078779522e-13
A1: [-0.012151012189090617, -0.014514723904783922, 0.018089915840145566, 0.008585642414188733] - [0.0658357106123026, 0.18949571801148526, -0.1453220789542149, -0.11000803167666098] - [-0.0962918670737451, 0.4217872564238385, -0.053456023549455875, -0.2720343280491092] - [-0.0013193826504499795, -0.01821720833188834, -0.0038328566076634703, 0.023379191184213704]
A2: [0.16158646741361943, -0.16775502188692495, 0.008501085612438283, -0.002333316504741413] - [0.0354857505356442, 0.2075167483499801, -0.11721039731907369, -0.12579200312648547] - [-0.0862135793709747, 0.5815380877985152, -0.23538876038752743, -0.259935601997216] - [-0.003834766454197591, -0.004519092302813599, 0.001110455667812561, 0.0072435849181069776]
B1: 4.439657247518862e-07 - 6.690117619168531e-07 - 9.562924082355644e-09 - -1.4678760647785473e-07
B2: -8.640706420211236e-07 - -4.110746282513666e-07 - 7.404454915261507e-07 - 1.372436770269248e-06
