Number: 1898
Error: 9.51440113309077e-07
A1: [-0.00040271116431019613, -0.008087583417081613, 0.010084938401593187, 0.026435046322369832] - [0.0693515559028367, 0.1923189328214779, -0.14411932205403508, -0.10705275956591315] - [-0.11109775467631625, 0.44321965882837366, -0.0693104036607098, -0.25650915380968636] - [-0.016765406480798654, 0.02185426609086007, -0.023277816707832407, 0.04588235754922244]
A2: [0.1312440550890689, -0.2250357800703311, 0.022246388651728465, 0.06976880436119336] - [0.03211795832809129, 0.2032425363629319, -0.11540565596595385, -0.12195902101721721] - [-0.09546809801853239, 0.5546890299785351, -0.23602309939765945, -0.2264037168826549] - [-0.021819473630626154, -0.020307942934494536, 0.0070607278543177, 0.03117578787755496]
B1: -0.00040801633230456085 - -0.0003198929520008718 - -0.000774574835505542 - -0.000976759928525677
B2: -0.001651299322576039 - 0.00125032361254059 - 0.0005655616922139012 - -0.0010363470814526805
