Number: 3782
Error: 7.680298661526828e-16
A1: [0.06621325683791682, -0.11395200623273924, -0.023983875182956124, 0.07172294317964965] - [0.0374026486690205, 0.18819340434804657, -0.14740891085667385, -0.07818697425214167] - [-0.06022928401645614, 0.3289508839816783, -0.12775302424887494, -0.14096823723412627] - [0.039046205534721046, -0.0533226420286013, -0.03741854550522911, 0.05169516494103119]
A2: [-0.009108577764022213, -0.34680318756677614, 0.2494550883329049, 0.10645667781636133] - [0.08003982914099356, 0.03628226060807596, -0.05025010857208641, -0.0660719557759436] - [-0.042452757853457895, 0.230831959078626, -0.04053117952717484, -0.14784777084048964] - [0.06813476804579283, -0.29346786403162906, 0.14177122903172265, 0.083561848420339]
B1: 2.8962280860612472e-08 - 2.4192624654563913e-08 - 7.55877920907039e-09 - 1.695840564147889e-08
B2: 7.458780991286698e-09 - 2.8293582156585992e-08 - 9.977134588144841e-09 - 5.6813897664822494e-08
