Number: 7360
Error: 8.869570603209294e-16
A1: [0.08043163108894598, -0.1804678643401186, -0.0195889105048914, 0.11962491814865074] - [0.037415573506388404, 0.1335963796925083, -0.13472619267273672, -0.03628583158117755] - [-0.0017028961339412532, 0.22819003938726287, -0.12282845965343696, -0.10365898732503011] - [0.038863212692484446, -0.11448104022805958, -0.04641646311856902, 0.12203420622980421]
A2: [0.03530736872350531, -0.02927355034035563, -0.07569742063064851, 0.06966332994187334] - [0.10289369863773014, 0.2828966487905657, -0.39260644657699256, 0.006815941517773934] - [-0.011187073336838067, 0.5390146175002458, -0.35945099026418037, -0.1683764364788009] - [0.0978627532424303, 0.017463270120094982, -0.16885105446097062, 0.05352482992462445]
B1: -3.8135463156090804e-08 - -1.898284583573936e-08 - 1.9325260976853623e-09 - -5.246276198775108e-09
B2: -2.6174921243024078e-08 - 1.53001535381381e-09 - -4.625503605003312e-08 - -1.7251566476723216e-09
