Number: 6660
Error: 8.935556743193864e-16
A1: [0.08043167471301231, -0.18046782072099135, -0.019588866932987514, 0.11962496176773432] - [0.03741559027136318, 0.13359639644479288, -0.13472617594117162, -0.036285814825491536] - [-0.0017028764992634102, 0.228190059021523, -0.12282844004751041, -0.10365896769559588] - [0.038863245387959405, -0.11448100762433612, -0.046416430443923, 0.12203423890496103]
A2: [0.03530742649125107, -0.02927349241283577, -0.07569736570576761, 0.06966339040204965] - [0.102893773495631, 0.28289672428378626, -0.3926063741754083, 0.006816019904916216] - [-0.011187208381773076, 0.5390144816498371, -0.35945111808714203, -0.16837657878036524] - [0.0978627588356244, 0.01746327573872903, -0.1688510491365757, 0.05352483579562166]
B1: 2.5441967454847587e-09 - 2.1266220119786067e-08 - -3.100060939157271e-08 - -9.829300838069012e-09
B2: -2.292856164057938e-09 - 9.222570808857346e-09 - -3.38939617868325e-08 - 1.3241181929464696e-08
