Number: 5938
Error: 1.580612401349251e-10
A1: [0.08050117987759876, -0.18039832749045243, -0.019519442294080903, 0.11969446034037845] - [0.03740744050739219, 0.13358824913534753, -0.13473430384520468, -0.03629395629399973] - [-0.001650501292262615, 0.2282424329188498, -0.1227761332949339, -0.1036066020907284] - [0.038892759279569755, -0.114451570888343, -0.046386930214583524, 0.12206373617370232]
A2: [0.035432367982278536, -0.029148214484101265, -0.07557857584036402, 0.06979415700511238] - [0.10306119379819624, 0.28306555446146037, -0.3924444560102571, 0.00699132358257764] - [-0.011188886903686449, 0.5390127873764035, -0.3594527132243533, -0.16837835177877217] - [0.09790616166951753, 0.017506869481041312, -0.16880973707230992, 0.05357039349202819]
B1: 3.419492892874503e-05 - -3.538062933911301e-05 - -2.7980370711708502e-05 - 2.223857796315456e-06
B2: 2.8188771754325273e-05 - -4.4725794010682795e-05 - -1.2200527855709843e-05 - 3.9566950285891545e-06
