Number: 2285
Error: 0.0002471190320813094
A1: [0.10613505050943364, 0.0035393934130136355, 0.02753030533215592, 0.05516274778250946] - [0.07625342838931044, 0.2183174460896312, -0.11719900855522633, -0.06266246785716058] - [-0.1419503754356893, 0.4081424020484772, -0.1152346926616718, -0.19554384871585415] - [0.04339126903632358, 0.03987270845360157, -0.008903865433947285, -0.006992602235989904]
A2: [0.06227605610543254, -0.17911083298996539, 0.08987435223833738, 0.02198456135069343] - [0.018573689374716672, 0.1904674695002201, -0.11055278037003423, -0.13834829217799033] - [-0.14311272659615892, 0.4751916187877555, -0.267690950859216, -0.244164744395029] - [-0.028798975585052386, 0.023359037039033595, -0.05113099022846415, 0.054357442699384084]
B1: 0.00013226712615640145 - 0.020073790944250554 - 0.011573525179214185 - -0.0031039225908183997
B2: 0.006303072945421512 - -0.014189387013230621 - -0.01827612254638059 - -0.00265800318159839
