Number: 1074
Error: 2.4735714603989433e-05
A1: [-0.005194876856433137, -0.013297119590710388, 0.004812288466140149, 0.02086672431608822] - [0.07160727406588337, 0.19430446308320612, -0.14219310729978998, -0.10456735242061262] - [-0.12603193238333935, 0.42730727134434054, -0.0886879961436603, -0.27449952849406767] - [-0.011228336859143685, 0.028125023786234507, -0.014017319921759808, 0.05290516770762472]
A2: [0.1466450112133736, -0.20939947927295272, 0.03657891504158645, 0.0861128941474799] - [0.016866021017068147, 0.18837709862413662, -0.1302211055332557, -0.13718506288502041] - [-0.07895204977058776, 0.5714027219459877, -0.2164715513491248, -0.2132484347992176] - [0.006989776653455817, 0.007840776240562536, 0.035883697284515674, 0.05873631026363679]
B1: -0.00205058435491402 - 0.011632160344447182 - 0.003336699969006861 - -0.0039682192840239045
B2: 0.0008214326881466918 - 0.013958839285021526 - 0.007766133521458024 - -0.001806175417409598
