Number: 4810
Error: 1.1028154607670277e-15
A1: [0.06621317641826797, -0.11395208485526928, -0.02398395553950148, 0.0717228628949421] - [0.0374026000464161, 0.1881933578924669, -0.14740895865640313, -0.07818702205612399] - [-0.060229361187410506, 0.32895080986324865, -0.12775309976379456, -0.14096831234266496] - [0.03904621396023803, -0.05332263403126648, -0.037418537353704734, 0.05169517302632161]
A2: [-0.00910847626990775, -0.34680307989754666, 0.24945519064806332, 0.10645678422721752] - [0.08003987387291152, 0.03628230879716767, -0.05025005968259934, -0.06607190647136536] - [-0.04245279587206524, 0.23083191711884396, -0.04053122026933082, -0.14784781288770116] - [0.06813469683672184, -0.29346794243578683, 0.1417711518341123, 0.08356176858198741]
B1: 1.089112794735932e-08 - 8.336544927258992e-09 - -4.2175708514251096e-09 - -4.1091139106757526e-08
B2: 3.842884575621295e-09 - 8.193686569647267e-09 - -2.6432294475012673e-09 - 1.5358833552009633e-08
