Number: 9216
Error: 8.618407812625639e-08
A1: [0.054388016243129875, -0.1467890907615959, -0.02578672756426467, 0.12304138899605012] - [0.0029764586462094687, 0.1285002225788732, -0.11593438385130546, -0.02488627912287439] - [-0.013452483291091135, 0.22408454674120656, -0.1260502724290565, -0.08061180516200217] - [0.02892754307631573, -0.09824335164047145, -0.04764231628800009, 0.12408119624834835]
A2: [0.0879531818385818, -0.0742011701708751, -0.12489495499926137, 0.10596828098482224] - [0.10979831343868553, 0.2507675378184132, -0.40390929333349984, 0.047162794183358524] - [0.037617754884214975, 0.46352893935679124, -0.3767588770464895, -0.12048014902808284] - [0.14414553301294775, -0.0438892296637222, -0.20079642356137992, 0.10340944863646732]
B1: -0.0004590481220073551 - -4.089127552441315e-05 - -0.00033253350417911543 - 0.00023968816825204885
B2: -0.000403838348997672 - 4.679174662987101e-05 - 0.0011029101813303064 - -0.00035234083790895476
