Number: 4793
Error: 9.86716544615098e-16
A1: [0.06621315778495541, -0.11395210307219593, -0.023983974158196617, 0.07172284429289409] - [0.037402594337094384, 0.18819335243759386, -0.14740896426910824, -0.07818702766932635] - [-0.06022932342671495, 0.32895084613033454, -0.1277530628134013, -0.14096827559100897] - [0.039046156631824515, -0.053322688445279535, -0.03741859281706237, 0.05169511801330616]
A2: [-0.009108575860857454, -0.3468031855478256, 0.24945509025132914, 0.10645667981166161] - [0.08003991731375737, 0.03628235559537548, -0.050250012204260605, -0.06607185858988078] - [-0.04245272845012116, 0.23083199152974518, -0.040531148017401986, -0.14784773832171785] - [0.0681348765102684, -0.2934677446077559, 0.1417713466172699, 0.08356197002877601]
B1: 4.231713215261704e-09 - 1.2072962328001096e-08 - -1.942618214725212e-08 - -1.1509083548710568e-08
B2: -1.1852101366537224e-09 - 2.3280345410558636e-09 - -4.4870983784161205e-09 - 2.3726080316152906e-08
