Number: 3337
Error: 5.874814611661702e-07
A1: [0.06671234185387077, -0.11349059899320571, -0.023566725406083684, 0.0721662877432241] - [0.03378636094584593, 0.1847180193408578, -0.15096943229629037, -0.08174823265766837] - [-0.05552657953478721, 0.33360259768614786, -0.12297013730686433, -0.13625241335523708] - [0.038227262787875846, -0.054112785174235484, -0.03823292301127291, 0.050884673519725684]
A2: [-0.0071126499332282815, -0.34467109243288774, 0.2516161410103644, 0.10857704480985933] - [0.07831857578501349, 0.03444800082543331, -0.05217671866781489, -0.06797208552395842] - [-0.041944782123012905, 0.2313230488667767, -0.04005391637025961, -0.14733907735846263] - [0.06762200609985992, -0.29407034697706225, 0.1411848900534451, 0.08296273239597324]
B1: 0.002066853957406891 - -0.001126453323069692 - -0.0008503442166249752 - -4.154701851175337e-05
B2: 0.0009574687570906043 - 0.00016987458565612 - -0.0012118939508690546 - -0.00011791105503250801
