Number: 1217
Error: 1.1511946124920988e-07
A1: [-0.008923226294022821, -0.01674181535298389, 0.0011906387302321045, 0.017668994552248483] - [0.06683068732114704, 0.1898887187003147, -0.1467314115522926, -0.10985775512905487] - [-0.11406870466937327, 0.4403346299899943, -0.07233112622924714, -0.25970902587084044] - [-0.025150784432750973, 0.01359761946749991, -0.03174739010489993, 0.03702606567326675]
A2: [0.1319161248325759, -0.22430308624675765, 0.02299084595537651, 0.0704839611224766] - [0.03315147435057127, 0.20424673747564742, -0.1143853952184873, -0.12096395175402105] - [-0.0957675036711242, 0.5544110949389153, -0.23633150020383706, -0.22676225545221787] - [-0.02124640894421928, -0.01969243018603562, 0.007702997262745398, 0.03178273198289261]
B1: 0.0004617555330041767 - 4.885230524704537e-05 - 0.000431334764077605 - 0.0006483872402719105
B2: -0.0001959414066933539 - 0.0010802435410348916 - 0.0003009769578912142 - 0.0006404151107214706
