Number: 6897
Error: 1.1289008432897769e-15
A1: [0.08043166668392474, -0.18046782874916892, -0.01958887495247528, 0.11962495373956346] - [0.03741558126348561, 0.13359638744373284, -0.13472618493110083, -0.036285823828379485] - [-0.0017028302560928505, 0.22819010526370623, -0.12282839387204655, -0.10365892146476664] - [0.038863222974434224, -0.1144810299749601, -0.04641645284316681, 0.12203421650536574]
A2: [0.03530752481411673, -0.029273393818022794, -0.07569727222164534, 0.06966349330759795] - [0.10289375445191724, 0.28289670507844644, -0.39260639259423735, 0.006815999963361438] - [-0.011187130315349517, 0.5390145601818911, -0.3594510441955962, -0.16837649651902722] - [0.09786283265176952, 0.017463349890637973, -0.16885097886839315, 0.053524913278553625]
B1: -8.374561351889895e-09 - 2.123649455931756e-08 - -3.5064702203171805e-08 - -5.229015587131674e-09
B2: -1.5073294115981872e-08 - -9.749883256305746e-09 - -2.7806099335023235e-09 - -9.04184372553818e-09
