Number: 3653
Error: 8.726631151994869e-14
A1: [0.06621006489699288, -0.11395512683901544, -0.023987064617426935, 0.07171975659523737] - [0.03740302481948175, 0.18819376373282187, -0.14740854107234624, -0.078186604434751] - [-0.06022933983250154, 0.3289508303765701, -0.12775307886384626, -0.1409682915575618] - [0.039047466467230826, -0.053321445204178614, -0.03741732559822382, 0.05169637494529052]
A2: [-0.009109817590270328, -0.3468045028394608, 0.24945383846929686, 0.10645537791059272] - [0.08004031349692285, 0.036282782400345145, -0.05024957919718153, -0.06607142190136188] - [-0.042452957619988595, 0.2308317386011567, -0.04053139360663638, -0.14784799177476143] - [0.06813350422193103, -0.29346925556658293, 0.14176985891778351, 0.08356043142538692]
B1: 6.99115998681043e-08 - -6.613583552172478e-07 - -5.159902589886082e-07 - -1.3877856735795545e-08
B2: -6.11321808975741e-07 - 1.1213065060677974e-06 - 1.5741978453452297e-07 - -1.0943560353761308e-06
