Number: 3094
Error: 1.493194430490384e-06
A1: [0.0662577103205071, -0.04513900087439406, -0.02070568686994533, 0.010632624381869455] - [0.04563801989300606, 0.19315537646638362, -0.1405460955546284, -0.09033521210249955] - [-0.12227601867052715, 0.4159545465513988, -0.10373438248874135, -0.18590826697454546] - [0.04109025428009034, 0.02314640905287935, -0.02913466362638645, -0.019028185311444394]
A2: [0.06569715066576719, -0.1713778814951113, 0.08854732782193565, 0.026148164634500082] - [0.0332487239679922, 0.20418933524883048, -0.09774765017978623, -0.1239927352743535] - [-0.09556580336120073, 0.511574887737458, -0.2277649406414917, -0.19717894150296886] - [-0.020249325287112898, 0.024186653375381086, -0.04464339132293654, 0.06249613783945035]
B1: 0.002198722591002424 - 0.0018661619543303223 - -0.00031907500945412633 - -0.0016308849529412283
B2: -0.0006518429177237594 - -0.0010911416180639554 - -0.0007693406437598356 - 0.00028653489047817597
