Number: 4202
Error: 1.1799032052282856e-15
A1: [0.06621317070425536, -0.11395209044158465, -0.02398396124901309, 0.07172285719055209] - [0.03740261911850036, 0.1881933761145421, -0.14740893990708467, -0.07818700330513065] - [-0.06022939284162227, 0.32895077946113593, -0.12775313073872102, -0.14096834315119763] - [0.039046083093245955, -0.05332275824540287, -0.03741866396324397, 0.05169504744485812]
A2: [-0.00910848747574402, -0.3468030917850264, 0.24945517935169062, 0.10645677247870146] - [0.08003984015018782, 0.036282272468129255, -0.05025009653966503, -0.06607194364135557] - [-0.04245284896363516, 0.23083185852369642, -0.04053127716448886, -0.14784787160499574] - [0.0681348435609674, -0.29346778088613906, 0.1417713108974184, 0.08356193308678815]
B1: 1.805917316461227e-08 - -4.333103285091416e-09 - -2.5674476863326984e-08 - 1.2557956426274596e-08
B2: 1.3878298615244247e-08 - 2.3024886287123105e-08 - 1.748309468613862e-10 - -1.3110698874239843e-08
