Number: 6946
Error: 9.923054469047502e-16
A1: [0.08043166916520404, -0.18046782626816985, -0.019588872474159885, 0.1196249562205605] - [0.037415594422486695, 0.13359640059277372, -0.13472617179831747, -0.03628581067666759] - [-0.001702804633504581, 0.22819013088574686, -0.12282836828697322, -0.10365889584901694] - [0.03886324188491376, -0.11448101111755124, -0.046416433944737115, 0.12203423540409185]
A2: [0.03530747151557443, -0.029273447263979444, -0.07569732289721251, 0.0696634375248895] - [0.10289381870280749, 0.28289676987464235, -0.3926063304516119, 0.0068160672434329625] - [-0.011187257674616709, 0.5390144320629756, -0.35945116474392125, -0.1683766307219369] - [0.09786281159053979, 0.017463328733608483, -0.1688509989173188, 0.05352489117111785]
B1: 4.510443216433377e-08 - 2.139586095761269e-09 - -3.385816818761824e-08 - 1.2737300087444912e-08
B2: -9.664820642515045e-09 - 1.2195873275309686e-08 - 1.793011797163663e-08 - 7.554258605230484e-09
