Number: 371
Error: 8.38004045327462e-11
A1: [-0.01217453079531538, -0.014538877594967258, 0.018063924053038246, 0.008560513897434945] - [0.06587033029753461, 0.1895290209052146, -0.14528628624489545, -0.10996948613921849] - [-0.09635117653113376, 0.42172993653270313, -0.053520376950935374, -0.27210342696541256] - [-0.0013446129654457603, -0.018241472163437886, -0.0038597091992532656, 0.023350028307025063]
A2: [0.16158606449394844, -0.1677554234337869, 0.008500688502488115, -0.0023337129210904456] - [0.03547313157921404, 0.2075043307099303, -0.11722296478583015, -0.1258043488111786] - [-0.08617796233266985, 0.5815729699794414, -0.23535410998063624, -0.2599008773507989] - [-0.0038416386926868958, -0.004525852125929039, 0.0011036546872076284, 0.00723700985323337]
B1: -1.1867994680981443e-05 - 2.027894012787151e-05 - 1.3665471743420356e-05 - -1.2430248385231143e-06
B2: 1.6939135502175833e-05 - 2.7595198339078216e-05 - -1.1683930630182867e-05 - 5.102372240130979e-06
