Number: 2857
Error: 2.592319750955543e-09
A1: [0.0634568742992122, -0.04784981305161554, -0.023421399148768778, 0.00787774651273408] - [0.04367831247307997, 0.19128665536898734, -0.14254742737252085, -0.09249359131736153] - [-0.12285873386609021, 0.4154446488581978, -0.10427116149188204, -0.18648730646902154] - [0.03788330215256227, 0.020047592947681263, -0.032254633484420474, -0.022178138687545743]
A2: [0.06333367631492488, -0.17379336163035772, 0.08621445508376893, 0.023849421329381535] - [0.029475395261372883, 0.2004814079309064, -0.10152533872226048, -0.1276914936639162] - [-0.09313191502340545, 0.5139547075833026, -0.2253275928344236, -0.19482903039893906] - [-0.026041206600088775, 0.018407273659367788, -0.050401679436722246, 0.056865648854189745]
B1: -1.3156402983316388e-05 - -0.00015696994004338455 - -5.2617372807332966e-05 - 7.161982882708981e-05
B2: -0.00017834750654670045 - 6.094321572757612e-05 - -5.61579332820572e-05 - 3.939815735989946e-05
