Number: 9257
Error: 2.4794315412157196e-09
A1: [0.052873291793493975, -0.14830090356055745, -0.027298034152925407, 0.12152858087289765] - [0.005157251570469422, 0.13068001654340816, -0.1137574795420078, -0.022706387226531278] - [-0.014612011086755847, 0.2229239179072337, -0.12720851786066653, -0.0817733378567876] - [0.027090350572682147, -0.10007644150731512, -0.04948084751607767, 0.1222421432250697]
A2: [0.0894693663066316, -0.07269877590483433, -0.12341719618126966, 0.1075040462669115] - [0.10883193754744197, 0.24980410464065556, -0.4048549260754653, 0.04617966338046612] - [0.0371336291526626, 0.46305045789081756, -0.37723182804024746, -0.12097021300447229] - [0.14389263813924585, -0.0441418702618923, -0.20104410188860997, 0.10315296445578083]
B1: -8.009737036353016e-05 - -0.0001367043963536549 - 4.5425359765906905e-05 - -3.2349839336880622e-06
B2: -7.837441657313789e-05 - -0.00020754553458054333 - 1.9584604179193513e-05 - 2.2747196133561724e-05
