Number: 7632
Error: 7.776647465543348e-16
A1: [0.08043168386486489, -0.18046781157018274, -0.019588857792084777, 0.1196249709185371] - [0.03741560754094501, 0.1335964137013011, -0.13472615870599638, -0.03628579756547756] - [-0.001702795586909302, 0.2281901399321484, -0.12282835925362681, -0.10365888680483415] - [0.038863231510987556, -0.11448102146237332, -0.0464164443120614, 0.12203422503660702]
A2: [0.03530752844200605, -0.029273390180092878, -0.07569726877221744, 0.06966349710449068] - [0.10289384413713117, 0.2828967955248273, -0.3926063058518213, 0.006816093876832702] - [-0.011187183031500372, 0.5390145071513155, -0.3594510940926534, -0.16837655206779212] - [0.09786280572438216, 0.017463322840771844, -0.1688510045015245, 0.05352488501356537]
B1: 3.0724572248985277e-08 - 4.7925389280603634e-08 - -2.056888427104667e-09 - 1.8974569382625575e-08
B2: 1.6862751545513408e-08 - 3.776697503776413e-08 - 3.132424635148775e-08 - 1.735268602763164e-08
