Number: 9355
Error: 4.1591965805409715e-11
A1: [0.053171508715855006, -0.14800230991636323, -0.02700008587960323, 0.12182678287216704] - [0.005285641157940826, 0.13080858272033133, -0.11362881990593736, -0.022577883659309284] - [-0.014417472684272093, 0.22311863532271276, -0.1270141962217699, -0.08157891800396702] - [0.02713775975140972, -0.10002873650595281, -0.04943322531415858, 0.12228940070660228]
A2: [0.08926218728052394, -0.07290566483823607, -0.12361987106571994, 0.10729420430668693] - [0.10883141365007266, 0.24980386652705497, -0.40485540175077595, 0.046178993509373496] - [0.03661950640637689, 0.4625387792429165, -0.37773347684474107, -0.12148986311596639] - [0.14338650726491717, -0.044646398720880116, -0.2015385205410004, 0.10263934504199103]
B1: -4.234132968348182e-06 - -5.618951242607943e-06 - -1.0946022829593733e-06 - 3.8106754310338565e-06
B2: -8.771568136115127e-06 - -3.466823432849728e-07 - 2.074597501352439e-05 - -8.69244626209245e-06
