Number: 37
Error: 0.0010079151901183393
A1: [-0.08281608027422335, -0.09133296673186009, -0.0594975897229533, -0.05951916908897957] - [0.12091721807590615, 0.25158801510219225, -0.09655272543599795, -0.0787618077448435] - [-0.23691100018867978, 0.2787385588596574, -0.2038745984593902, -0.4131982785079245] - [-0.03450065769453628, -0.04779278773632681, -0.03832399614306124, -0.012116243325455628]
A2: [0.4195081640999873, 0.08710531642141982, 0.25771987390998574, 0.24877790004610628] - [0.13296252364986175, 0.3005441700248445, -0.02700486075497403, -0.036000780262692246] - [0.213010461890617, 0.8805778781089082, 0.05393636187902332, 0.033679424371196635] - [0.534448968004389, 0.534542686071304, 0.5331168325891216, 0.5248762756832921]
B1: 0.05242083173452924 - 0.4579886576211228 - -0.03920602263416591 - -0.05564055083313869
B2: -0.0075222756635424295 - 0.45132167151907127 - -0.05903434425242013 - -0.04743490255780558
