Number: 2830
Error: 2.2397239119159148e-08
A1: [0.06318744250620226, -0.048118275386394196, -0.023688416688369546, 0.007610106831833182] - [0.04356763788512303, 0.19117993614340026, -0.14266123525590274, -0.09261522877029967] - [-0.12378543514677062, 0.41452106561533286, -0.1052015038954101, -0.18741456156354688] - [0.0365674324713173, 0.018729961402478495, -0.03356860281530381, -0.0234861805544719]
A2: [0.06379080571687568, -0.17333819456032257, 0.08667140532137485, 0.024302339759381005] - [0.02930038383690661, 0.2003089971295128, -0.1016996400723993, -0.1278626940817677] - [-0.09300079760934568, 0.5140834628321852, -0.2251959607162203, -0.19470159659514952] - [-0.025643959135741433, 0.018802344248030116, -0.05000359145766089, 0.057253322398206546]
B1: 4.798612208089037e-05 - -7.266972519255831e-05 - 9.287950238876267e-06 - 7.163316349649503e-05
B2: 0.00010709116522381774 - 0.00025493237749475196 - 0.00011592998681990229 - 6.520972476401807e-05
