Number: 1662
Error: 1.260687930794185e-07
A1: [-0.007171436040847292, -0.014978627486442075, 0.003013724646478258, 0.019461733293515377] - [0.06719648081789505, 0.19024009990967564, -0.1463542243207869, -0.10945042550506265] - [-0.10820292439238008, 0.44607141029476416, -0.06622512107948335, -0.25337045809188097] - [-0.024266954689669412, 0.014458486873905411, -0.030852161767630497, 0.03795916787317526]
A2: [0.1316217325252363, -0.22459553073997496, 0.022689402463636554, 0.07018940432468997] - [0.03257537056376874, 0.2036796786736479, -0.11495867664435244, -0.12152634547522033] - [-0.09492299321755564, 0.5552472790345514, -0.2355043699752745, -0.22593261807334766] - [-0.020040326437251583, -0.0185110182441116, 0.008893598116480996, 0.03293165768403916]
B1: -3.331237098187076e-05 - 0.0005373218344549768 - -0.0001501592644567479 - 0.0002504287606028223
B2: -7.118104654198508e-05 - 0.00034028498999110135 - -0.00045684011540074 - 0.00044887365987962015
