Number: 2298
Error: 0.00013868749607267452
A1: [-0.005586805549787764, -0.11054759913890663, -0.0896042565332761, -0.05679906072063992] - [0.014572245858775795, 0.16215434462605557, -0.17544180966582348, -0.12513388657051377] - [-0.19152734824072798, 0.3588064840930733, -0.16428675567206302, -0.24630001876278393] - [-0.020988902946137526, -0.027510243160674512, -0.07831439332808539, -0.07251578944194659]
A2: [-0.014911187966827378, -0.25684577176032136, 0.011568237538262546, -0.05401315120139065] - [0.06744330439392436, 0.2369653989246711, -0.06349140009527537, -0.09110650623821231] - [-0.0878660734305699, 0.5199041340013739, -0.2191532258353179, -0.19333145266903798] - [-0.043890486181604293, 0.0004994698825535452, -0.06751130709247274, 0.03922953134846704]
B1: -0.01784358303249265 - -0.008187232063148163 - -0.03734455295768726 - 0.012014297989418315
B2: -0.00042604560998957177 - -0.006963230167238399 - -0.003653120156012514 - -0.0006905184392641294
