Number: 5177
Error: 1.0699763389536203e-15
A1: [0.0662131463259482, -0.11395211427513305, -0.023983985608211706, 0.07172283285312167] - [0.03740249381532215, 0.188193256395858, -0.14740906308969456, -0.07818712649865697] - [-0.060229320813398685, 0.32895084864017354, -0.12775306025615596, -0.14096827304746687] - [0.03904607113140302, -0.05332276959910459, -0.03741867553589366, 0.05169503596609753]
A2: [-0.009108537080832663, -0.3468031444082892, 0.24945512934497416, 0.10645672047048095] - [0.08003985446444822, 0.036282287888707174, -0.05025008089488588, -0.06607192786381474] - [-0.04245276346050328, 0.23083195289008276, -0.040531185535966345, -0.14784777704189161] - [0.06813482088496442, -0.2934678058536102, 0.14177128631398753, 0.0835619076626167]
B1: 4.2147806451720996e-08 - 1.4914809565158578e-09 - 6.567702618440297e-09 - 1.1496217677739576e-08
B2: -2.3839444996276978e-08 - 6.110913557207112e-09 - 9.96648710960025e-08 - -1.2192816258595593e-08
