Number: 3713
Error: 1.3815544625265597e-15
A1: [0.06621293431018116, -0.11395232155299498, -0.023984197457598073, 0.07172262119319155] - [0.037402684177068206, 0.18819343827350613, -0.14740887594958274, -0.07818693934192406] - [-0.06022960494892966, 0.3289505757439442, -0.1277533382943787, -0.14096854959051136] - [0.03904602662859589, -0.05332281183957556, -0.03741871859083902, 0.05169499326085406]
A2: [-0.00910859553227168, -0.34680320641625134, 0.2494550704209015, 0.10645665918719374] - [0.08004006389107736, 0.0362825135013283, -0.05024985200350052, -0.06607169702867599] - [-0.04245281863093007, 0.23083189200076784, -0.040531244658694655, -0.1478478380582654] - [0.06813470900163528, -0.2934679290420152, 0.14177116502212828, 0.0835617822206882]
B1: 2.0977115201798102e-08 - 7.020498255911509e-08 - -3.259086965088075e-08 - -4.1977209902388426e-08
B2: 5.04598737562781e-08 - 6.734261090592771e-08 - -2.1909025135638816e-08 - -9.303392764389811e-08
