Number: 7995
Error: 5.999706655957833e-16
A1: [0.080431720119196, -0.18046777531995847, -0.019588821581098256, 0.11962500716873195] - [0.03741552595028398, 0.13359633217239766, -0.13472624013403484, -0.03628587911092065] - [-0.0017028284936808343, 0.22819010702607836, -0.12282839211221044, -0.10365891970281889] - [0.038863261102675344, -0.11448099195372967, -0.04641641473921775, 0.12203425460991035]
A2: [0.03530744666650201, -0.029273472181768782, -0.07569734652337388, 0.0696634115176087] - [0.10289368031189217, 0.2828966303092104, -0.3926064643015243, 0.006815922327984197] - [-0.011187131675739294, 0.5390145588133634, -0.3594510454832749, -0.16837649795247547] - [0.0978627692725862, 0.017463286223160453, -0.16885103920131173, 0.05352484675108515]
B1: 8.114172408201245e-09 - 9.298163445417765e-09 - -4.494446354894313e-10 - 1.0754554676937046e-08
B2: -1.6034394630590833e-08 - 3.759280939263767e-08 - 6.174768154935037e-09 - -1.190413402931e-08
