Number: 9447
Error: 3.303104746427663e-13
A1: [0.053172168657358125, -0.1480016526258704, -0.026999428412881752, 0.12182744030253644] - [0.005311497495680283, 0.1308344695875968, -0.11360296575927092, -0.022551988805125642] - [-0.014445621748250781, 0.22309047521266015, -0.12704232388727768, -0.08160707860958531] - [0.027143556459731114, -0.10002294159981796, -0.04942741807064142, 0.12229520950605147]
A2: [0.08925896632074527, -0.07290887569252961, -0.12362301723489962, 0.10729094371560093] - [0.10884319718418445, 0.24981564977528045, -0.4048438502110761, 0.046190973190721574] - [0.03663785508036258, 0.46255703254003044, -0.37771557372562276, -0.12147132444711406] - [0.14342874440649042, -0.044604320772973584, -0.20149727876448167, 0.10268220792494154]
B1: 4.912188465501435e-08 - -2.6685838281814637e-07 - 8.017511507038082e-07 - 8.594396009799272e-07
B2: 3.9281333006712836e-07 - 3.189732991875274e-07 - 2.658977756271781e-07 - 8.06174496434422e-07
