Number: 2123
Error: 0.0010561029088196289
A1: [0.10987501436015407, 0.06320705568597865, 0.03149345518726024, 0.13726762596970174] - [0.06059295027969469, 0.19177763209376286, -0.1461329057435213, -0.10708141909567155] - [0.04280069243441435, 0.5571888006313852, 0.005910101868413814, -0.002659892029408542] - [0.1053337143984781, 0.1291355758792743, 0.13434741397748107, 0.054853984888104876]
A2: [0.04832659836794237, -0.3040385838563156, -0.04126892476542491, -0.043776767966031874] - [0.017637518873450907, 0.17659169893977184, -0.12452513171169606, -0.1490435058643423] - [0.06379875747539329, 0.5941171715509659, -0.1304099202127649, -0.18563807605149382] - [-0.1755622632585662, -0.13478806118513936, -0.2157432677989313, -0.08635517217361252]
B1: 0.026508707272815468 - -0.028475720959888574 - 0.08506080670140498 - -0.0032797587716001525
B2: 0.004502379578172864 - -0.05511233061906429 - 0.01148173436333097 - 0.024146714031689512
