Number: 1795
Error: 6.830395533636411e-08
A1: [-0.010882428313296576, -0.01872510953859478, -0.0008136145208010328, 0.01563443043928639] - [0.06726787877300684, 0.19031518488003432, -0.14628200678728204, -0.1093703794098521] - [-0.11438333587689806, 0.4400427160542103, -0.07270923915220141, -0.2600390157946309] - [-0.023623875808564225, 0.015130364747620379, -0.030257047500607974, 0.03865181362149005]
A2: [0.1324396218881484, -0.2237975484275145, 0.023527671930352528, 0.07101544478188683] - [0.03235815071021706, 0.20347107194664033, -0.11517612546453895, -0.12173738358421182] - [-0.09496705065852255, 0.5552279883931318, -0.23546002784646808, -0.22586889222730167] - [-0.020327935548846408, -0.018808482519287458, 0.008611941789328123, 0.032655852868440347]
B1: -0.00025827704080252196 - 0.0006086775103455103 - 0.00021717474091097934 - -0.00031761299986743553
B2: 6.109917259125499e-05 - -3.133362248625035e-05 - 0.0003671148458013041 - -4.391965002254218e-05
