Number: 9047
Error: 7.434275454644326e-05
A1: [0.019318869114219657, -0.19939457278635286, -0.06402454491376361, 0.08251682673826635] - [0.0005585029306651888, 0.12216965884885672, -0.12142168272555214, -0.029894831847394686] - [0.0020240142931186845, 0.2489208763501743, -0.09712240262344803, -0.057895295512617594] - [0.012296973456706738, -0.11532243881535385, -0.06091107502601468, 0.10760457300937493]
A2: [0.09966085803997932, -0.0504604268544027, -0.09345026523802327, 0.13167297191782482] - [0.06838383119883329, 0.19394000157985045, -0.46013672010351064, -0.01043742445380809] - [0.015419562623123925, 0.4495427354083451, -0.40120825176389, -0.13986536087574597] - [0.13395066057323862, -0.04930343778321373, -0.20953832717226575, 0.09701794071223718]
B1: 0.005456571312845659 - -0.003849608438524793 - -0.012707589188063827 - 0.00026447274037326614
B2: -0.01579336328872064 - -0.0031041189949934395 - -0.013399803482914115 - -0.002474811396738741
