Number: 4273
Error: 1.0122160670238296e-15
A1: [0.06621322645303662, -0.11395203593860213, -0.023983905543975472, 0.07172291284577426] - [0.03740260885840658, 0.18819336631171718, -0.1474089499935438, -0.07818701339247967] - [-0.06022929710394887, 0.3289508714118915, -0.1277530370554899, -0.1409682499718362] - [0.039046107600703775, -0.05332273498383903, -0.037418640253091696, 0.0516950709624796]
A2: [-0.00910847521547547, -0.3468030787788116, 0.24945519171116926, 0.10645678533289228] - [0.08003982792705103, 0.03628225930031074, -0.05025010989886066, -0.06607195711398205] - [-0.04245284905461976, 0.23083185842328285, -0.04053127726198504, -0.1478478717056134] - [0.06813474501772462, -0.2934678893865301, 0.1417712040670617, 0.08356182260160205]
B1: -3.5679457592821136e-08 - 1.7190876209455364e-08 - 8.766651538570838e-09 - 5.340337690529354e-09
B2: 2.438990426787973e-08 - -3.749277493126379e-09 - 1.6659747175828744e-08 - -2.8576325099546447e-08
