Number: 8728
Error: 1.6975498258707003e-11
A1: [0.08042867114564684, -0.18047082393124303, -0.019591866901567886, 0.11962195854569199] - [0.037414972731066296, 0.133595779387552, -0.13472679224318312, -0.03628643202117316] - [-0.001703720677248282, 0.22818921486866553, -0.12282928298666712, -0.10365981164760753] - [0.03886044361802426, -0.11448380151866985, -0.046419230423007635, 0.1220314388778912]
A2: [0.03531295869107037, -0.029267944916201355, -0.07569210574400917, 0.06966918043111396] - [0.10288954829986617, 0.28289246323314937, -0.3926104607351646, 0.006811595517165586] - [-0.011186319639186322, 0.539015375694258, -0.3594502768694834, -0.16837564228404667] - [0.09786672044475903, 0.017467255364077398, -0.16884727793027482, 0.05352899418301859]
B1: 1.9499177281939994e-06 - 3.0859202845035804e-06 - 1.9447946285476847e-06 - 1.967894984890486e-06
B2: -2.568122573713258e-06 - -1.4418710347355273e-06 - -8.361629988464014e-07 - -2.0401153248396454e-06
