Number: 5092
Error: 1.27258062014205e-15
A1: [0.06621325407324313, -0.11395200893560418, -0.023983877945474706, 0.07172294041959505] - [0.037402573669460114, 0.1881933326910881, -0.14740898458695276, -0.07818704798896987] - [-0.060229467394712584, 0.32895070785684416, -0.12775320369204332, -0.1409684157119496] - [0.03904623831538572, -0.05332261091419415, -0.037418513790831935, 0.05169519639787261]
A2: [-0.009108637584202488, -0.3468032510264189, 0.2494550280286219, 0.10645661509835709] - [0.08003976337629687, 0.03628218976077403, -0.05025018044896078, -0.06607202826317818] - [-0.04245285932076045, 0.23083184709311974, -0.04053128826334315, -0.14784788305938532] - [0.06813473847852707, -0.29346789658636935, 0.14177119697780202, 0.08356181527010768]
B1: -1.5509844824274259e-09 - 3.7086124380154003e-08 - 2.8385620463754342e-08 - 2.2906474863176825e-08
B2: 1.1947394624650076e-08 - 1.0223472691298803e-08 - 4.3954283776538066e-08 - -5.218167042375413e-08
