Number: 4942
Error: 8.887516439898833e-16
A1: [0.06621322565303533, -0.1139520367207047, -0.023983906343354563, 0.07172291204710556] - [0.03740266176617258, 0.18819341686153054, -0.14740889798113876, -0.07818696137549222] - [-0.06022937955282266, 0.32895079222427587, -0.1277531177350848, -0.14096833021730945] - [0.03904614204063189, -0.05332270229468761, -0.037418606933521274, 0.0516951040114666]
A2: [-0.009108594076966547, -0.3468032048722143, 0.2494550718878733, 0.10645666071316305] - [0.08003982443753405, 0.03628225554115045, -0.05025011371258887, -0.06607196096013665] - [-0.042452790753462435, 0.23083192276804454, -0.04053121478402523, -0.1478478072267642] - [0.06813478093270396, -0.29346784984260255, 0.14177124300214822, 0.0835618628689087]
B1: 2.1816916975537774e-08 - -2.744110470080431e-08 - 8.03614304266105e-09 - 1.3886941604553583e-08
B2: 2.0752382185365735e-08 - 5.174188732917488e-08 - -1.3778936742302293e-08 - -2.6235597038189372e-08
