Number: 6360
Error: 1.1025914126329398e-15
A1: [0.08043172347411591, -0.18046777196540867, -0.019588818230186947, 0.11962501052326974] - [0.03741564200326624, 0.13359644813754276, -0.13472612431234465, -0.036285763122243415] - [-0.001702787479893556, 0.22819014803899645, -0.12282835115847901, -0.10365887869998351] - [0.03886327395588313, -0.1144809791365862, -0.046416401894203166, 0.12203426745512994]
A2: [0.03530746014519711, -0.029273458665809344, -0.0756973337080352, 0.06966342562456443] - [0.10289379752395454, 0.28289674851604324, -0.39260635093553564, 0.006816045066095082] - [-0.011187035826300913, 0.5390146552345365, -0.3594509547596958, -0.16837639695257056] - [0.09786283259277075, 0.017463349831372772, -0.16885097892456832, 0.05352491321663853]
B1: -1.822420150190653e-08 - 4.638140080541253e-09 - -8.51840003037573e-09 - -8.800355821699224e-09
B2: -2.5047806711218174e-09 - -1.1920864452236801e-08 - 7.939364666041056e-09 - -5.841952158289262e-09
