Number: 6366
Error: 9.774744236481954e-16
A1: [0.08043171929533521, -0.18046777614371617, -0.01958882240397105, 0.11962500634496624] - [0.03741562430183504, 0.13359643044950908, -0.13472614197850513, -0.03628578081386912] - [-0.0017027877831319223, 0.2281901477357647, -0.12282835146127322, -0.10365887900314086] - [0.03886325782636404, -0.11448099522083943, -0.046416418013444025, 0.1220342513356356]
A2: [0.03530752206849079, -0.02927339657124216, -0.07569727483218826, 0.0696634904340403] - [0.10289377183720176, 0.2828967226112828, -0.3926063757794215, 0.006816018168302211] - [-0.011187049510766921, 0.5390146414684477, -0.3594509677123336, -0.16837641137237813] - [0.09786284931112353, 0.0174633666257724, -0.16885096300978608, 0.05352493076547505]
B1: 5.3991826760899535e-09 - 9.039386449849262e-10 - -1.3134778035103474e-08 - 3.1900972912886156e-09
B2: 3.793383327674267e-09 - 1.7403673689137273e-09 - 6.833146891705155e-09 - -2.7155156070047602e-09
