Number: 6942
Error: 8.622050979775419e-16
A1: [0.08043167057230789, -0.18046782486122545, -0.01958887106873829, 0.11962495762750366] - [0.03741558673271121, 0.1335963929088184, -0.1347261794727717, -0.03628581836218355] - [-0.00170281083068786, 0.22819012468869584, -0.1228283744750834, -0.10365890204454642] - [0.038863238049508024, -0.11448101494219333, -0.046416437777699125, 0.12203423157106984]
A2: [0.035307468171352704, -0.02927345061745109, -0.07569732607685628, 0.0696634340247986] - [0.10289380154554964, 0.282896752571769, -0.39260634704588815, 0.006816049277277004] - [-0.011187235281013784, 0.5390144545901473, -0.3594511435478879, -0.16837660712501548] - [0.09786280917521706, 0.017463326307299187, -0.1688510012165499, 0.05352488863581524]
B1: 3.8511649531998245e-08 - 1.898904422644002e-09 - -2.8760729206741332e-08 - 1.1157610684460034e-08
B2: -7.809743186991997e-09 - 1.3924457064863948e-08 - 1.5820066501054247e-08 - 5.619198205018645e-09
