Number: 6568
Error: 1.2213390761564938e-15
A1: [0.08043168212266383, -0.18046781331217904, -0.01958885953219584, 0.1196249691765395] - [0.0374155700761616, 0.1335963762648753, -0.13472619609613362, -0.03628583500950595] - [-0.0017027889518915187, 0.22819014656702963, -0.12282835262832188, -0.10365888017158888] - [0.03886320411959703, -0.11448104877688495, -0.046416471685988565, 0.12203419766224778]
A2: [0.0353074308728628, -0.02927348801910516, -0.07569736153978704, 0.06966339498788143] - [0.1028937344545383, 0.2828966849113464, -0.3926064119354377, 0.006815979023179259] - [-0.011187111708969983, 0.5390145788992555, -0.3594510265842581, -0.16837647691282753] - [0.097862795718743, 0.017463312789617123, -0.16885101402624214, 0.05352487451089791]
B1: -1.8124420992038348e-09 - -1.7972323568355e-09 - -2.5035393190340393e-09 - -3.4532052708826622e-09
B2: -2.5390073411866386e-09 - -1.3347850626883696e-08 - 2.591323135216386e-08 - -1.8349285900264107e-08
