Number: 5414
Error: 7.540653004096166e-16
A1: [0.06621317446270324, -0.11395208676704201, -0.023983957493478723, 0.07172286094271473] - [0.03740253189700357, 0.18819329278042984, -0.14740902565240757, -0.07818708905806278] - [-0.06022938766843463, 0.3289507844293982, -0.12775312567644276, -0.14096833811586254] - [0.03904611727389347, -0.053322725802225045, -0.037418630894370614, 0.05169508024514284]
A2: [-0.00910866058728072, -0.34680327542882033, 0.24945500483904556, 0.10645659098099047] - [0.08003980186142436, 0.03628223122029549, -0.050250138386636646, -0.06607198584397825] - [-0.04245292276010962, 0.23083177707784583, -0.040531356247567034, -0.14784795322054478] - [0.06813462009224053, -0.2934680269342472, 0.141771068635712, 0.08356168253799087]
B1: 6.38038035607661e-08 - 4.584778421564454e-08 - 2.9356148785991504e-09 - -1.2239889475046747e-08
B2: -1.5063434133211637e-08 - -2.7569108305633904e-08 - 1.3127605433231964e-07 - -2.555946428421389e-08
