Number: 9704
Error: 1.6799261198241915e-14
A1: [0.05317279316292564, -0.14800102786410954, -0.02699880456632161, 0.12182806512177848] - [0.0053143298405633815, 0.13083730493142848, -0.11360013384207186, -0.022549152492516395] - [-0.014444501590365698, 0.22309159580630045, -0.12704120459108936, -0.08160595802176376] - [0.027146600844565633, -0.10001989728987529, -0.04942436735420862, 0.12229826151012989]
A2: [0.08925432011588806, -0.07291351116823062, -0.12362755880429652, 0.1072862401446542] - [0.10884155489672272, 0.24981400717819302, -0.4048454599910285, 0.04618930325992003] - [0.03663592081337441, 0.4625551083594927, -0.3777174609093023, -0.12147327874300717] - [0.14342629622026115, -0.04460675979209903, -0.20149966922751222, 0.10267972348180404]
B1: 3.5533974067453704e-08 - 8.982774681289088e-08 - 8.579422126229328e-08 - 5.1030123981246294e-08
B2: 5.678086606269629e-10 - -1.646441557432468e-07 - -3.7469745270541085e-08 - 1.3583578457061019e-08
