Number: 357
Error: 3.82403025033712e-10
A1: [-0.012134192745104197, -0.014497444409604886, 0.01810850870201272, 0.008603627226973182] - [0.06587683959811116, 0.18953528249466642, -0.14527955650487093, -0.10996223870167791] - [-0.09623361023128026, 0.4218435633964446, -0.053392802648634274, -0.27196645892728755] - [-0.0012098055377133007, -0.018111825788561117, -0.003716207541180999, 0.023505841321865596]
A2: [0.16159805333016417, -0.1677436617454961, 0.008512434086250084, -0.0023220277850289823] - [0.0355036766831125, 0.20753438430611398, -0.11719254862372773, -0.12577446754317942] - [-0.08622407570959208, 0.5815278027239202, -0.23539897896981762, -0.25994584748990607] - [-0.003844030562885793, -0.004528199183564039, 0.0011012959797468843, 0.007234728958069709]
B1: 3.644859004034477e-06 - 4.4068118465495625e-05 - -4.434923695793061e-06 - 3.9669349162876965e-06
B2: -6.297743457989173e-05 - 1.0778045675964842e-06 - 2.8873512644000993e-05 - 3.775323152034306e-05
