Number: 1919
Error: 4.2967921547524645e-06
A1: [-0.000836325438372639, -0.008548003280323919, 0.009603219781324168, 0.025932788963362177] - [0.06352490307566955, 0.18671760217598016, -0.15013809890235022, -0.11353623548061463] - [-0.1200374258472794, 0.43443695124653225, -0.07866598752368696, -0.2661947469189885] - [-0.029670691764777546, 0.009154237351588889, -0.036498910930488945, 0.03224838769395684]
A2: [0.12440055454707967, -0.23171691652436988, 0.015561061279019035, 0.06313117578634676] - [0.0317666877252472, 0.20289846608675052, -0.11575866960174515, -0.12230391327199619] - [-0.0988109790940086, 0.5514120100657749, -0.23927835633571273, -0.2296459053013177] - [-0.021231401191772362, -0.019710309267451633, 0.007671808572122972, 0.031767426723584014]
B1: -0.0006165609522728261 - 0.002392432753885603 - 0.00015620123572467396 - -0.0014172315482267337
B2: -0.0006379137870153948 - 0.0023210018477120035 - -0.0036923062654273878 - -0.00359123272790596
