Number: 9181
Error: 2.0624959341746664e-07
A1: [0.05449813975983344, -0.146673705012711, -0.025677305849709838, 0.12315933543503071] - [0.006674938579254106, 0.13220753849681574, -0.11224158893193033, -0.021175540120213082] - [-0.01299479752401873, 0.22455707937832234, -0.1255853964214354, -0.0801390882842866] - [0.027856191316342174, -0.09931322052711211, -0.048717295846932594, 0.12301211038006055]
A2: [0.09457397924254524, -0.06761570839312755, -0.11841985964069279, 0.11267699045790976] - [0.10769198909025905, 0.2486607758074107, -0.4059736391090173, 0.04502179125473824] - [0.03615800966375679, 0.4620730456058742, -0.37818461416918153, -0.1219554215459506] - [0.14426697941559616, -0.04376696140787188, -0.20067549906386786, 0.10353451510803843]
B1: 0.0006789362595143787 - -4.308785702471345e-05 - 0.0013752146250957389 - -0.0006336817130870872
B2: 0.0001948761913376333 - 0.00010644598140479561 - 0.0005801427332390964 - -0.00047624215154178144
