Number: 2846
Error: 3.298620143534222e-08
A1: [0.06323092341819679, -0.048074706093310056, -0.023645164824124064, 0.0076534978918297416] - [0.043514106149602896, 0.19112823348399113, -0.14271643356739439, -0.09267416113694123] - [-0.12387425294990856, 0.4144328827579899, -0.10529055847487948, -0.1875032414264981] - [0.036175737203095484, 0.018338124742070423, -0.03395953336659243, -0.02387525314319613]
A2: [0.06281750049687874, -0.17430695166532634, 0.08570037408486021, 0.02334079388955739] - [0.029300403614633232, 0.200309012815254, -0.1016996982879566, -0.1278627437007118] - [-0.09349891903653393, 0.5135944764731283, -0.2256951790708029, -0.1951841569573256] - [-0.026219424751616618, 0.018229961332877145, -0.050579600371389095, 0.056692855409269036]
B1: -0.00020113096375924525 - -2.9337242815527796e-05 - -9.720392897336309e-05 - -5.343211223103635e-05
B2: 0.0001630467673429357 - 8.187610121988658e-05 - 5.2892600539216874e-05 - -5.1285400921030296e-05
