Number: 9472
Error: 1.556424362756188e-14
A1: [0.053173163287921904, -0.1480006576325053, -0.026998434869160974, 0.12182843542233568] - [0.005315238556761946, 0.13083821457953898, -0.11359922527834869, -0.022548242493676676] - [-0.014443312682696365, 0.22309278514021463, -0.12704001663262796, -0.08160476869540766] - [0.02714917510591178, -0.10001732297271898, -0.04942178759913257, 0.12230084238429603]
A2: [0.08925376182647181, -0.07291406814555614, -0.12362810446791296, 0.10728567504255145] - [0.10884268317678097, 0.24981513567162206, -0.4048443540531763, 0.04619045053736567] - [0.03663593805811024, 0.46255512553100525, -0.3777174440702601, -0.12147326130667996] - [0.1434248163930318, -0.0446082341033947, -0.2015011141366347, 0.10267822170276833]
B1: -6.803134740789761e-07 - 7.139471799613357e-07 - 3.630871435228077e-07 - 7.133799554429548e-07
B2: 6.75664147807508e-07 - 3.186566720099149e-07 - 2.9728848269997157e-08 - -2.525660345158952e-07
