Number: 6410
Error: 1.210952720072053e-15
A1: [0.08043169783492865, -0.18046779760169349, -0.019588843838718267, 0.11962498488700991] - [0.03741559485643457, 0.13359640102639317, -0.13472617136523596, -0.03628581024295966] - [-0.0017028082063203192, 0.22819012731301136, -0.12282837185455918, -0.10365889942087907] - [0.03886322806043062, -0.11448102490323844, -0.04641644776041028, 0.12203422158820183]
A2: [0.03530741940753828, -0.029273499516141686, -0.0756973724408645, 0.06966338298816882] - [0.10289375630579128, 0.28289670694805424, -0.39260639080119525, 0.006816001904640195] - [-0.011187086883233187, 0.5390146038730685, -0.35945100308616756, -0.16837645075307142] - [0.09786281337601238, 0.01746333052720383, -0.1688509972176708, 0.05352489304528954]
B1: -3.980177995751579e-09 - 4.687209948662319e-09 - 7.781783767838464e-09 - 6.748419327312319e-10
B2: 6.8042944480945395e-09 - 4.934467906138379e-09 - 3.839162616775982e-09 - -3.356776903947766e-09
