Number: 1985
Error: 0.0003105581981801413
A1: [0.03018690360234958, 0.022965686633806444, 0.0414053290834216, 0.058081862840731954] - [0.09762748230572792, 0.21953325254938716, -0.11461167071919943, -0.07539822751312623] - [-0.09744571309635924, 0.4563942874166923, -0.05566154058418087, -0.24160204201775579] - [-0.05135457313005111, -0.012580450680958592, -0.05823670286594157, 0.010023640642483816]
A2: [0.148874136616606, -0.20863675399554457, 0.038716685568091797, 0.0855573271614771] - [0.04255597657087787, 0.21311802211755887, -0.10526318369702317, -0.11232903934501179] - [-0.0840593010152318, 0.5640425930221848, -0.2256866612576173, -0.21776109447653946] - [-0.010275607621900893, -0.009724248996917376, 0.01804580167925554, 0.04070892339418116]
B1: 0.014866581283401225 - 0.013236572878569507 - 0.018913200428858294 - 0.013899332635441535
B2: 0.006477610720796414 - -0.009055224713490153 - 0.006849179382777942 - -0.0075834637274198756
