Number: 7280
Error: 9.81364026794815e-16
A1: [0.08043168365192152, -0.1804678117830937, -0.019588858004763354, 0.1196249707056233] - [0.03741558660746638, 0.1335963927836718, -0.13472617959776192, -0.03628581848735679] - [-0.0017028225166959418, 0.2281901130029412, -0.12282838614397593, -0.10365891372743116] - [0.03886323015105963, -0.1144810228184769, -0.04641644567111584, 0.12203422367752945]
A2: [0.03530745873762636, -0.029273460077271142, -0.07569733504632742, 0.06966342415137097] - [0.10289371896592335, 0.2828966692912851, -0.3926064269158249, 0.006815962804353953] - [-0.011187111138364243, 0.5390145794732519, -0.35945102604416607, -0.16837647631157002] - [0.09786280806942263, 0.017463325196473922, -0.1688510022691976, 0.05352488747508949]
B1: -5.835962131792929e-10 - -1.583260139377011e-08 - -1.1308582180571792e-08 - -2.8874803765287135e-09
B2: -8.291468018262932e-09 - -8.522675777855249e-09 - -8.206813528618155e-09 - -8.08793204534139e-09
