Number: 1809
Error: 1.4760573073767433e-07
A1: [-0.00818558532527016, -0.015995001523006497, 0.00199870734616931, 0.01840527451120714] - [0.06696040534197985, 0.19001885177549432, -0.14659937576644633, -0.1097125963946869] - [-0.11201263047191003, 0.4423705837961741, -0.0702357126418777, -0.2574734758906649] - [-0.0222635266649862, 0.016467473769998388, -0.028872566643314092, 0.04008705969306429]
A2: [0.13333461645170194, -0.22293041087829552, 0.024400929035188573, 0.07187838412645692] - [0.03241849835153762, 0.20353466502168985, -0.11511345026202441, -0.12167393592390699] - [-0.09476288304511288, 0.5554386912604412, -0.23525194571033584, -0.2256518095949897] - [-0.019964076944347292, -0.018463568167349346, 0.008967640938876888, 0.03299475743840602]
B1: -9.853374259785751e-05 - -0.0005653902626986731 - 0.0009119579551074899 - -0.0003883526763043589
B2: -0.00035942796838876246 - 0.0004297809979719889 - 0.00035697556691129833 - 0.0004638622773118718
