Number: 7439
Error: 1.1006179930817093e-15
A1: [0.08043171104772595, -0.1804677843903983, -0.01958883064172553, 0.1196249980982951] - [0.03741562151602876, 0.13359642766580926, -0.1347261447587594, -0.03628578359813484] - [-0.0017027956341591746, 0.22819013988490158, -0.12282835930080496, -0.10365888685206856] - [0.03886326172221975, -0.1144809913359231, -0.046416414120080414, 0.12203425522906347]
A2: [0.03530734584541662, -0.029273573281711176, -0.07569744238286463, 0.06966330599749772] - [0.10289371931638455, 0.28289666964472654, -0.39260642657686473, 0.006815963171345889] - [-0.011187094680327251, 0.5390145960294567, -0.3594510104662661, -0.16837645896916495] - [0.09786279072483359, 0.017463307772995703, -0.16885101878013167, 0.053524869268930554]
B1: -1.3749945427853333e-08 - 1.1397921463362381e-08 - 2.556286722321879e-08 - 7.936274789459814e-09
B2: 1.3396403302619387e-08 - 9.211482363058217e-09 - 2.9698793221036666e-08 - 1.4015781895355352e-08
