Number: 8979
Error: 0.0009980383552232008
A1: [0.009767214437798506, -0.22936713984784143, -0.07041981547987214, 0.07086736135917704] - [-0.10087728438574274, 0.025654094635703943, -0.22538052248895565, -0.13017254830287012] - [0.009256506515175712, 0.2381873246568872, -0.08731890209372652, -0.06324130120858158] - [-0.06676637536304893, -0.19759925723400812, -0.1407173820508409, 0.028414678881659612]
A2: [-0.20540797106899775, -0.2871578947081109, -0.358869499364058, -0.13365222949819316] - [-0.025425732499640426, 0.12715053366363113, -0.5499650278735732, -0.09064257267278183] - [-0.23579658314568439, 0.2626464485103622, -0.6199198580598443, -0.3549738167313732] - [-0.10604979495504784, -0.23006227694684192, -0.4119943425803187, -0.10967696781777204]
B1: 0.03296665291428094 - -0.019437027070972824 - 0.020720660526223632 - 0.003166052333518998
B2: 0.0050171712825424885 - 0.0070475423936113765 - -0.051670249156982435 - 0.007563951947840545
