Number: 3947
Error: 1.1535292617147016e-15
A1: [0.06621320918235016, -0.11395205282334739, -0.023983922801113444, 0.07172289560407238] - [0.03740259565610785, 0.188193353697815, -0.14740896297242193, -0.07818702637250263] - [-0.06022925089120578, 0.32895091579663754, -0.12775299183444377, -0.1409682049940438] - [0.039046208067619666, -0.05332263962445611, -0.037418543054727145, 0.05169516737162624]
A2: [-0.00910854857377906, -0.34680315660048666, 0.24945511775932913, 0.10645670842073773] - [0.0800398149056108, 0.03628224527248603, -0.05025012413054741, -0.06607197146653157] - [-0.04245279183717742, 0.23083192157201932, -0.04053121594550689, -0.14784780842527817] - [0.06813472458118788, -0.2934679118881062, 0.1417711819118488, 0.08356179968841829]
B1: 1.3605713500264285e-08 - -2.0227852534182976e-08 - 1.5885695600974643e-08 - -8.235320363720246e-09
B2: 8.658854584279469e-09 - -2.2379812910671567e-08 - -3.6476060812626913e-08 - 3.5847806121195964e-08
