Number: 8402
Error: 1.1043845387562764e-15
A1: [0.08043166035144778, -0.18046783508093311, -0.01958888127742227, 0.11962494740779414] - [0.03741560795570529, 0.13359641411576323, -0.13472615829193066, -0.036285797150874086] - [-0.0017028344027043274, 0.2281901011171821, -0.12282839801258601, -0.10365892561025941] - [0.03886320098799789, -0.11448105189968007, -0.04641647481559829, 0.12203419453260218]
A2: [0.03530748789794588, -0.029273430836258343, -0.0756973073209347, 0.0696634546706839] - [0.10289377127991017, 0.2828967220492907, -0.39260637631835876, 0.0068160175846788485] - [-0.011187094736265503, 0.5390145959731303, -0.35945101051920825, -0.168376459028131] - [0.09786277574580357, 0.017463292725798874, -0.16885103303924057, 0.05352485354585679]
B1: 2.7898164949146262e-08 - -9.234221094202054e-09 - 3.628386802792805e-09 - 2.2587409718531637e-10
B2: -6.961053053319519e-09 - 3.092923552775575e-08 - 1.1252923062825407e-08 - -1.0344794561720071e-08
