Number: 1868
Error: 3.3755110470895126e-07
A1: [-0.006992694664250683, -0.01476774091416048, 0.0032407836784794446, 0.01964878725031665] - [0.06814271619059567, 0.1911550327143517, -0.14537146858090438, -0.10839869101707382] - [-0.10905640814653711, 0.4452594957199382, -0.06716993325092625, -0.2542782437131911] - [-0.020696862538784215, 0.01800058149897626, -0.027279710847814505, 0.04173518230056306]
A2: [0.13092329980153244, -0.2253283372555729, 0.0219839324274964, 0.06948607297161428] - [0.03183122776414801, 0.20296081220420534, -0.11569736477300253, -0.1222452253435236] - [-0.09470453970372313, 0.5554594461897445, -0.23523545313046895, -0.22562642844502107] - [-0.0199646959210438, -0.018468607294876746, 0.008929453579710181, 0.032973397009982926]
B1: -6.832506255416144e-05 - 0.001495924804261943 - -0.0003787802672598295 - 0.0004457679621751138
B2: 0.0002635793810040212 - -0.000281866211167244 - -0.00033823428793088256 - -6.751688473924515e-05
