Number: 3413
Error: 1.887580494331686e-08
A1: [0.06748964152220897, -0.11270480286440379, -0.022709700219318674, 0.07299729596295763] - [0.037703680321614606, 0.18848075321449087, -0.14711305652863554, -0.07789066580777769] - [-0.062219832399997364, 0.32703524267676365, -0.1297048213304651, -0.14291305139065313] - [0.03834597714511032, -0.05398482695844412, -0.03809479722598887, 0.051021303249040084]
A2: [-0.007776768313265228, -0.3453902022030899, 0.25079525476675046, 0.1078552790027752] - [0.08077197215265357, 0.037070496200823026, -0.04945317844973332, -0.06526830684869947] - [-0.04181893093807332, 0.2315307419561836, -0.03985566833322006, -0.14714939441126326] - [0.06850612495711338, -0.29305828946095097, 0.1421791612112167, 0.08398274567657986]
B1: 0.0002646276677934938 - -0.0007143796165189 - -0.00011473119965774431 - 0.00023173094091715252
B2: 2.361404889905101e-05 - 0.0001935502821407042 - 0.00014883023857074822 - -0.0004294070876413276
