Number: 2455
Error: 4.400906868582245e-07
A1: [0.07097635209592329, -0.040407491061684786, -0.015912363019491373, 0.015375097652826923] - [0.04523355041890552, 0.19276789566265679, -0.1409888060617637, -0.09081826864949265] - [-0.11613233850466102, 0.4221124806503269, -0.09756636722967044, -0.17983828410317163] - [0.0396710091493793, 0.021861518909410804, -0.030469846375515617, -0.02043464276909116]
A2: [0.0626062453357013, -0.17457074515501872, 0.08547915762143152, 0.023170209638851684] - [0.027776351339007646, 0.19879231387075885, -0.10323435909988848, -0.12937021124526477] - [-0.0971650187060767, 0.5101162734654563, -0.22927184186448646, -0.1986237599587251] - [-0.0288709502617183, 0.015674423442773873, -0.053137870574600135, 0.05422308511576241]
B1: -0.0008658515001108197 - -0.0006937224798688456 - 3.675215481180121e-05 - -0.00015367150972279536
B2: 0.000540329447295944 - -0.00010644450575285051 - 0.00028421195572354916 - -0.0007638177553011624
