Number: 5486
Error: 8.744762939155404e-14
A1: [0.06621249475796746, -0.11395275128370684, -0.023984636665716527, 0.07172218237810661] - [0.037402524917582766, 0.18819328611201933, -0.14740903251309104, -0.07818709591906788] - [-0.060229174838217915, 0.32895098883839946, -0.12775291741422481, -0.1409681309733073] - [0.039045020906887086, -0.05332376644080083, -0.03741969160926125, 0.051694028142915356]
A2: [-0.009108005598275631, -0.34680258058916597, 0.24945566512725592, 0.10645727769291138] - [0.08004133870731749, 0.03628388684094434, -0.05024845870253471, -0.06607029190080947] - [-0.0424524594400267, 0.23083228842238954, -0.04053085973734109, -0.14784744080361673] - [0.06813518394528295, -0.2934674061124237, 0.14177167990392095, 0.08356231472293957]
B1: -1.591838272665074e-08 - 1.3911318431305124e-07 - -1.1659783641468145e-07 - -1.4967539593453598e-07
B2: 4.873023019334407e-07 - 2.2187330959182642e-07 - 3.1018995348148676e-07 - -7.144286654582933e-08
