Number: 9908
Error: 1.2559712909825814e-15
A1: [0.05317248045202232, -0.14800134068963192, -0.026999116932126394, 0.12182775226022781] - [0.005313686593526044, 0.13083666101033262, -0.11360077699065493, -0.022549796646416716] - [-0.014444545951738774, 0.2230915514289982, -0.12704124891705126, -0.08160600239885754] - [0.027146370398990212, -0.1000201277348282, -0.049424598285521, 0.12229803047908178]
A2: [0.08925445055785998, -0.07291338102743343, -0.12362743130134697, 0.1072863721949321] - [0.10884171961944666, 0.24981417193012886, -0.4048452985309855, 0.04618947075416207] - [0.03663588311808722, 0.4625550708601615, -0.37771749768661234, -0.12147331682929992] - [0.14342643924248455, -0.04460661730220928, -0.20149952957874367, 0.10267986862588184]
B1: -1.5843871480732823e-08 - -1.686075481677111e-08 - -1.9882058318222732e-08 - -2.296619970336691e-08
B2: 1.4010858674849559e-09 - 2.7541092730230324e-09 - -7.32704961433764e-09 - -4.3784889010934996e-09
