Number: 6247
Error: 1.072927571177023e-15
A1: [0.08043165610484011, -0.18046783932705196, -0.019588885518908736, 0.11962494316169003] - [0.037415558194052685, 0.13359636439176348, -0.13472620795456697, -0.03628584688502981] - [-0.00170283043967883, 0.2281901050801298, -0.12282839405536525, -0.10365892164830148] - [0.038863214082046425, -0.11448103884239079, -0.046416461729888475, 0.12203420761850807]
A2: [0.035307432924671193, -0.029273485961624192, -0.07569735958894784, 0.06966339713531836] - [0.10289372074735836, 0.2828966710878313, -0.392606425192839, 0.006815964669747726] - [-0.01118714461587734, 0.5390145457960716, -0.35945105773133756, -0.16837651158801878] - [0.09786279021070124, 0.01746330725652006, -0.16885101926953452, 0.05352486872923809]
B1: 4.7809464118994474e-09 - -8.687637951967081e-09 - -2.2388041441542454e-09 - -5.069273517103241e-09
B2: -8.97165014546304e-09 - -7.664905700095047e-09 - 5.903107956627806e-09 - -3.4654494119221946e-10
