Number: 9164
Error: 5.423534937560816e-07
A1: [0.04796296487619437, -0.15321805735855218, -0.03223244854487763, 0.11663302318246967] - [0.0057105618088906344, 0.1312226069174468, -0.11324249441804575, -0.022153440751201438] - [-0.017446892989152828, 0.220106746254068, -0.130043245931091, -0.08457447499436042] - [0.02469623961769916, -0.10247291538452881, -0.051896343934118135, 0.11985616193469686]
A2: [0.08676029231308713, -0.07543669326827161, -0.12604980714550393, 0.1047643853302464] - [0.10766556058350008, 0.24863562870021738, -0.4060017971042319, 0.0449946600369826] - [0.033639216486397776, 0.45956339492089887, -0.3806552759639322, -0.12451205410426455] - [0.14416013785840429, -0.043860599299478366, -0.20077591112423573, 0.10343307669943147]
B1: -0.0013045064088718355 - -0.00033702542027527337 - -0.00024543921559112706 - -0.00036555802482047444
B2: 0.0009165561469353912 - -0.0018613515192982585 - -0.0001860413811905674 - 0.00016348021343126217
