Number: 38
Error: 0.0014658431089291724
A1: [-0.0802032759712694, -0.08852214408002029, -0.05643794837057227, -0.05673578631233657] - [0.11556035554240497, 0.2458225628902268, -0.10184370058666634, -0.08338054409186318] - [-0.23130902589263655, 0.2848120549737306, -0.1978608705556589, -0.40790851123674565] - [-0.035496186825945575, -0.04864376680580017, -0.039390040794904865, -0.013390664312376507]
A2: [0.4218772526472696, 0.08963099504157478, 0.25999204357833866, 0.2510102790450179] - [0.13932787035848151, 0.3071606404312471, -0.02081576280558208, -0.029841022532871523] - [0.20627952604778516, 0.8737242297069346, 0.04749283931636884, 0.026903146215627564] - [0.5231504986586475, 0.5229844253855915, 0.52210937968754, 0.5138431089873025]
B1: 0.05851061478758485 - 0.4603102237799259 - -0.030535823042870572 - -0.046458990404780916
B2: -0.008599793885794968 - 0.44421585741768 - -0.05534489837439854 - -0.04539948914678314
