Number: 7761
Error: 8.080254419973978e-16
A1: [0.08043169765897916, -0.180467797777631, -0.019588844014450418, 0.11962498471108418] - [0.037415551939819346, 0.1335963581422545, -0.13472621419632363, -0.0362858531357979] - [-0.0017028190830784074, 0.22819011643648054, -0.12282838271538482, -0.10365891029472712] - [0.038863238507378266, -0.11448101448561851, -0.04641643732011611, 0.12203423202865668]
A2: [0.03530743802366599, -0.02927348084851355, -0.07569735474090061, 0.06966340247197353] - [0.1028937149632282, 0.28289666525462676, -0.39260643078718477, 0.006815958612963152] - [-0.011187090259302814, 0.5390146004768479, -0.3594510062816534, -0.1683764543105938] - [0.09786280984724116, 0.01746332698238218, -0.16885100057681837, 0.05352488934121414]
B1: -1.3366830292131346e-08 - -2.7793215615958606e-08 - -1.1809363716118983e-08 - -1.2599686114101134e-08
B2: -2.9346079425202154e-08 - 5.388017512048591e-09 - -3.094409505159454e-08 - -2.3937596438875394e-08
