Number: 9300
Error: 6.108410754396643e-10
A1: [0.053043310362736774, -0.14813055650339366, -0.027128118627509957, 0.12169852117627052] - [0.005241731348153525, 0.13076464746179392, -0.11367267972530279, -0.022621832450819716] - [-0.014648232652968945, 0.22288779165032566, -0.12724475507860172, -0.08180975798810096] - [0.02707556075126376, -0.10009092931690565, -0.0494955189871368, 0.12222705310821715]
A2: [0.08920718694443452, -0.07296047996519495, -0.12367364706160239, 0.10723854167454658] - [0.10879484441313625, 0.24976732511678212, -0.4048912577566191, 0.046141815889809916] - [0.03665632525105101, 0.462575424823258, -0.3776975558324201, -0.12145266549356136] - [0.14339975091952356, -0.04463321745335315, -0.20152558566633327, 0.10265276723261867]
B1: -1.778222514236314e-05 - -3.269283466481698e-05 - 8.664111776603537e-07 - -9.458371171893896e-06
B2: -2.8659877145267367e-05 - -3.707607587759646e-05 - -7.566248799241585e-06 - -2.637702780146496e-05
