Number: 2416
Error: 6.836455339267216e-06
A1: [0.0767581588979646, -0.035134980055092, -0.010708031604259729, 0.020725048424868355] - [0.0336052933254219, 0.1814457488425516, -0.1531467733478869, -0.10353789030650443] - [-0.13859850877990423, 0.40016924487970557, -0.12028639203209626, -0.2022145312861263] - [0.029101439556122807, 0.011663897018774835, -0.040916936116222095, -0.030680557946133846]
A2: [0.048810073148123925, -0.1880045094494516, 0.07223176412185901, 0.00994122699670338] - [0.026776112382650024, 0.19784486748705074, -0.10427794381277027, -0.13040225111776288] - [-0.0899868249438859, 0.5174582510995037, -0.2213493573752187, -0.19125578283690156] - [-0.02665813478603253, 0.017909029077530007, -0.05041844018713791, 0.05644494939547215]
B1: 1.4297758201688203e-05 - -0.0023461483773790084 - -0.004845853943658821 - -0.0004413173380093357
B2: -0.006245835588718714 - -0.002342228334278407 - 0.004064360807189412 - -0.000647783041869452
