Number: 762
Error: 6.432445736439008e-15
A1: [-0.01215324749653994, -0.014517019792011308, 0.018087445147319445, 0.008583253726285819] - [0.0658358155682494, 0.18949581897505183, -0.14532197043841638, -0.11000791481813647] - [-0.09629298724908505, 0.42178617378571204, -0.05345723908285664, -0.2720356331126285] - [-0.0013216773206749409, -0.018219415160775975, -0.0038352992196986225, 0.02337653892119698]
A2: [0.16158632481477192, -0.16775516180480143, 0.008500945877879407, -0.00233345552984685] - [0.03548564358895583, 0.207516643120913, -0.11721050381823508, -0.1257921077498383] - [-0.08621385346189873, 0.5815378193245087, -0.23538902709044535, -0.25993586927789464] - [-0.0038352416243770853, -0.004519559571649747, 0.0011099853618619841, 0.0072431303123790935]
B1: -3.6481610502675663e-09 - -6.112050424722498e-08 - -1.5783050606928437e-07 - 6.095337984530748e-08
B2: -3.460410716007875e-07 - 9.127906289129893e-08 - -6.271292449580151e-07 - 4.4141502092996243e-07
