Number: 101
Error: 0.0004121584555063504
A1: [-0.030134557693975356, -0.03319907043453255, -0.0013902425079441866, -0.010850872026080111] - [0.08707391607526783, 0.21165521436879534, -0.12558629368234114, -0.08967731489588467] - [-0.12176647982166462, 0.3993198526367362, -0.08081773061459731, -0.30268450718367856] - [-0.026259178980449764, -0.03973942100686332, -0.02962152512629892, -0.006318613275929183]
A2: [0.25169444296372095, -0.08002421783576831, 0.0967214948439894, 0.08505707743757551] - [0.07968669658138937, 0.24851632773098, -0.07628364329467269, -0.08543268171425858] - [0.0032134006352807012, 0.6701229066606953, -0.1486072653860588, -0.1733022084356404] - [0.13897540980294304, 0.13857786649423434, 0.1428855021035345, 0.14404233113038775]
B1: 0.01450867129222445 - 0.30338977155738195 - 0.013975075012954221 - -0.005362086267629839
B2: 0.003637490435558475 - 0.28736733003290754 - 0.0027315776632464307 - 0.0035257252634522448
