Number: 7453
Error: 9.552658359275496e-16
A1: [0.08043172637998124, -0.18046776905988007, -0.019588815327803905, 0.11962501342879858] - [0.03741563298875651, 0.13359643912985328, -0.13472613330889197, -0.03628577213176285] - [-0.0017027805024639139, 0.22819015501627418, -0.12282834419126497, -0.1036588717244117] - [0.03886327408364845, -0.11448097900918555, -0.04641640176652922, 0.12203426758280891]
A2: [0.03530736922895085, -0.02927354983350226, -0.07569742015008372, 0.06966333047088782] - [0.10289376162315775, 0.2828967123105582, -0.39260638565829414, 0.006816007472700798] - [-0.011187009413140844, 0.539014681805219, -0.3594509297589667, -0.1683763691202113] - [0.09786283313573793, 0.017463350376810256, -0.16885097840767205, 0.053524913786546995]
B1: -3.057438275864547e-08 - 8.617798177823374e-09 - 2.4287515948757528e-08 - 6.941944211692253e-09
B2: -1.5632695099722682e-09 - -6.951033468436629e-10 - 4.951717184087008e-09 - -5.435292002189401e-10
