Number: 5192
Error: 5.198964255664304e-16
A1: [0.06621317480154809, -0.11395208643586055, -0.023983957154961186, 0.0717228612809304] - [0.037402631329741275, 0.18819338778161257, -0.14740892790245638, -0.07818699129946174] - [-0.06022946616035981, 0.328950709042246, -0.12775320248420818, -0.1409684145105654] - [0.039046211948748015, -0.05332263594040842, -0.03741853929969925, 0.051695171096112914]
A2: [-0.009108699522489622, -0.34680331673303755, 0.24945496558905614, 0.10645655015963493] - [0.08003982076013913, 0.03628225157955133, -0.0502501177317294, -0.06607196501344224] - [-0.04245284678854357, 0.23083186092440203, -0.040531274833389384, -0.14784786919923643] - [0.06813471834917022, -0.2934679187495961, 0.1417711751556037, 0.08356179270152436]
B1: -6.498845016113921e-09 - -4.130331887049655e-08 - -2.3949643034328768e-08 - -1.7266896705324737e-08
B2: -1.3572480363235974e-09 - -7.095842024281223e-08 - 2.396431094777619e-08 - -1.803627042094595e-08
