Number: 726
Error: 2.4925811133964398e-14
A1: [-0.012152539401432067, -0.01451629250656763, 0.018088227806633734, 0.008584010406592056] - [0.06583533453434162, 0.1894953562406415, -0.14532246778562571, -0.11000845040153133] - [-0.09629225277662792, 0.42178688364078176, -0.05345644209275437, -0.27203477741923954] - [-0.0013207128838419399, -0.018218487645562574, -0.003834272606337114, 0.023377653647874475]
A2: [0.16158649226746918, -0.16775499750484646, 0.008501109955395998, -0.0023332922881125423] - [0.035485725062028455, 0.20751672328489743, -0.11721042268636817, -0.12579202804837408] - [-0.08621372147538861, 0.5815379486069362, -0.23538889866156304, -0.2599357405729146] - [-0.0038342975677110517, -0.004518631210761292, 0.0011109197505591415, 0.00724403351907524]
B1: -8.532618331183655e-08 - -1.0533664126003624e-07 - -2.895268352993143e-07 - -4.2293991298502995e-08
B2: -1.2875299872005835e-07 - -3.663904190647465e-07 - -1.0170269596910019e-07 - -1.8495696930104366e-07
