Number: 2277
Error: 0.00016808726967807157
A1: [0.0636623743031838, -0.04009160345870105, -0.01722614498021012, 0.011304947924725134] - [0.020952071728855992, 0.1631771495060871, -0.17899540687637883, -0.1278799677313333] - [-0.15211211490307774, 0.39852140906734956, -0.12487010616386583, -0.20385500980855303] - [0.028091836493424813, 0.024066276017729826, -0.025215584746382948, -0.023334918805426257]
A2: [0.06342673222216816, -0.17919374696115611, 0.09242758119950491, 0.023478859274240163] - [-0.00883133790339322, 0.16374343252792561, -0.13759231361158714, -0.16528578147015338] - [-0.26564433036534185, 0.35931803611001834, -0.38772364312362073, -0.3611478866709642] - [-0.12843670576937571, -0.07085201519129108, -0.1501969068443403, -0.040683142749813904]
B1: 0.015645570210968122 - 0.0037480090565897655 - 0.030621361800569888 - -0.03358231224076717
B2: 0.012439160626315966 - 0.01576941810459492 - 0.008163745929311583 - 0.008089491488896991
