Number: 908
Error: 1.1208861402187368e-09
A1: [-0.012115442634968996, -0.01447834030490993, 0.018129186371280318, 0.008623551768817673] - [0.06581641803783637, 0.18947715432236537, -0.14534202271361146, -0.11002951138051709] - [-0.09617857020224667, 0.42189667709017104, -0.053333108652801435, -0.2719023890830254] - [-0.001432101013120056, -0.018325529301004406, -0.003952830263997191, 0.023249026918464238]
A2: [0.16151787206338408, -0.16782214803248982, 0.008434001285197376, -0.002399959617064053] - [0.0355796020852734, 0.20760909202460856, -0.11711693301435863, -0.12570019325087572] - [-0.08626545357987883, 0.5814874263355996, -0.23543912781617016, -0.25998601649667524] - [-0.003810276391490831, -0.004494959404570403, 0.001134735493704012, 0.007267042988140808]
B1: -7.489685510928032e-05 - 1.1289980953207193e-05 - -5.10630165257944e-05 - -6.350846686179232e-07
B2: -2.219971008928049e-05 - -0.00019271263856274456 - 2.5583452567095926e-05 - 0.0001390616341289581
