Number: 5389
Error: 9.218753585633965e-16
A1: [0.06621321359821143, -0.1139520485061044, -0.02398391838870025, 0.07172290001251966] - [0.03740266621085865, 0.18819342110827475, -0.14740889361155576, -0.07818695700553044] - [-0.06022923084906204, 0.32895093504603745, -0.1277529722221884, -0.14096818548696433] - [0.03904616530679947, -0.05332268021115806, -0.03741858442410942, 0.0516951263380791]
A2: [-0.009108743271619155, -0.34680336314370963, 0.2494549214857782, 0.10645650429122959] - [0.08003969814866474, 0.03628211949207704, -0.050250251738677795, -0.06607210015838991] - [-0.04245284125355862, 0.2308318670331343, -0.040531268902093076, -0.1478478630777812] - [0.06813480249710056, -0.29346782609944033, 0.14177126637956108, 0.08356188704643493]
B1: -9.62058795298566e-09 - -9.259236527374615e-08 - 1.6084498921795014e-08 - 2.0236488687574052e-08
B2: -1.6062631155873138e-08 - 1.584683326923881e-08 - -7.990207995536883e-09 - -2.8581318903620633e-08
