Number: 6070
Error: 7.487655916520534e-15
A1: [0.08043303003767073, -0.18046646555007206, -0.019587513229051966, 0.11962631693741604] - [0.037417063631422096, 0.13359786868925147, -0.13472470551728638, -0.03628434228200752] - [-0.0017020124131464829, 0.22819092308956684, -0.12282757722625297, -0.10365810383981737] - [0.03886424090211937, -0.11448001490390818, -0.046415435564028544, 0.12203523380046949]
A2: [0.03530697082512741, -0.02927394933955574, -0.07569779894572981, 0.06966291349813927] - [0.10289315027574032, 0.2828960957744086, -0.39260697694476443, 0.00681536730244009] - [-0.011187830749307199, 0.5390138555701407, -0.35945170717021335, -0.16837723459110043] - [0.09786198166122977, 0.01746249502917342, -0.16885178895524786, 0.05352402001510339]
B1: 9.707617075059688e-09 - 1.0696115226771466e-07 - -5.610356871348129e-08 - 5.068823909808342e-08
B2: 1.8096231711214288e-08 - 1.2645824177846315e-07 - -7.083997976532618e-08 - -1.855392696860296e-07
