Number: 2314
Error: 8.231901411673425e-05
A1: [0.02503497942356956, -0.08799683527476783, -0.06757996107000089, -0.030879584148388886] - [0.00949490287105479, 0.1584744164084482, -0.17773204590493893, -0.1286547977128772] - [-0.15984656108338366, 0.3818046271526085, -0.13982683377367153, -0.2196486961559558] - [0.00803149382669154, -0.006427976385142003, -0.0582800495046389, -0.04826220326896656]
A2: [0.09649795849750241, -0.14085110596347264, 0.12222427000220266, 0.05760517927956037] - [0.04781289970458395, 0.21757986539363103, -0.0834506560720817, -0.11008776094020097] - [-0.07939070054343884, 0.5233869657720727, -0.2129884005191994, -0.18442224481668984] - [0.04815395057637399, 0.09139953686017945, 0.024627142741886515, 0.12999534727312612]
B1: -0.022941290730943545 - 0.01773151160855372 - 0.003437773022909046 - -0.013919319439401147
B2: -0.009347317514837765 - 0.015117645221339567 - -0.009466266276592172 - -0.00824990937067019
