Number: 2220
Error: 0.00036385637291324685
A1: [0.003036976783288715, -0.09240724485226774, -0.06435369846334318, -0.025952302483936006] - [0.035121635927703565, 0.16900663875377636, -0.17472227544111713, -0.12773568914035943] - [-0.19659967512653642, 0.35283759716784374, -0.16562971241793173, -0.2534363900474473] - [-0.02369408318045472, -0.018276532901923288, -0.06168417773137153, -0.06038684410188908]
A2: [-0.009633413914580027, -0.2971571924286484, -0.0033550892988788855, -0.05580597230203033] - [0.058408964415403664, 0.22597764712598656, -0.0719906525082651, -0.10220136649655577] - [-0.08005250761232269, 0.5463425836577009, -0.19587257137292943, -0.18382222155699987] - [0.0689439155665264, 0.14502486059328257, 0.0629089589669427, 0.163200197379698]
B1: -0.044873291872139974 - -0.037638288431393864 - 0.008752491552827186 - 0.02405429714953012
B2: -0.019071859371938553 - 0.016848253793228858 - -0.0006249799184950356 - -0.016738800293933816
