Number: 1105
Error: 7.395993106259782e-06
A1: [-0.009707399087573098, -0.017482759032336065, 0.00047119009529081123, 0.016757701387198894] - [0.06222054941368397, 0.18539865202966493, -0.15153877271575864, -0.11493361363597761] - [-0.11061534720921119, 0.44387691342309243, -0.06870063220511487, -0.2562212558571214] - [-0.024299718579766882, 0.01444962964695869, -0.030637312998852338, 0.03791953411280377]
A2: [0.12764724617915402, -0.22848853685348922, 0.01888041067850369, 0.06625530522988267] - [0.012789185515383208, 0.18426284486666605, -0.1346267455401166, -0.14094217556652597] - [-0.09084274982325992, 0.5593718972246522, -0.2314255189579388, -0.22203974005894223] - [-0.020202674578403003, -0.018786569323906693, 0.008993573523588125, 0.03257142446677396]
B1: -0.0022575242209364743 - -0.0034200024813689925 - 0.00038041156728630874 - -0.0007900362995679727
B2: 0.0007017566241749677 - -0.005834703411524101 - 0.005602924365361561 - -0.0007656860680107917
