Number: 7569
Error: 1.40242852445125e-15
A1: [0.08043172081939491, -0.18046777461983834, -0.019588820881742786, 0.11962500786884538] - [0.037415610286511976, 0.13359641644478984, -0.1347261559659019, -0.03628579482143269] - [-0.0017027661424578254, 0.22819016937597164, -0.12282832985228666, -0.10365885736824094] - [0.038863254872689615, -0.114480998166233, -0.04641642096524743, 0.12203424838378828]
A2: [0.035307418492717874, -0.029273500433480343, -0.07569737331069283, 0.06966338203073266] - [0.1028937233666277, 0.28289667372934546, -0.392606422659523, 0.006815967412542818] - [-0.01118711633780218, 0.5390145742428059, -0.3594510309655543, -0.16837648179038284] - [0.09786278822324757, 0.017463305260031703, -0.16885102116148276, 0.053524866643083736]
B1: 4.405907940264411e-09 - 3.592344541205887e-09 - 1.1343122495079025e-08 - 8.688528553266087e-09
B2: 2.077927175847592e-09 - -6.39887288333694e-09 - 1.5352489234935405e-08 - -6.098942822374642e-09
