Number: 8537
Error: 9.540100785191506e-16
A1: [0.08043170941241588, -0.18046778602549332, -0.019588832275089764, 0.11962499646318762] - [0.03741560479012497, 0.13359641095263516, -0.13472616145110897, -0.03628580031464825] - [-0.0017027686177538976, 0.22819016690071645, -0.12282833232396063, -0.10365885984287217] - [0.03886326357184134, -0.11448098949140852, -0.046416412271609586, 0.12203425707759641]
A2: [0.035307502836655326, -0.029273415856249554, -0.07569729311735521, 0.06966347030556784] - [0.10289377149544433, 0.2828967222666543, -0.3926063761098799, 0.006816017810352669] - [-0.011187088301009125, 0.5390146024468107, -0.3594510044281104, -0.1683764522470519] - [0.0978628642643258, 0.01746338164694579, -0.16885094877513676, 0.05352494646125676]
B1: 3.875446618635344e-09 - -1.0693290127815285e-08 - 1.1065798506177039e-08 - -5.7217924957005814e-09
B2: 2.827805793542856e-08 - -1.04437074340126e-08 - 1.8530184530050812e-09 - 2.4744277020673588e-08
