Number: 322
Error: 2.2979492820254775e-09
A1: [-0.012326366730579871, -0.014694839739532896, 0.01789611767718412, 0.008398293299147434] - [0.06582794348584943, 0.1894882408115155, -0.14533011618814926, -0.11001668663849799] - [-0.09656831414475112, 0.42152010168031134, -0.05375597881030796, -0.27235641794115734] - [-0.0016787061242286416, -0.018562756568331538, -0.004215328069921609, 0.02296385073374089]
A2: [0.16149234673957713, -0.16784739303988255, 0.008408850518388052, -0.0024250860383813098] - [0.03542089477628906, 0.20745293512146784, -0.11727498217741485, -0.12585544150939287] - [-0.08640021383109853, 0.5813552683244574, -0.23557036439179954, -0.2601176003689852] - [-0.003913813783734559, -0.004596799247117162, 0.0010322643277089582, 0.007168003062979469]
B1: -5.285507587929297e-05 - -0.0002616834800417164 - -7.358218186920183e-05 - -3.9504541607107876e-05
B2: -3.119485956277737e-05 - -0.0005023382715307674 - 1.190879317751911e-05 - 4.688797856394567e-05
