Number: 9973
Error: 9.86214358553655e-16
A1: [0.05317251101925682, -0.14800131011113257, -0.02699908639853713, 0.12182778284225433] - [0.005313740043589131, 0.13083671451646667, -0.11360072354866975, -0.022549743120969225] - [-0.014444576718047634, 0.22309152065145138, -0.12704127965896073, -0.08160603317609608] - [0.027146485419625718, -0.10002001271454326, -0.049424483022427475, 0.12229814579186311]
A2: [0.08925445249302578, -0.07291337909675216, -0.1236274294098103, 0.10728637415377174] - [0.1088416598133775, 0.24981411211351107, -0.4048453571524953, 0.0461894099418249] - [0.03663582955213193, 0.46255501757293616, -0.37771754994824586, -0.12147337095082163] - [0.14342643868926164, -0.04460661785334431, -0.20149953011893998, 0.10267986806444401]
B1: -1.517573878966469e-08 - 9.35157985741755e-09 - 3.888476618261305e-09 - -1.4921109506297146e-08
B2: -4.737641615705133e-09 - -1.3008250024647059e-08 - 1.7076079265169457e-08 - -2.7996085105814342e-08
