Number: 5058
Error: 9.423398111783425e-16
A1: [0.06621323659435942, -0.11395202602387391, -0.023983895410614648, 0.07172292297006938] - [0.03740262492559643, 0.18819338166285726, -0.1474089341982445, -0.07818699759580366] - [-0.06022950604885353, 0.328950670731632, -0.12775324151674103, -0.14096845333321206] - [0.03904624440731025, -0.05332260513196108, -0.03741850789708542, 0.05169520224376398]
A2: [-0.009108645347271516, -0.3468032592618323, 0.24945502020274396, 0.10645660695919411] - [0.08003984493635383, 0.03628227762423448, -0.05025009130856485, -0.06607193836588185] - [-0.04245280068210337, 0.23083191181019624, -0.040531225423953834, -0.1478478182074421] - [0.06813477340313993, -0.2934678581329576, 0.1417712348393744, 0.08356185442690903]
B1: -5.676512147436331e-09 - 2.831718214003706e-09 - 5.775026619697247e-09 - 7.002311905920394e-09
B2: 2.3216885894653254e-08 - -1.8067738611193292e-09 - 3.5657486719338656e-08 - -2.203309375237236e-08
