Number: 3298
Error: 1.4345518545142149e-05
A1: [0.07936284213862581, -0.10122357636864397, -0.011456328715944607, 0.08434897136721123] - [0.04926806465337082, 0.19872723482201254, -0.13550056303770633, -0.06624397976390176] - [-0.05455858152058034, 0.33488872053477137, -0.12192124696149423, -0.1352289954282558] - [0.05445422289111276, -0.03881056566426549, -0.022795097735061658, 0.06628090250536178]
A2: [-0.02301429707586777, -0.3623208422990334, 0.23578178671398242, 0.09173674501806657] - [0.10155312719740793, 0.059691484743035955, -0.026971910632195017, -0.042608819531647545] - [-0.05652873774090687, 0.21335836492143637, -0.05655676475691437, -0.16431112281520652] - [0.049826142958739474, -0.31529154260800396, 0.12117225010270478, 0.06225776435447269]
B1: -0.005182849796659177 - -0.0038095532341636683 - 0.003065480710481337 - 0.005830927275313346
B2: 0.006658476441954967 - -0.014772506726356584 - 0.0005089532377911354 - 0.00042259484678090547
