Number: 9941
Error: 8.657365462419751e-16
A1: [0.05317246914298232, -0.148001352002805, -0.026999128228665323, 0.12182774094577394] - [0.005313704905576251, 0.13083667934160392, -0.11360075868136174, -0.02254977830853281] - [-0.014444624793108273, 0.22309147255877135, -0.12704132769598503, -0.08160608126833824] - [0.027146570040704105, -0.10001992809359872, -0.04942439822284975, 0.12229823062799021]
A2: [0.08925452628696717, -0.0729133054734558, -0.1236273572784778, 0.10728644885760596] - [0.1088417543827577, 0.249814206699573, -0.40484526445622526, 0.04618950610235293] - [0.036635870363328625, 0.46255505817177556, -0.37771751013079014, -0.1214733297163694] - [0.14342632458365787, -0.04460673153396706, -0.20149964153317496, 0.10267975226591415]
B1: 7.880303773979114e-09 - 1.4953372778037122e-08 - 1.4193553762242642e-08 - 4.361595889952594e-08
B2: -2.706790926718605e-09 - -7.258587772984087e-09 - 3.355266398280143e-08 - 3.9360885541320477e-08
