Number: 6390
Error: 8.568055530928479e-16
A1: [0.0804316958585646, -0.18046779957783346, -0.01958884581271897, 0.11962498291087169] - [0.03741557973486807, 0.13359638591627182, -0.134726186456672, -0.03628582535614947] - [-0.0017027999118491809, 0.22819013560730567, -0.12282836357223245, -0.10365889112862152] - [0.03886322889175329, -0.11448102407424873, -0.04641644692961731, 0.12203422241900788]
A2: [0.035307454208279285, -0.02927346461914618, -0.0756973393527801, 0.06966341941093591] - [0.10289375009976467, 0.2828967006893564, -0.3926063968035818, 0.006815995406021477] - [-0.011187062334774312, 0.5390146285679498, -0.3594509798505289, -0.16837642488549007] - [0.09786281568812605, 0.01746333284983467, -0.1688509950166892, 0.05352489547225732]
B1: -2.8603436969404256e-09 - 8.740362856369522e-09 - -3.9918103411128875e-11 - 6.6921008922163805e-09
B2: 3.6565974732276303e-10 - 1.1022927019192207e-08 - -9.126172560004213e-09 - -9.693831849983798e-10
