Number: 9736
Error: 8.966712989260763e-16
A1: [0.053172459654912796, -0.14800136149443086, -0.026999137706371162, 0.12182773145306168] - [0.005313794240543136, 0.1308367687701386, -0.11360066936017865, -0.022549688847699693] - [-0.014444549372510218, 0.2230915480069003, -0.1270412523351543, -0.0816060058208826] - [0.027146401132027858, -0.10002009700175939, -0.04942456748759793, 0.12229806129026642]
A2: [0.08925428892302728, -0.07291354228868652, -0.12362758929450778, 0.10728620856717153] - [0.10884179062202537, 0.24981424294518242, -0.4048452289347562, 0.0461895429513733] - [0.03663597894349326, 0.46255516618705056, -0.3777174041946151, -0.12147322001000499] - [0.14342642639078323, -0.04460663010612885, -0.20149954212735915, 0.102679855583529]
B1: 7.487273354339346e-09 - -1.0703133847591428e-08 - 6.839794488643406e-08 - 4.6339641937599965e-09
B2: 3.342396867706734e-08 - 4.677543025114046e-08 - -2.2033224781281407e-08 - 7.512532118659121e-08
