Number: 7635
Error: 3.0569446195247736e-16
A1: [0.08043167657830537, -0.18046781885591698, -0.0195888650699309, 0.11962496363281036] - [0.03741560974793791, 0.1335964159066237, -0.13472615650339967, -0.03628579535970641] - [-0.0017027926886039036, 0.22819014283039205, -0.12282835635956409, -0.10365888390730171] - [0.03886322564269035, -0.1144810273142019, -0.046416450176618336, 0.12203421917195763]
A2: [0.03530751801571929, -0.02927340063521689, -0.07569727868540731, 0.06966348619226025] - [0.1028938215192005, 0.2828967727149384, -0.392606327727598, 0.006816070192568624] - [-0.01118726928401541, 0.5390144203843502, -0.35945117573261165, -0.1683766429549942] - [0.09786273947318494, 0.017463256288225776, -0.16885106756842927, 0.053524815471435755]
B1: 3.034883563084371e-08 - 5.736600048389727e-08 - 2.9767293502461045e-08 - 4.135082211921372e-08
B2: 2.940173572294622e-08 - 5.596168503440885e-08 - 4.973963741136997e-08 - 2.9443315392688755e-08
