Number: 3615
Error: 8.487684718214998e-13
A1: [0.06621219614275384, -0.11395304321082454, -0.023984935067640285, 0.07172188426442422] - [0.03740609317719472, 0.18819669533823338, -0.14740552464351067, -0.0781835877354073] - [-0.06023005362275378, 0.3289501448507393, -0.12775377729836623, -0.1409689862808092] - [0.0390469031631173, -0.05332197987707779, -0.037417870592905994, 0.05169583436689235]
A2: [-0.009111817339966001, -0.34680662428920167, 0.24945182254718193, 0.10645328124424198] - [0.08004253392376386, 0.03628517445586754, -0.05024715239400707, -0.06606897448634584] - [-0.04244946709965968, 0.230835590938326, -0.04052765306951901, -0.14784413140447608] - [0.06813560803712984, -0.29346693918589195, 0.14177213968281355, 0.08356279020670239]
B1: 1.760468517177495e-06 - -8.24408767634406e-07 - -2.0298960894793033e-06 - 1.153169835773108e-06
B2: -5.487661877734944e-07 - 5.88342298700992e-07 - -5.104645916031847e-07 - -3.8615821264453705e-07
