Number: 9599
Error: 7.435764074404625e-15
A1: [0.053172588180028145, -0.14800123292665443, -0.02699900932566023, 0.12182786003948885] - [0.005313798576431123, 0.13083677310692643, -0.11360066502830343, -0.02254968450488073] - [-0.014444260748585978, 0.22309183673474253, -0.12704096394118614, -0.08160571709305552] - [0.027147015695726508, -0.10001948244488894, -0.049423951630927956, 0.1222986774118085]
A2: [0.08925434153285301, -0.07291348979926568, -0.12362753786806051, 0.10728626182640094] - [0.10884236822136005, 0.2498148206450206, -0.40484466277765696, 0.046190130269169086] - [0.03663602226151289, 0.462555209280069, -0.3777173619311834, -0.12147317624244196] - [0.14342699855104155, -0.044606060080573745, -0.20149898346615405, 0.10268043623174675]
B1: 1.6734398965807338e-07 - -2.0567992676705188e-07 - 8.5005667468667e-08 - -2.8389368016204113e-08
B2: -3.17241179384014e-08 - 8.7287826298382e-08 - 4.904308073535581e-08 - -4.998159220370082e-08
