Number: 4632
Error: 1.0525264457630316e-15
A1: [0.06621319149838224, -0.11395207011215627, -0.02398394047123374, 0.07172287794974622] - [0.03740260545959993, 0.1881933630643879, -0.14740895333483622, -0.07818701673408114] - [-0.06022940253028, 0.3289507701556744, -0.12775314021951625, -0.14096835258081064] - [0.039046102501182775, -0.053322739824094766, -0.03741864518669775, 0.051695066068922386]
A2: [-0.009108579224132368, -0.34680318911572433, 0.2494550868608203, 0.10645667628544209] - [0.08003984021735365, 0.036282272540508496, -0.050250096466212396, -0.0660719435673008] - [-0.04245285272160561, 0.23083185437625417, -0.04053128119149455, -0.14784787576103675] - [0.06813479636155796, -0.2934678328548065, 0.14177125972843047, 0.08356188016749343]
B1: -5.473605946310572e-09 - 1.5943001994184057e-08 - -4.32280200976059e-09 - 1.4257527100290202e-08
B2: 1.0659129330843063e-08 - 4.255199915606938e-09 - -7.990217544394504e-09 - -1.864135919484359e-08
