Number: 5715
Error: 0.02803942673215219
A1: [-0.2979370016292941, -0.5260431305824038, -0.40306766487531476, -0.25800099630192364] - [-0.33199352029220225, -0.22238172581304333, -0.5173707956052208, -0.4106794694968802] - [-0.19004026170934096, 0.10454293455270089, -0.3043001030225687, -0.282545200979639] - [-0.58632270157229, -0.6651635948886074, -0.6574758841982491, -0.4897151833334994]
A2: [-0.04048375713857794, -0.1152657283332081, 0.131160203738063, -0.40072950511897876] - [0.24944851850930772, 0.42643612135029735, 0.08005500080903341, -0.3088700433586943] - [-0.12541014503336514, 0.41298254610390367, -0.1894055205345457, -0.7004467889677808] - [0.046207892702238657, -0.043056549509968185, 0.073487327216388, -0.41892019834408634]
B1: -0.37572295071043293 - -0.5800809955609132 - -0.40426006146563476 - -0.41591148311453735
B2: -0.718643835888639 - -0.6353695677694106 - -0.8680782259347926 - -0.6807377096917699
