Number: 1735
Error: 4.2133868998212416e-07
A1: [-0.005935691226528981, -0.013740108840406906, 0.00430667324421999, 0.02072343603516852] - [0.06651742859446154, 0.1895876518706581, -0.14705674034843694, -0.11020616289524512] - [-0.11335667474479741, 0.44101144470198844, -0.07161820505544075, -0.25893303246337457] - [-0.02334233765333648, 0.015359579212615524, -0.029930075373384702, 0.03893964981272278]
A2: [0.13036863866644083, -0.22580817991516908, 0.021476731186543165, 0.0689696064571508] - [0.033283868143151894, 0.20437755698886137, -0.1142529124279563, -0.12082894047717069] - [-0.09736456766257044, 0.5528723886091316, -0.23786880289651313, -0.2283089992333769] - [-0.021578072419850214, -0.02000733099199807, 0.007372046471587861, 0.031453031717257045]
B1: 5.633705760520804e-05 - 0.0010796157393595748 - 0.000408421811154102 - -0.0001771868836730854
B2: 0.00014032649769253304 - 0.0007237998705216962 - -0.0009726341334011751 - -0.0010343052575599021
