Number: 5068
Error: 1.0382952752782624e-15
A1: [0.06621335198091882, -0.11395191321579379, -0.023983780114614626, 0.07172303816297547] - [0.037402652274525876, 0.18819340779291582, -0.14740890731214407, -0.07818697070732566] - [-0.06022932835917783, 0.3289508413929571, -0.12775306764000785, -0.14096828039165119] - [0.03904615893361203, -0.053322686260457226, -0.03741859059008624, 0.05169512022219557]
A2: [-0.009108674440364888, -0.34680329012498573, 0.24945499087426412, 0.1064565764567302] - [0.08003985139151949, 0.03628228457829038, -0.05025008425344334, -0.06607193125085603] - [-0.04245279302038743, 0.23083192026611585, -0.04053121721337452, -0.1478478097338993] - [0.06813477850334389, -0.2934678525174282, 0.14177124036847105, 0.08356186014515946]
B1: -2.0713673198804166e-08 - 1.4081061560038706e-08 - 1.2123729096793267e-08 - 9.920145207442381e-09
B2: 7.644495700794265e-08 - -2.138213057533902e-08 - -6.947800441005439e-08 - 2.0474736560953646e-08
