Number: 1932
Error: 2.535955917685902e-06
A1: [-0.0030115077522458542, -0.01066515981162002, 0.007344311651962084, 0.02371179232146011] - [0.07757140146929452, 0.20021590292967675, -0.13561969775455726, -0.09796782381870557] - [-0.10774475913787697, 0.4464017445228472, -0.06596370221473553, -0.252973948958733] - [-0.018078624864071146, 0.020469006870825875, -0.02476924680051088, 0.044422039692390176]
A2: [0.13126302085588631, -0.22508650035193012, 0.022130530054263582, 0.0696680409838212] - [0.03119618424110394, 0.2023597045084, -0.11631975908731956, -0.12285844159545023] - [-0.09600010341150642, 0.554090435599785, -0.23659828299554725, -0.22696409194068756] - [-0.022286639451221786, -0.020888813905119617, 0.006531792572335885, 0.030656849428207015]
B1: -0.0020334709829663176 - 0.0009914383461429956 - -0.0018307555778265484 - -0.0012650477307090003
B2: 0.00040521346476720744 - 0.0006416431412249487 - 0.00024938991320714926 - 3.2537458599933e-05
