Number: 6214
Error: 1.000437229443815e-15
A1: [0.08043165353179314, -0.1804678418998075, -0.019588888088878986, 0.119624940588937] - [0.037415564879260926, 0.13359637107191202, -0.13472620128267912, -0.03628584020352467] - [-0.0017028291377132324, 0.2281901063820676, -0.122828392755306, -0.10365892034668342] - [0.03886321830140805, -0.11448103463487028, -0.046416457513215464, 0.12203421183524729]
A2: [0.035307379164576415, -0.029273539870413926, -0.07569741070332812, 0.06966334086951434] - [0.10289371277637106, 0.28289666304919275, -0.39260643290227176, 0.006815956322955856] - [-0.011187072304448533, 0.5390146185388122, -0.35945098928704067, -0.1683764353908916] - [0.0978627784579507, 0.01746329545030975, -0.1688510304573861, 0.05352485639266882]
B1: -2.887909986943413e-08 - -1.1186616198567712e-08 - -5.399540352067633e-09 - -1.0789949293613413e-08
B2: -1.868866732515501e-08 - -2.430347500351067e-08 - -6.783990905137817e-10 - -9.232197309220425e-09
