Number: 4100
Error: 8.976816703178805e-16
A1: [0.06621318560520942, -0.11395207587361655, -0.02398394635975035, 0.07172287206649944] - [0.037402628997310575, 0.18819338555307272, -0.1474089301954602, -0.0781869935926441] - [-0.060229345834718714, 0.32895082460866115, -0.1277530847405486, -0.14096829740043113] - [0.03904620309409924, -0.05332264434513298, -0.03741854786644121, 0.05169516259898333]
A2: [-0.009108564410851326, -0.34680317340115563, 0.24945510179409935, 0.10645669181643407] - [0.08003983268302285, 0.03628226442385277, -0.05025010470085135, -0.06607195187184171] - [-0.042452858291691604, 0.23083184822866237, -0.04053128716082364, -0.1478478819215003] - [0.06813482731336655, -0.2934677987754446, 0.14177129328346955, 0.08356191487024509]
B1: 1.7843486926644703e-08 - 3.9512820572263465e-09 - -1.5808087618935378e-08 - 2.0598075132171522e-08
B2: -7.352406627393791e-10 - 8.802544728574928e-09 - 7.67852885738007e-09 - 1.438004954063318e-08
