Number: 7071
Error: 9.909775421614797e-16
A1: [0.08043170085299893, -0.1804677945839647, -0.01958884082425419, 0.11962498790473602] - [0.037415602482566084, 0.13359640864675437, -0.13472616375429705, -0.03628580262105231] - [-0.001702794883451586, 0.22819014063559176, -0.12282835855119834, -0.10365888610156644] - [0.03886323936939556, -0.11448101362600795, -0.046416436458650956, 0.12203423289013814]
A2: [0.03530741409024079, -0.02927350484814369, -0.07569737749649162, 0.06966337742305127] - [0.10289378452108162, 0.28289673540281335, -0.39260636351172923, 0.006816031450170879] - [-0.011187109037404957, 0.5390145815867434, -0.35945102405556223, -0.16837647409771936] - [0.09786279009440223, 0.017463307139692668, -0.16885101938025227, 0.05352486860717328]
B1: 2.334438372146133e-08 - -2.7457839164241305e-08 - -2.767556838537978e-09 - 1.1690742613839429e-08
B2: 3.774456441632873e-09 - 7.639212166659427e-10 - 6.904287089958438e-09 - -2.490721315963713e-09
