Number: 8315
Error: 1.1070813796096894e-15
A1: [0.0804316417952259, -0.18046785363507858, -0.019588899811476355, 0.11962492885366273] - [0.03741563403630951, 0.13359644017666586, -0.13472613226326763, -0.03628577108468429] - [-0.0017028273689055848, 0.22819010815082455, -0.12282839098909178, -0.10365891857834832] - [0.03886318140237308, -0.11448107143037052, -0.04641649438876618, 0.12203417495911634]
A2: [0.03530734645699537, -0.0292735726683841, -0.07569744180149846, 0.06966330663771306] - [0.10289363688441855, 0.28289658651318905, -0.3926065063040608, 0.006815876853165184] - [-0.011187092353565306, 0.5390145983700387, -0.35945100826392945, -0.16837645651739905] - [0.09786291037931032, 0.0174634279716768, -0.168850904876597, 0.05352499486691585]
B1: 3.3363729311090905e-10 - -1.5314264442571815e-08 - 2.4523732602148856e-08 - 4.25728003902669e-08
B2: -1.197566204536642e-08 - 5.197791786196862e-08 - -5.930579333090755e-09 - -9.30892115130188e-09
