Number: 9952
Error: 1.2961986254386472e-15
A1: [0.05317252560652788, -0.14800129551850388, -0.02699907182735031, 0.12182779743655402] - [0.005313734691017949, 0.1308367091582819, -0.11360072890043067, -0.022549748481087418] - [-0.014444464191653949, 0.2230916332190452, -0.12704116722166062, -0.08160592060955987] - [0.02714651494421752, -0.10001998318999554, -0.04942445343555337, 0.12229817539148832]
A2: [0.0892545117859079, -0.07291331994098349, -0.12362737145282192, 0.10728643417773788] - [0.10884171872015498, 0.24981417103067893, -0.40484529941246644, 0.0461894698397198] - [0.03663586570958553, 0.4625550535422494, -0.37771751467121634, -0.12147333441837091] - [0.14342646845815013, -0.04460658819533999, -0.2014995010521795, 0.10267989827496268]
B1: -4.3370154600168075e-09 - -1.77535497755243e-08 - -1.9276351485780723e-08 - -2.726359913629312e-08
B2: -2.0714886480172877e-08 - -2.470688567698153e-09 - -5.8551425119199485e-08 - 5.551221309275738e-08
