Number: 7747
Error: 1.150941180460944e-15
A1: [0.08043166878651918, -0.18046782664682146, -0.01958887285238776, 0.1196249558419217] - [0.037415521417883534, 0.13359632764341853, -0.1347262446574444, -0.03628588364082641] - [-0.0017028591612929813, 0.22819007635912006, -0.12282842273491897, -0.10365895036224576] - [0.038863218363080786, -0.11448103457338416, -0.0464164574515775, 0.12203421189687906]
A2: [0.03530742384136885, -0.02927349507003533, -0.07569736822526275, 0.06966338762867698] - [0.10289369153128922, 0.2828966416238232, -0.3926064534502613, 0.006815934076317078] - [-0.011187117483728215, 0.5390145730900451, -0.3594510320501929, -0.16837648299788924] - [0.09786278954929141, 0.017463306592106882, -0.16885101989917198, 0.053524868034996814]
B1: -7.492808725092411e-09 - -2.1519526984826657e-08 - -3.1529689373395667e-09 - -3.812744201759971e-09
B2: 3.958603097239947e-09 - -4.368533218901467e-08 - -8.050767790563146e-09 - 3.915351766267771e-09
