Number: 4698
Error: 9.402238102643148e-16
A1: [0.06621313781429378, -0.1139521225965867, -0.023983994113190663, 0.07172282435574723] - [0.037402573888310496, 0.1881933329001632, -0.14740898437183456, -0.07818704777382864] - [-0.06022938865460207, 0.3289507834824729, -0.12775312664160313, -0.14096833907589484] - [0.039046052377962465, -0.0533227873992306, -0.037418693679279205, 0.05169501797007463]
A2: [-0.009108411639270484, -0.34680301133459396, 0.24945525580156425, 0.10645685198880932] - [0.08003992647932123, 0.036282365469309664, -0.05025000218684488, -0.06607184848738515] - [-0.04245276198130213, 0.23083195452273325, -0.04053118395071851, -0.14784777540585403] - [0.06813496927320939, -0.29346764247184803, 0.14177144718106266, 0.08356207403299852]
B1: -4.19973997255093e-08 - 5.1259428482312247e-08 - 4.337208275897431e-09 - 5.203502603681424e-08
B2: 5.397764313493995e-09 - 7.3366453068346435e-09 - 2.948782362605043e-08 - 2.1258229431115604e-08
