Number: 2177
Error: 0.0002461815775110512
A1: [-0.01594473657787437, -0.11084262024887405, -0.0737840980098794, -0.024981056818791467] - [0.04601435965336608, 0.17546660551981108, -0.1675955129665822, -0.11527613948079767] - [-0.08602749094660685, 0.43600202471782795, -0.07801452422803741, -0.18914980421369854] - [0.017258543521528197, 0.046797916058227314, 0.009294795214186413, -0.0014893145617929718]
A2: [0.11733314373104911, -0.18092253561064509, 0.11527357982407786, 0.08589867089121701] - [0.032948754194691565, 0.1999181163666744, -0.09954658666326693, -0.12920097335014105] - [-0.07475530731008043, 0.5592038699079984, -0.1910480865666047, -0.17777957965019925] - [0.03353005518371198, 0.12490641216620219, 0.06166962601173677, 0.14070497825803974]
B1: -0.017518736100417157 - 0.014313665430040328 - -0.009295938515950643 - -0.037668613934750586
B2: -0.021724455654488106 - -0.006325873342562526 - -0.03594197258150428 - 0.02954995646393114
