Number: 7055
Error: 1.2857776501123943e-15
A1: [0.08043169585681954, -0.18046779957957818, -0.019588845814459542, 0.11962498290912729] - [0.037415599061810086, 0.13359640522858732, -0.1347261671682372, -0.036285806039913465] - [-0.0017028091301920986, 0.22819012638915542, -0.12282837277707906, -0.10365890034450469] - [0.038863237843097774, -0.11448101514802235, -0.046416437983976176, 0.122034231364789]
A2: [0.035307403272046595, -0.029273515696259404, -0.07569738778229412, 0.06966336610063938] - [0.10289379959559997, 0.28289675060527025, -0.3926063489318509, 0.006816047235392496] - [-0.011187077968959527, 0.539014612840498, -0.35945099464859837, -0.1683764413598184] - [0.09786279675797306, 0.0174633138335737, -0.16885101303696326, 0.05352487560175242]
B1: 2.7223884977417755e-09 - -2.0283777489157504e-11 - 6.395532527249451e-09 - 3.908348873857882e-09
B2: 4.455883524724999e-09 - 3.0212321636535025e-09 - 9.136441022911975e-09 - 1.2959782752553426e-09
