Number: 733
Error: 6.823085403854257e-14
A1: [-0.012153889438709705, -0.014517679133114027, 0.01808673560794887, 0.008582567735946211] - [0.06583532318561953, 0.18949534532366588, -0.14532247951919836, -0.1100084630371541] - [-0.0962932077531796, 0.4217859606718463, -0.05345747835643384, -0.2720358900124196] - [-0.0013224254688166688, -0.01822013466793376, -0.003836095596769725, 0.023375674188830978]
A2: [0.16158688342094518, -0.1677546137178284, 0.008501493222634013, -0.0023329109675332333] - [0.03548583176479838, 0.20751682827300086, -0.11721031643058474, -0.12579192366541328] - [-0.08621296911513539, 0.5815386855413583, -0.23538816658829878, -0.2599350069079947] - [-0.00383435834423758, -0.004518690976894356, 0.0011108595965108458, 0.007243975372353493]
B1: 2.4410309182980717e-07 - 1.7498908196552477e-07 - 2.4951535994650963e-07 - -1.696087983511612e-08
B2: 3.8694391756818225e-08 - -6.071155186105775e-07 - 1.902355399175368e-07 - 8.096566838098938e-08
