Number: 1583
Error: 3.435149088278432e-08
A1: [-0.008213682581021975, -0.01602858271302571, 0.0019307955824753656, 0.0184001650454872] - [0.06622503120677954, 0.1893053429089019, -0.14735712289266867, -0.11053173574826822] - [-0.11354432871272989, 0.4408448494554128, -0.0717882521303031, -0.2591383209683665] - [-0.02489441890914915, 0.013843903524952718, -0.03149231968742424, 0.03730151559415908]
A2: [0.13170891435109494, -0.2245087731364802, 0.022786323642967378, 0.07027815509547791] - [0.0326492741307542, 0.20375213374982895, -0.11488502660723551, -0.12145434954651142] - [-0.0947601266762875, 0.5554050207881842, -0.23533773265041477, -0.22577083760346284] - [-0.020485181881424452, -0.018939970464823236, 0.00845573601126318, 0.032507567033189896]
B1: -7.470312579892804e-06 - -6.239541719182491e-05 - -0.00016571978158109037 - 7.217616630024888e-05
B2: 0.0006739807698495176 - -0.0003889467258889357 - -0.0004551286364606004 - 0.0003707187036241881
