Number: 4287
Error: 1.2146673847062964e-15
A1: [0.06621311326109494, -0.11395214660108641, -0.02398401864709215, 0.07172279984379626] - [0.03740258433181366, 0.18819334287822212, -0.14740897410506537, -0.07818703750613383] - [-0.060229489775363576, 0.32895068636159697, -0.12775322559238123, -0.14096843749467286] - [0.039046222619530786, -0.053322625812284814, -0.037418528976206226, 0.05169518133581962]
A2: [-0.009108755091267847, -0.3468033756832099, 0.2494549095708844, 0.10645649189846346] - [0.08003982589854261, 0.036282257115025654, -0.05025011211590534, -0.06607195934985212] - [-0.042452745796065595, 0.23083197238579686, -0.04053116660605583, -0.147847757505589] - [0.06813482139045433, -0.2934678052968478, 0.14177128686245857, 0.08356190822951078]
B1: 5.530334521717119e-08 - -2.381832272845749e-09 - -1.44728666577085e-08 - -1.6920109697261124e-08
B2: 1.450782274819648e-08 - 2.1782911241337867e-08 - -1.141949485511749e-08 - 1.772218188682126e-08
