Number: 204
Error: 3.170699040216674e-07
A1: [-0.01998584349487756, -0.022574707355476266, 0.0093989977223139, 0.00021633907171154758] - [0.06924336009355214, 0.19276869713814881, -0.14179608801001176, -0.10621150160293076] - [-0.09587131799191498, 0.4222807189892476, -0.05297028661222943, -0.27149562792846155] - [0.020154314487391495, 0.0022105435317881722, 0.01894080803866047, 0.04802219758453557]
A2: [0.15769465555228496, -0.17157336216170357, 0.004790821675347656, -0.006276701799088603] - [0.04460461267390673, 0.2165037652816689, -0.108115088597566, -0.11685989232286347] - [-0.08415040571234357, 0.5835359045703304, -0.23334708907410034, -0.2580049910831123] - [0.0006094182587635911, -0.00012811809285590952, 0.005564411336489661, 0.011491835070301484]
B1: 0.0047004864042848055 - 0.002490785468621195 - 0.001987750830855899 - 0.0014429958161195722
B2: 0.010571179463848774 - 0.002059424061191354 - -0.006239018981509465 - 0.004486880603028697
