Number: 919
Error: 7.483967631262731e-10
A1: [-0.011961541286092428, -0.014320260929538685, 0.018299288985586467, 0.008788031082787993] - [0.06584874506796377, 0.18950824870210659, -0.14530859700270823, -0.10999352175851775] - [-0.09630798189591684, 0.42177159763330974, -0.05347354824558836, -0.2720531730320347] - [-0.0011061242797684727, -0.01801204511107054, -0.003605838869184772, 0.02362583371602357]
A2: [0.1615905060158868, -0.16775089554721984, 0.008505143775538924, -0.0023291824729038298] - [0.03549680738714703, 0.20752762706790595, -0.11719938226440262, -0.125781193071115] - [-0.08623936896104573, 0.581512969024179, -0.23541375978991808, -0.25996060840245555] - [-0.003929693790639541, -0.0046123820937806915, 0.0010165415028233437, 0.007152774605107399]
B1: 4.192562228316863e-05 - -4.775671894387537e-06 - 2.5961177773176396e-05 - -7.411450092892965e-06
B2: 0.0001245065224782686 - -1.4084979376144166e-05 - 8.828602703806568e-06 - -4.2879753530628174e-05
