Number: 4754
Error: 7.577485632301087e-16
A1: [0.06621319168910074, -0.11395206992568994, -0.02398394028065753, 0.0717228781401416] - [0.03740263919271702, 0.18819339529410747, -0.1474089201725874, -0.0781869835689049] - [-0.0602293833496335, 0.3289507885776381, -0.12775312145045442, -0.14096833391268657] - [0.03904608782598772, -0.05332275375323644, -0.03741865938445341, 0.05169505198642161]
A2: [-0.009108447556118643, -0.34680304943673296, 0.24945521959416633, 0.10645681433202223] - [0.0800398891627156, 0.03628232526865776, -0.05025004297173191, -0.06607188961860075] - [-0.04245279646088578, 0.2308319164689832, -0.040531220900340545, -0.14784781353891466] - [0.06813480453698471, -0.2934678238533326, 0.14177126859139583, 0.08356188933360291]
B1: -1.53787982114056e-08 - 4.748908898903384e-08 - 1.6144645974738946e-08 - 1.536175484375094e-08
B2: 6.6467023528407865e-09 - -5.094745763981425e-09 - 1.302599521082137e-08 - 4.039320028442521e-08
