Number: 2227
Error: 0.00014379839646418288
A1: [0.0968072508089083, -0.0063927345906032934, 0.01896497627187138, 0.051664923070002686] - [0.0006362809365887667, 0.13681715366429806, -0.20919441191621418, -0.16408770283869215] - [-0.13216292858596784, 0.41352501970014893, -0.10187847826120647, -0.19194043007890493] - [0.06339931721518142, 0.06213631271488172, 0.0174036498941941, 0.013654940552881498]
A2: [0.23915196338768022, -0.04165230932700108, 0.24739830594943085, 0.19135640082319927] - [0.11162509527391867, 0.27904615867495347, -0.018021024333221898, -0.049661325543903935] - [-0.047930987621075574, 0.574519297462106, -0.16896446575661747, -0.1541111722079239] - [0.021530881591070295, 0.08857714306120738, 0.006916792131012484, 0.11466034388193311]
B1: 0.018182443378215493 - -0.025017376150029677 - 0.00457278833102797 - -0.03053082551295596
B2: -0.02319992438181219 - -0.02360900185514455 - -0.0028782128286892732 - -0.01848203105723179
