Number: 5088
Error: 1.1955046984641448e-15
A1: [0.06621331839645465, -0.11395194604977528, -0.023983813672733244, 0.07172300463486425] - [0.03740257598453341, 0.18819333490298332, -0.14740898231105906, -0.07818704571287474] - [-0.060229291569815754, 0.3289508767271821, -0.1277530316400479, -0.1409682445853158] - [0.03904617796483153, -0.05332266819673671, -0.03741857217802428, 0.05169513848476094]
A2: [-0.009108408985046475, -0.3468030085190304, 0.24945525847731523, 0.10645685477163681] - [0.08003977988457806, 0.03628220754490438, -0.05025016240636882, -0.06607201006738717] - [-0.042452898515999656, 0.23083180383495702, -0.04053133026641522, -0.14784792640770686] - [0.06813472074448433, -0.2934679161122615, 0.14177117775244355, 0.08356179538704042]
B1: 7.062473865370313e-08 - 1.9370553242785495e-08 - 2.3351165667465038e-09 - 7.09438374474841e-09
B2: 5.399280329515368e-08 - 7.881612863650353e-09 - 1.1761228501605891e-07 - -5.920626410351708e-08
