Number: 5875
Error: 2.0643242587099626e-07
A1: [0.08110786238689004, -0.17979331731495934, -0.018912945683921174, 0.12030134952267121] - [0.03775635893188759, 0.1339360855351158, -0.1343859739025081, -0.03594512566794845] - [-0.0015860127492458344, 0.22830638089692798, -0.12271119654651935, -0.1035418571393399] - [0.03947253780397703, -0.1138744391667236, -0.045806680198583645, 0.12264359297069677]
A2: [0.037155325082252756, -0.027421560821558097, -0.07394019081534399, 0.07159847515826143] - [0.10590630371683057, 0.28593146167533423, -0.3896941633467648, 0.009971703047738529] - [-0.008400588483509172, 0.5418167000721481, -0.35681231827242516, -0.16543827117566506] - [0.0999896468270995, 0.019598834439560047, -0.16682582834133333, 0.05575864361735288]
B1: -5.7249337932029683e-05 - -0.0011028515329175267 - 0.0006294989736454982 - 0.0001407900011337788
B2: 0.00011091470126826029 - 0.00029781240318698575 - 0.0005598348002073724 - 0.00010294026887929555
