Number: 9746
Error: 1.3263106680124548e-15
A1: [0.053172555071559206, -0.14800126604271643, -0.026999042394878284, 0.12182782691571363] - [0.00531381766438543, 0.13083679221857722, -0.11360064593980004, -0.02254966539081032] - [-0.014444508226512418, 0.2230915891679686, -0.12704121122172507, -0.08160596466020263] - [0.02714651858101329, -0.10001997955296914, -0.0494244497908387, 0.12229817903769537]
A2: [0.0892546717204492, -0.07291316037640834, -0.12362721512178791, 0.10728659608458484] - [0.10884180290655071, 0.24981425523189224, -0.4048452168935459, 0.046189555442590666] - [0.036635868369416624, 0.46255505618830794, -0.3777175120761579, -0.12147333173094607] - [0.14342651369373235, -0.04460654312831334, -0.20149945688358878, 0.10267994418171993]
B1: -1.6501606049767994e-08 - -1.1561975026457663e-08 - -3.8039524067241726e-08 - -1.3831149910540863e-08
B2: -6.5828853742769535e-09 - 4.236209742020093e-09 - -3.9459799603829416e-08 - 1.4376780718512754e-08
