Number: 7677
Error: 1.0217997184907267e-15
A1: [0.0804316908526735, -0.18046780458316472, -0.019588850812617516, 0.11962497790555619] - [0.03741560395182484, 0.13359641011489767, -0.13472616228795145, -0.03628580115260143] - [-0.0017028262500207846, 0.22819010926969138, -0.12282838987183425, -0.10365891745975722] - [0.038863241040964475, -0.11448101195914027, -0.04641643478814297, 0.1220342345606695]
A2: [0.03530749969644927, -0.029273419005155284, -0.075697296103153, 0.06966346701917529] - [0.10289367977708279, 0.2828966297698576, -0.3926064648187838, 0.006815921767955537] - [-0.011187119208250775, 0.5390145713552381, -0.35945103368249376, -0.16837648481507497] - [0.09786277349884062, 0.017463290468650677, -0.16885103517817732, 0.053524851187266055]
B1: -5.3514942491108414e-08 - -4.198120398035008e-08 - 3.384905584531165e-08 - 6.476723895415985e-09
B2: -1.3694215519070438e-08 - -2.671109529298748e-08 - -1.0628078845063391e-08 - -1.5004237961662604e-08
