Number: 1851
Error: 3.093153543934077e-07
A1: [-0.008247957018290352, -0.0160409023443914, 0.0019360918716474767, 0.01835312554423946] - [0.06759747343709943, 0.19063189554292134, -0.14593778052987597, -0.10900391291179325] - [-0.10923673126212162, 0.44510035696564354, -0.06735374265233678, -0.2544603068852004] - [-0.022035935988000424, 0.016692289993637012, -0.028644856902884132, 0.040327812667316894]
A2: [0.13279435148234314, -0.22347649573043607, 0.023854712153397836, 0.07133216156021913] - [0.033155243327634254, 0.2042642161885934, -0.11437975654213321, -0.12095093265688125] - [-0.09366116569484131, 0.5565006568530466, -0.2341731147454409, -0.224578751252295] - [-0.02063713761491375, -0.01912636952206646, 0.008292376399207282, 0.03234396087478068]
B1: -0.00031211234469420766 - 0.0002308791818193621 - -0.0003628180247889634 - -0.0004645990201518042
B2: 0.0003909583807495447 - 0.0005898930794539456 - -0.001300844457986319 - -0.0006666720101315248
