Number: 971
Error: 0.00021291921453362746
A1: [0.039770520769414626, 0.03857434866956655, 0.07513447201868288, 0.06378835556317994] - [0.07182717866475974, 0.1952322985611354, -0.13915857604732348, -0.10337039192269364] - [-0.04806733890729162, 0.4682099683169752, -0.0015065386446887971, -0.21633433711530736] - [0.058109764865502914, 0.03874651819829189, 0.05904386761446408, 0.09154664766320411]
A2: [0.14838942611512143, -0.18105532781522893, -0.0043693594282321994, -0.015106106233173818] - [0.03609973991434684, 0.20807345871838498, -0.11659382551407478, -0.12517912800698264] - [-0.08469048081091357, 0.5828076174500121, -0.23388962518638878, -0.25839555321093655] - [0.002065347835175739, 0.001170388102000001, 0.006947510585865939, 0.012912909213868977]
B1: 0.01050426623755415 - 0.003232922335493507 - 0.0012895308302592074 - 0.0009646206100546711
B2: 0.013627740393823914 - 0.012338364500337005 - 0.016666180037317683 - 0.01227158515494518
