Number: 2412
Error: 7.961442460918727e-06
A1: [0.05923546113169372, -0.05264757507148823, -0.02826624444932859, 0.0032880724066348364] - [0.03462230389808614, 0.18238975589015266, -0.15213688793773708, -0.10241088263253983] - [-0.1262807060823041, 0.41250361035405475, -0.10774169210329916, -0.18984821238622254] - [0.03131722511692098, 0.013861264809052753, -0.038729562235168824, -0.028482919374584133]
A2: [0.07122061224099738, -0.1657796510130671, 0.0946592968673772, 0.03205222942367155] - [0.029243565453728197, 0.20029533754725934, -0.10179685241431695, -0.1279680497177589] - [-0.11152041833748778, 0.49639000209808276, -0.2429876463965423, -0.2120763140242254] - [-0.02349953953332085, 0.020992117973641897, -0.047250407462568284, 0.0594933579394812]
B1: -0.006023983577341182 - 0.0007161010615728859 - 0.004734402118112749 - -0.002167170585457685
B2: 3.6803746595771066e-05 - -0.0034548380900690065 - 0.0004908960022929211 - -0.0007496295611733401
