Number: 8980
Error: 0.0001045950541742205
A1: [0.024805645925028763, -0.2143277115073896, -0.05539836192565511, 0.08571936213289497] - [-0.09892644094911131, 0.02826282171133706, -0.22312634093121972, -0.12792752113190842] - [-0.042337436088376916, 0.18830200387723622, -0.1384177070408204, -0.11399645011443119] - [-0.060652135479367986, -0.19097463275376975, -0.1343891273278856, 0.03469891696852746]
A2: [-0.19563939389806273, -0.27861010869259667, -0.3491241472879765, -0.12416172911992386] - [-0.02567027776719612, 0.12588026845959074, -0.5493931325600387, -0.09132249266549772] - [-0.23319372156013418, 0.26387256658845315, -0.617794649437619, -0.3528350482617336] - [-0.10694594362750628, -0.23231517435560617, -0.4133043022009721, -0.11110490337249267]
B1: 0.016220132916389053 - -0.03232321988049622 - 0.004220541089415872 - -0.012563029258805229
B2: 0.014761646160357014 - -4.4302389822572195e-05 - -0.040432071347567676 - 0.004687986405200956
