Number: 7954
Error: 8.587849549037614e-16
A1: [0.08043169572868436, -0.1804677997077112, -0.019588845942450292, 0.11962498278100349] - [0.037415666341043, 0.13359647245690195, -0.13472610002300967, -0.03628573879793115] - [-0.0017028036187893604, 0.22819013190043938, -0.12282836727373872, -0.10365889483456558] - [0.038863250697132326, -0.11448100233007467, -0.04641642513813503, 0.12203424421083159]
A2: [0.035307403277158936, -0.029273515691124456, -0.07569738777746635, 0.06966336610601531] - [0.10289380548456578, 0.28289675654421503, -0.3926063432360675, 0.006816053401936674] - [-0.01118696603595813, 0.5390147254410996, -0.35945088870138736, -0.1683763234123109] - [0.09786287300586062, 0.017463390428271955, -0.16885094045381646, 0.05352495563710386]
B1: -2.095840621520164e-08 - 2.076094760629013e-08 - 3.943005843528374e-08 - 1.4084063132972345e-08
B2: 7.779763915844344e-09 - 3.374885804045e-08 - 5.81743161148892e-09 - 1.2512745858140023e-08
