Number: 219
Error: 1.0666409978040046e-06
A1: [-0.007049874683908906, -0.009302997866851051, 0.023715030578330677, 0.014038128309490496] - [0.06977155766645515, 0.19327642975014128, -0.1412522432620357, -0.10562474461952996] - [-0.09514576070771201, 0.4229305260326148, -0.052191973437668945, -0.27067583834974074] - [-0.004752838134263471, -0.021564711754329058, -0.007514307159009156, 0.019354117441803632]
A2: [0.1616426884844066, -0.16769122941770315, 0.008603811674950031, -0.0023268617669088857] - [0.04185146186445708, 0.21378770071605166, -0.11086573727207465, -0.11956715971023019] - [-0.08589693375079432, 0.5818371338447399, -0.23507992425269914, -0.2596707671644164] - [-0.003162498634491723, -0.0038523760689889563, 0.0017895697525922365, 0.007875330245843137]
B1: 0.00013115847639553593 - -0.0016483991231961105 - -0.00036820152337657826 - -7.300117340450441e-05
B2: -0.002586509152309036 - -0.00013258757876860009 - 0.0020401687019206893 - -0.00046870108724023026
