Number: 5749
Error: 0.0024583025391595875
A1: [-0.012590624608626592, -0.2803356836542242, -0.11726981215846252, 0.023607146111713398] - [-0.008843550422205908, 0.06583147569115874, -0.19288707808657937, -0.09033526621508851] - [-0.18986994882959027, 0.05930011736610704, -0.3052766017678742, -0.28778260205842054] - [-0.18546659944562116, -0.3081293485511051, -0.2578059966673703, -0.09405030898981895]
A2: [0.10188312382919433, 0.038214644699235654, 0.0037175238488556667, 0.13333657298871682] - [0.22173149600002204, 0.4083136798868856, -0.28773009616581763, 0.1147974273797382] - [0.07640495429570009, 0.6322253788812766, -0.27160555500249395, -0.09187602542357869] - [0.17607860890444504, 0.09968570610279925, -0.0861630611841882, 0.12290676031064769]
B1: 0.03756223210601345 - -0.025583291894080148 - 0.032025677489898666 - 0.03435266603483165
B2: 0.07559321025834119 - 0.08716554749079398 - 0.036759911810240485 - 0.03352436967239105
