Number: 2187
Error: 0.0005976634873072807
A1: [0.07180114150419853, -0.013118592468649534, 0.02342525138021783, 0.06343399972845136] - [0.0790416682673043, 0.21086843911205588, -0.12944695281764187, -0.07675350954179543] - [-0.08924992763191203, 0.4563124929722325, -0.05802101489205348, -0.17277062918509542] - [0.006205269384334823, 0.02725272934501071, -0.010776923620385397, -0.018270508358467642]
A2: [0.23432871376467712, -0.06381480010334659, 0.2563939061984862, 0.19499469453105803] - [0.022466025852138832, 0.1893110026398845, -0.11249040376452175, -0.1387976144236862] - [-0.13885799093208678, 0.4953816015588989, -0.2583933863987833, -0.23932086666967037] - [0.04092505230626309, 0.12866468172105797, 0.06629593271297116, 0.142896662373091]
B1: 0.029299087006226163 - -0.007113361741341372 - -0.033798561207986605 - -0.0375734172429069
B2: 0.010557184459283862 - 0.00721083547810017 - 0.01748927711060139 - 0.0008404932605291045
