Number: 7448
Error: 1.3123516703193903e-15
A1: [0.08043171980916804, -0.18046777562994884, -0.019588821890759927, 0.11962500685873616] - [0.03741562892207615, 0.13359643506625102, -0.13472613736746908, -0.03628577619619029] - [-0.0017027844500494477, 0.22819015106877288, -0.12282834813307053, -0.10365887567094365] - [0.03886326857856116, -0.11448098449882332, -0.04641640726810822, 0.12203426208114335]
A2: [0.03530736077433018, -0.029273558311506936, -0.07569742818863462, 0.0696633216222157] - [0.10289375847713016, 0.28289670913783016, -0.3926063887010918, 0.006816004178351588] - [-0.011187012655290702, 0.5390146785437314, -0.3594509328277341, -0.16837637253657564] - [0.09786283362402792, 0.017463350867321297, -0.1688509779428513, 0.05352491429909218]
B1: -3.208600586652679e-08 - 8.31655801074018e-09 - 2.662214421898821e-08 - 6.3687818698136936e-09
B2: 1.133230563103684e-08 - 1.1911271870046649e-08 - 2.155646779356877e-08 - 1.216914908187073e-08
