Number: 4163
Error: 1.0592277401017921e-15
A1: [0.06621318600438623, -0.11395207548336073, -0.023983945960888483, 0.07172287246500593] - [0.03740262119639392, 0.1881933780998275, -0.14740893786435766, -0.07818700126222163] - [-0.06022943252620793, 0.32895074134627905, -0.12775316957171537, -0.1409683817753288] - [0.03904607406786984, -0.05332276681194814, -0.037418672694990045, 0.0516950387840072]
A2: [-0.009108654779493292, -0.3468032692681653, 0.249455010694278, 0.10645659706985139] - [0.08003982321321385, 0.03628225422215574, -0.05025011505081378, -0.06607196230968665] - [-0.04245273914850408, 0.2308319797224957, -0.04053115948225907, -0.14784775015360946] - [0.06813473366582296, -0.2934679018854912, 0.1417711917604783, 0.08356180987402215]
B1: -3.967586042341654e-08 - -5.57271900971153e-10 - 3.300566448668952e-08 - -1.2343195637871286e-08
B2: 7.000868623699666e-09 - 1.5133960432339816e-08 - -1.6837374027986624e-08 - -3.4619356959911504e-08
