Number: 6455
Error: 9.534945254667043e-16
A1: [0.08043169680081134, -0.18046779863569376, -0.019588844871599124, 0.11962498385301065] - [0.03741559819883184, 0.1335964043662607, -0.13472616802949852, -0.03628580690241393] - [-0.0017028122794121154, 0.22819012324000643, -0.12282837592168729, -0.10365890349288386] - [0.03886323085402279, -0.1144810221174862, -0.04641644496859829, 0.12203422438005773]
A2: [0.035307455200055446, -0.02927346362462651, -0.07569733840981174, 0.06966342044893661] - [0.10289375826209213, 0.2828967089209584, -0.39260638890908717, 0.006816003953174029] - [-0.011187087933796733, 0.5390146028162386, -0.3594510040805485, -0.168376451860087] - [0.09786281638149016, 0.017463333546352613, -0.16885099435665168, 0.053524896200064176]
B1: 2.306565713758015e-09 - 7.051147557600007e-09 - 9.890297958126422e-10 - 2.9658251921905858e-09
B2: 5.771425087135184e-09 - 1.6349424606328285e-09 - 6.874131932016767e-09 - -3.431833643124448e-09
