Number: 4128
Error: 9.786457036174223e-16
A1: [0.06621318521985473, -0.11395207625035984, -0.023983946744802424, 0.0717228716817913] - [0.03740261966675833, 0.18819337663836455, -0.14740893936810656, -0.07818700276610353] - [-0.060229421018544296, 0.32895075239875393, -0.12775315831099635, -0.14096837057517606] - [0.03904609904291603, -0.053322743106579695, -0.0374186485324731, 0.05169506275033443]
A2: [-0.009108502957211658, -0.3468031082084432, 0.24945516374496565, 0.10645675624722656] - [0.08003984790046814, 0.03628228081740255, -0.050250088069048474, -0.06607193509881319] - [-0.04245274862790394, 0.23083196926044816, -0.04053116964075941, -0.14784776063746147] - [0.06813478071618218, -0.2934678500809913, 0.1417712427676121, 0.08356186262616967]
B1: -3.3622262840876585e-08 - 4.240786279713459e-09 - 5.299189604563143e-09 - -1.9455092107007582e-08
B2: -1.2301859354453113e-09 - -2.1393795292301024e-09 - -1.3600558998128622e-08 - -2.313866356954429e-08
