Number: 8048
Error: 9.959532426431459e-16
A1: [0.0804317114383611, -0.18046778399980792, -0.019588830251556055, 0.11962499848888797] - [0.03741557961404821, 0.13359638579554434, -0.13472618657719085, -0.036285825476880716] - [-0.0017028076303652838, 0.22819012788894993, -0.12282837127944145, -0.10365889884507082] - [0.038863249319476566, -0.11448100370385876, -0.04641642651491047, 0.12203424283403445]
A2: [0.03530749112000635, -0.02927342760532889, -0.07569730425748471, 0.06966345804295022] - [0.10289370499125053, 0.2828966551980212, -0.39260644043195525, 0.0068159481708545515] - [-0.011187091315666997, 0.5390145994141619, -0.35945100728152474, -0.16837645542372817] - [0.09786278207749183, 0.017463299086306006, -0.1688510270118551, 0.05352486019204877]
B1: -1.0348913485664655e-08 - 2.328598824941556e-08 - -1.7515118674805407e-08 - 7.183045527199441e-09
B2: 9.513500525744358e-09 - -1.2004872510562565e-08 - 3.0623133943489037e-09 - 7.613436819947937e-09
