Number: 6810
Error: 7.86139502847616e-16
A1: [0.08043168844549912, -0.18046780699005838, -0.019588853216921946, 0.1196249754986523] - [0.03741558852010865, 0.13359639469486498, -0.13472617768893766, -0.03628581657577628] - [-0.0017028352207088633, 0.22819010029919748, -0.12282839882939385, -0.1036589264280575] - [0.03886323052075548, -0.11448102244981555, -0.04641644530165481, 0.12203422404699676]
A2: [0.035307421779741666, -0.029273497137377494, -0.07569737018541062, 0.06966338547094252] - [0.10289366808474873, 0.28289661797826887, -0.39260647612742994, 0.006815909524307355] - [-0.011187089237731403, 0.539014601504522, -0.3594510053147386, -0.16837645323410255] - [0.09786279129777702, 0.017463308348540096, -0.16885101823471438, 0.05352486987032015]
B1: -1.7260802356334298e-08 - -3.3406129046693114e-08 - -6.3367253732199814e-09 - -1.4683123720881638e-08
B2: -1.3366194125425495e-08 - -1.8946896114340188e-08 - -1.693330711383775e-08 - -1.7041856149128437e-08
