Number: 2973
Error: 1.659192267996947e-08
A1: [0.06243312344424596, -0.04886855069760705, -0.02443475610646437, 0.006861249101873937] - [0.04343711172677788, 0.19105414829052766, -0.1427952434807999, -0.0927576407575367] - [-0.1236022938845439, 0.41470950858696437, -0.10501325530488301, -0.18722465903494212] - [0.03684242599876145, 0.019009357558786584, -0.033292292554365575, -0.023209315170740482]
A2: [0.06370904022057333, -0.17342075506860477, 0.08659294843866526, 0.02422205055983816] - [0.029246936005007867, 0.20025628448722504, -0.10175338672841303, -0.12791543376679965] - [-0.09270698197358189, 0.5143725342606449, -0.2248988479486007, -0.19441430099840384] - [-0.02481459722610731, 0.01962618519262107, -0.0491739559724247, 0.05806265601582305]
B1: -9.085031464119083e-06 - 0.00015659895696257318 - -0.00012004664884911925 - -0.00018304888662854548
B2: -8.93611297217321e-05 - 8.852591196215927e-05 - 0.0001275225873906269 - -4.682209721222725e-05
