Number: 7125
Error: 1.205784790014672e-15
A1: [0.080431696223957, -0.18046779921248177, -0.01958884544776092, 0.11962498327622292] - [0.037415599376251, 0.13359640554279137, -0.1347261668544222, -0.03628580572564644] - [-0.0017027867701882363, 0.22819014874868115, -0.12282835044981509, -0.10365887799046873] - [0.03886323933835255, -0.11448101365696428, -0.04641643648967446, 0.12203423285911422]
A2: [0.035307542749096095, -0.029273375833438475, -0.07569725516926722, 0.06966351207846949] - [0.10289373035980029, 0.282896680781862, -0.39260641589581685, 0.0068159747354024245] - [-0.011187189964760548, 0.5390145001766937, -0.35945110065508207, -0.1683765593736799] - [0.0978628044621317, 0.017463321572775293, -0.1688510057031021, 0.053524883688609165]
B1: 4.42616628261459e-08 - -2.792095177444934e-08 - -1.9108159144730438e-08 - 1.5560303945333452e-08
B2: 3.523173312085057e-10 - 2.599652730583657e-10 - 1.942532342537255e-08 - -2.619699227394634e-09
