Number: 9743
Error: 1.968083949402934e-15
A1: [0.05317253249662919, -0.14800128862594117, -0.026999064944929548, 0.12182780432990008] - [0.005313860837334055, 0.13083683543678704, -0.1136006027734212, -0.022549622156992955] - [-0.014444506368008423, 0.22309159102715068, -0.12704120936469382, -0.08160596280103644] - [0.02714648234419689, -0.10002001578971963, -0.04942448610409687, 0.12229814270880272]
A2: [0.08925437122603123, -0.07291346017596954, -0.12362750884584967, 0.10728629188499855] - [0.10884177900563179, 0.24981423132675099, -0.404845240321062, 0.04618953113952931] - [0.03663614123203701, 0.46255532763116125, -0.37771724585780875, -0.12147305603828303] - [0.14342645658107273, -0.0446066000282618, -0.20149951264915433, 0.10267988622172756]
B1: -2.3554713441999824e-08 - 2.958852411337989e-11 - 9.194679478886448e-08 - 6.578820232768352e-09
B2: 3.3196978625561594e-08 - 4.021374422678283e-08 - -2.2237003278359557e-08 - 7.15276881025194e-08
