Number: 4099
Error: 7.812773278616085e-16
A1: [0.06621318543663146, -0.11395207603842734, -0.023983946528196017, 0.0717228718982044] - [0.03740262605230976, 0.1881933827393245, -0.14740893309062172, -0.07818699648806159] - [-0.06022934838113917, 0.32895082216296506, -0.12775308723232523, -0.14096829987880552] - [0.03904619454077444, -0.05332265246362544, -0.03741855614149672, 0.051695154391119824]
A2: [-0.009108565231456445, -0.34680317427168955, 0.24945510096685464, 0.10645669095607424] - [0.08003983263017694, 0.03628226436692257, -0.050250104758608936, -0.06607195193008973] - [-0.04245285744571594, 0.23083184916233382, -0.040531286254242536, -0.14784788098588292] - [0.06813482589845048, -0.2934678003333293, 0.14177129174956365, 0.0835619132838622]
B1: 1.716040118878923e-08 - 3.358186293773916e-09 - -1.5801535420607143e-08 - 1.9653283329449863e-08
B2: -1.1099346061224558e-09 - 6.843041324489087e-09 - 4.266118600661744e-09 - 9.59956284956094e-09
