Number: 187
Error: 6.278278310924496e-06
A1: [0.004206746422843852, 0.002186266704111964, 0.036042967396748865, 0.02599467771413679] - [0.06570086641002769, 0.18937360420093394, -0.1454483268309566, -0.11014454474552392] - [-0.07959759916797671, 0.43800093460140116, -0.03535977876326488, -0.25255153681821846] - [-0.006280223143296058, -0.023168331339122092, -0.009063094054547851, 0.017515739846034408]
A2: [0.1690538221453713, -0.16051627180376532, 0.01591285603842201, 0.004651778190034496] - [0.04764691789393122, 0.21947790380008153, -0.1050948425971622, -0.11390847849706887] - [-0.06872884977583482, 0.598520683262822, -0.21836075558078913, -0.24313046595195037] - [0.008748316632696672, 0.007826894211922964, 0.013621776696395384, 0.01920692230961395]
B1: 0.005720528541854515 - -0.001262400396005091 - 0.002472147149708264 - 0.0011502839781378786
B2: -0.006653293678612865 - 0.005113503704870158 - 0.009096697899285106 - -0.001916018966820123
