Number: 743
Error: 1.5910327817422e-14
A1: [-0.012152949741282561, -0.01451671396720281, 0.01808777425688845, 0.008583571911982715] - [0.06583505630010557, 0.18949508859111272, -0.14532275545537593, -0.11000876018725611] - [-0.09629473193131598, 0.421784487578882, -0.053459132272024396, -0.2720376657526071] - [-0.0013196747522405642, -0.018217489255720448, -0.0038331675502053914, 0.023378853554152198]
A2: [0.16158671715601827, -0.16775477685203966, 0.008501330309788986, -0.002333073052711877] - [0.03548584605108641, 0.20751684232966466, -0.11721030220415227, -0.12579190968970647] - [-0.08621362340478428, 0.5815380446655206, -0.23538880323537886, -0.25993564493878485] - [-0.003835117498945506, -0.004519437509967465, 0.0011101082169723032, 0.007243249065592856]
B1: 1.1447376251448643e-07 - 1.0612112250982703e-07 - 1.7433048099534097e-07 - 2.3177732224035878e-08
B2: 5.022330045687267e-07 - 3.4680791020229795e-07 - -2.3807292980179546e-07 - -9.041633443218208e-08
