Number: 8746
Error: 8.055137797025074e-11
A1: [0.08044138346874886, -0.18045811304322643, -0.019579169894941326, 0.11963466938258319] - [0.037426937392260044, 0.13360773497025616, -0.13471485153584944, -0.03627447402354155] - [-0.0016938038570238874, 0.22819913142756115, -0.12281938082679857, -0.10364989751467624] - [0.038875004088324866, -0.1144692819288271, -0.046404679379266164, 0.12204599025530241]
A2: [0.035312971779310295, -0.029267931743684358, -0.07569209330771226, 0.0696691941453194] - [0.10289917010968595, 0.2829021667905574, -0.3926011546100753, 0.00682167095662335] - [-0.011169127029380126, 0.5390326709070803, -0.3594340036578126, -0.1683575258683105] - [0.09787046013512472, 0.017471012113936223, -0.16884371798613423, 0.0535329196469932]
B1: 1.0517435054718153e-05 - 4.9929212295394794e-06 - 4.408922344671293e-06 - 8.684064579355395e-06
B2: -2.3322001219510585e-06 - 1.8096195098916287e-06 - -2.9152996630906613e-06 - -1.4584270909895866e-06
