Number: 1678
Error: 8.651123670688783e-09
A1: [-0.00878453353864835, -0.016608708661992898, 0.0013379774059498804, 0.01780268295175712] - [0.06754759548751146, 0.19057783947908444, -0.14599098980459368, -0.10906053561560959] - [-0.1130159818510792, 0.4413498687368446, -0.07124400583476774, -0.2585760962972774] - [-0.025820866157772217, 0.012927442856152592, -0.03243577003619544, 0.036313252209992215]
A2: [0.1313740957528586, -0.224836683239372, 0.022451457372357896, 0.06994514703141835] - [0.032688352652456475, 0.20379063956788446, -0.11484689635830723, -0.12141511952175976] - [-0.0950200222679611, 0.5551539011317131, -0.2355908200441361, -0.2260306648338313] - [-0.021552937144912316, -0.01999889009926042, 0.007393144421965986, 0.031477612274988166]
B1: 0.00018686081163753665 - 0.00039586461148488573 - 0.00016731402135742695 - 6.198600006405926e-05
B2: 7.805488548372154e-05 - 0.0006999432698579151 - -0.0002004240927844973 - 0.00018700679571701352
