Number: 2110
Error: 0.0035173778244490506
A1: [0.04497643199174427, 0.00772241627238085, -0.026572058833502624, 0.054540829999596814] - [0.11910677345035783, 0.24808849117083298, -0.08144172818070004, -0.04456218718233433] - [-0.033973148887285066, 0.4920552059401716, -0.050851964148572446, -0.07591305264467037] - [-0.21611793876158505, -0.20338395962156952, -0.26547842844529207, -0.2569553763797915]
A2: [0.17256413979802918, -0.18627714856199654, 0.06997302456877062, 0.04773774234449238] - [0.11315526499123686, 0.26789346680400955, -0.04063471302172509, -0.057680318918678426] - [-0.11629609634662327, 0.40932463195176094, -0.30958350326015843, -0.36433912733591717] - [0.020491751440310124, 0.025164575786074964, -0.06270185188276553, 0.0693827398351061]
B1: 0.021433632434874596 - 0.019752106701270616 - -0.026055310238833063 - 0.045155701045148475
B2: 0.014486049761843436 - -0.07336137338331879 - -0.06319123501668325 - -0.028717503290244972
