Number: 9875
Error: 1.0459248095164024e-15
A1: [0.05317266670947457, -0.14800115436373745, -0.02699893087999408, 0.1218279386074757] - [0.005313857938301985, 0.1308368325347779, -0.11360060567185785, -0.02254962506004182] - [-0.014444428944962787, 0.22309166847862474, -0.12704113200289985, -0.08160588535032387] - [0.027146453759424732, -0.1000200443745107, -0.04942451474922383, 0.12229811405136312]
A2: [0.08925441398714484, -0.07291341751358782, -0.12362746704808876, 0.10728633517332593] - [0.10884171000576956, 0.2498141623147561, -0.40484530795424084, 0.04618946097875111] - [0.03663588368887677, 0.46255507142798497, -0.37771749712971886, -0.12147331625256605] - [0.1434264232329006, -0.04460663325216418, -0.20149954521071436, 0.10267985237880434]
B1: 2.877975011848032e-09 - -9.020067879216254e-11 - -3.950112232173304e-09 - -3.6591919675919494e-09
B2: 2.2596631455199094e-08 - 1.1925949815158132e-08 - -1.2168339730320452e-08 - -3.869136514296712e-08
