Number: 8058
Error: 1.3276176953129572e-15
A1: [0.08043170567893694, -0.18046778975857952, -0.019588836004094657, 0.11962499273012145] - [0.03741558619705439, 0.13359639237356763, -0.13472618000730027, -0.03628581889752111] - [-0.0017028090313479848, 0.22819012648799702, -0.12282837267837317, -0.10365890024567978] - [0.038863245313573866, -0.11448100769851922, -0.046416430518261276, 0.1220342388306214]
A2: [0.03530733862823677, -0.02927358051885548, -0.07569744924495292, 0.06966329844402219] - [0.10289368481024493, 0.282896634845743, -0.39260645995077403, 0.006815927038415571] - [-0.01118695037728471, 0.5390147411931531, -0.3594508738800592, -0.16837630691228095] - [0.0978627976710204, 0.017463314750762328, -0.168851012167803, 0.05352487656015231]
B1: -4.708146738990717e-08 - 6.709663240402346e-09 - 4.4585938377336144e-08 - 7.987365474637079e-09
B2: 1.500805074644678e-08 - -7.131613519567478e-09 - 9.583702757689824e-09 - 8.059944563763045e-09
