Number: 202
Error: 5.135299457103203e-07
A1: [-0.019017811979172926, -0.021581362996472363, 0.010464366604001093, 0.001249316767776084] - [0.06895661325333169, 0.19249370970274882, -0.1420916621892507, -0.10652995517703844] - [-0.0947257090063505, 0.42338414043793426, -0.051731223380842885, -0.27016513202746184] - [0.02093773637108482, 0.0029560185600111502, 0.01977515899077396, 0.04892257479340559]
A2: [0.15793022730806663, -0.17134945808422855, 0.0050184383579458675, -0.006061236387431017] - [0.04490281360961741, 0.21679625726957621, -0.10781831727739752, -0.11656823959247238] - [-0.08295628983159482, 0.584699001056816, -0.23218580898159866, -0.2568464295411825] - [0.0013607840098780082, 0.0006083462736082062, 0.006308961390370393, 0.01220948204664414]
B1: 0.005381418414488166 - 0.0023369178579755122 - 0.002292600955845642 - 0.0015460309491753805
B2: 0.009963657404588027 - 0.002163782120815048 - -0.006454710215880283 - 0.00406054754479199
