Number: 1089
Error: 1.1465128875356755e-05
A1: [-0.0073936298633188804, -0.015143335060895284, 0.002831772326620952, 0.019091331285723927] - [0.07104004853246672, 0.1938097775305704, -0.14252914978502915, -0.10509422253321624] - [-0.10534143741784911, 0.449103025233279, -0.06368355712446723, -0.2507739630606134] - [-0.028509458081890246, 0.010460244714773964, -0.03447541796990523, 0.033860798726490934]
A2: [0.1337340074203702, -0.22254945200835433, 0.024953707499891238, 0.07240118015757477] - [0.03438645619324978, 0.20558659943231786, -0.11299728980567517, -0.1199496015171295] - [-0.0924999631729253, 0.5577677588758173, -0.23247863836267083, -0.22408874072275897] - [-0.034585335629294854, -0.033185475164575075, -0.00502707863507797, 0.018675683917087994]
B1: 0.007119011252670277 - -0.010953839192491592 - -0.00043980902913666193 - 0.008396433652550704
B2: 0.0007551409522710937 - 0.012537322543925738 - -0.0030694965525371962 - 0.0033913894523063337
