Number: 2974
Error: 1.1584366984548648e-08
A1: [0.06241365803694335, -0.04888791543915083, -0.024454069447777595, 0.006841863485046491] - [0.04350807570027134, 0.191122705093828, -0.14272210945562408, -0.09267951385743849] - [-0.12362008855240851, 0.414691869416727, -0.10503098445466896, -0.18724227301284363] - [0.037041552427198934, 0.019208895570375004, -0.03309332868137051, -0.023011289969424222]
A2: [0.06364544575317574, -0.17348407164109764, 0.08652958208887972, 0.024159249260129193] - [0.029327636850503054, 0.2003358168275362, -0.10167293810178347, -0.12783641839977042] - [-0.09260702813019304, 0.5144705745715913, -0.22479875198700516, -0.19431753553089698] - [-0.024630771463664006, 0.019808886686157767, -0.04899013438675556, 0.05824154383753638]
B1: -1.363082648062163e-05 - 0.00020712073694680836 - -2.317860803783677e-05 - -5.911533762823022e-06
B2: 4.4307868381335556e-05 - 0.00018184870882522998 - 0.0002060662226310348 - -2.7439546271531e-05
