Number: 6392
Error: 1.2477672195795843e-15
A1: [0.08043169525731879, -0.18046780017901123, -0.019588846413245896, 0.11962498230969452] - [0.037415578683893884, 0.13359638486609302, -0.1347261875055521, -0.03628582640654151] - [-0.001702800226052404, 0.22819013529310914, -0.12282836388597565, -0.1036588914427409] - [0.038863228397501594, -0.11448102456711338, -0.046416447423554066, 0.12203422192506336]
A2: [0.035307443019191156, -0.02927347583918199, -0.0756973499912171, 0.06966340770033608] - [0.10289375297621257, 0.2828967035902172, -0.3926063940215196, 0.006815998418083702] - [-0.011187063284914932, 0.5390146276121419, -0.3594509807498572, -0.16837642588668694] - [0.09786281541728156, 0.0174633325777582, -0.16885099527451553, 0.05352489518795866]
B1: -6.434106187194009e-09 - 7.271153943411277e-09 - 1.0537490622002638e-09 - 4.152465444589713e-09
B2: 2.8296492301565296e-09 - 1.3831519942477255e-08 - -7.0298642419326494e-09 - 1.6770237839723388e-09
