Number: 3893
Error: 8.978196510889339e-16
A1: [0.06621315906172412, -0.11395210182393796, -0.023983972882410862, 0.07172284556755708] - [0.03740257128201297, 0.18819333041002445, -0.1474089869340287, -0.07818705033622844] - [-0.060229324610676975, 0.32895084499317206, -0.12775306397196906, -0.14096827674357126] - [0.039046068619846955, -0.05332277198298476, -0.037418677965759935, 0.05169503355604839]
A2: [-0.009108672478028199, -0.34680328804359484, 0.249454992852546, 0.10645657851384506] - [0.08003977735753118, 0.03628220482243693, -0.05025016516847522, -0.0660720128529193] - [-0.04245280882293218, 0.23083190282549076, -0.040531234148114256, -0.147847827210884] - [0.06813488121161568, -0.2934677394310351, 0.14177135171446495, 0.0835619753002344]
B1: 2.7930262649699593e-09 - 3.3942407029515718e-09 - -2.6980565073497077e-08 - -1.700713485308907e-08
B2: -1.8119332131269432e-08 - -2.3407495723332393e-08 - -2.8744204218048447e-08 - 1.3141354897993985e-08
