Number: 2582
Error: 7.794708459412437e-09
A1: [0.06329393078455464, -0.04800716917868768, -0.023580580521973697, 0.007717947935332086] - [0.04381325458176949, 0.19141711171148926, -0.14240867806596033, -0.09234621404418185] - [-0.1230077857984587, 0.4153066282440912, -0.10440952558995892, -0.18662402000582137] - [0.03677892651413855, 0.018949367953279603, -0.03335281944192482, -0.023271169716064934]
A2: [0.06381085313283506, -0.17332309910088406, 0.08669843797039523, 0.024323577365483826] - [0.029095749673549685, 0.20010708883013426, -0.10190365965537405, -0.12806348192859987] - [-0.09308828709939676, 0.5139967509271555, -0.2252869861454597, -0.19478674967272627] - [-0.025722856573567456, 0.01872634338416487, -0.05009073058102454, 0.057174570396572116]
B1: 1.7660023806354542e-05 - -0.00024571634239268505 - 0.00018388156784781645 - 0.00017552182647326636
B2: -2.881276890652536e-05 - 0.0003253999146938208 - 3.7091675281701706e-06 - 4.350875513037933e-06
