Number: 3246
Error: 0.0017864114242999655
A1: [-0.021234985750042915, -0.19880478034937832, -0.12201383568205812, -0.02248631534812147] - [0.037039600955656705, 0.17274595771995654, -0.15147236707669942, -0.07993240443272079] - [-0.4035154920831825, 0.0410497932100371, -0.4419245692635491, -0.4518194385300776] - [-0.21220150675513902, -0.2668549700978445, -0.2750571081298552, -0.18177787358222092]
A2: [-0.2562476450972695, -0.6606405423520046, 0.0180020842103253, -0.1602652691077398] - [-0.04878647633143468, -0.06717926972653056, -0.1700264690573672, -0.19605497959734688] - [-0.1413447019622277, 0.10979690059986712, -0.19481354931344338, -0.29520443426252907] - [0.0021041462332906536, -0.36635138968377395, 0.01980035320354809, -0.026984358179590093]
B1: -0.05339900106169065 - -0.275497470773164 - -0.0667185132238694 - -0.06279223998693706
B2: -0.20309137402345676 - -0.245266911251099 - -0.031179940611374874 - -0.04799917377398051
