Number: 321
Error: 1.946557190393496e-09
A1: [-0.012253903974181161, -0.014620415178879298, 0.01797621524891184, 0.008475729073424695] - [0.06582934169670322, 0.18948958520732567, -0.1453286711342516, -0.11001513063283802] - [-0.09661608597833993, 0.42147393414014633, -0.05380781704763671, -0.2724120746321314] - [-0.0017117962367220432, -0.018594577390959786, -0.004250551266241106, 0.02292560358748652]
A2: [0.16149624327253415, -0.16784356984691925, 0.008412667767945949, -0.0024212882782309124] - [0.03542600596115155, 0.2074579637423072, -0.11726989452623891, -0.12585044337223225] - [-0.0864009701016013, 0.5813545283469513, -0.23557110048128246, -0.2601183378668143] - [-0.003909420572685772, -0.004592477678145286, 0.001036613391143348, 0.007172207130769763]
B1: -7.170729862715006e-05 - -0.0002771705996376717 - -8.977476851860143e-05 - -4.893029916949324e-05
B2: 3.2067221467399375e-05 - -0.0005183144025501737 - -1.664311997518431e-05 - 2.1799239506949252e-05
