Number: 878
Error: 1.8534362788038688e-09
A1: [-0.012153812869207695, -0.014517622936010608, 0.018086809372293473, 0.008582637794165304] - [0.06580247574868076, 0.18946374821765288, -0.14535644026615038, -0.11004503459278601] - [-0.09634477075929779, 0.421736113010381, -0.053513435046969614, -0.27209596886863247] - [-0.0013887098315514693, -0.01828389123452567, -0.003906655412439043, 0.023299059286978296]
A2: [0.1616997303162634, -0.16764386095275574, 0.008612084725744948, -0.0022228567835696983] - [0.035487211666249956, 0.207518189240483, -0.11720894040541373, -0.12579057111202213] - [-0.08611011915798587, 0.5816394523712127, -0.2352880756317141, -0.25983467892985596] - [-0.0037986810711832324, -0.004483588691499001, 0.0011461818876976114, 0.007278129130537944]
B1: -1.2553494188551212e-05 - 3.156027128466991e-05 - -9.63936286328218e-06 - -8.671435183945797e-06
B2: 6.736284855412383e-05 - 1.750095865758762e-05 - 3.44745923015461e-05 - 3.811473472271515e-05
