Number: 6813
Error: 5.900382023449172e-16
A1: [0.08043168829628772, -0.18046780713925298, -0.01958885336595491, 0.11962497534945793] - [0.03741558792152074, 0.13359639409673, -0.13472617828633285, -0.0362858171740326] - [-0.0017028368314125826, 0.228190098688528, -0.12282840043773921, -0.10365892803833136] - [0.038863229457759114, -0.11448102350982887, -0.04641644636397378, 0.12203422298466107]
A2: [0.035307455467708485, -0.029273463356234253, -0.07569733815532524, 0.0696634207290575] - [0.10289370940167607, 0.2828966596458574, -0.39260643616623975, 0.00681595278917068] - [-0.011187077460015621, 0.5390146133524868, -0.3594509941668758, -0.16837644082351064] - [0.09786281771208812, 0.017463334883000958, -0.16885099309000254, 0.05352489759675069]
B1: -1.8582880557441174e-08 - -2.250202145261548e-08 - -1.3524430481299953e-08 - -1.6509813998898964e-08
B2: -1.4674133911633815e-08 - -2.0100102401703384e-08 - -1.8873972088535902e-08 - -1.845531596442239e-08
