Number: 139
Error: 6.459295674075481e-05
A1: [0.01717589920837767, 0.016076074974440253, 0.05135738309364311, 0.04069421108470739] - [0.08210959434786629, 0.20534025957151944, -0.12888489369954492, -0.09219251658980233] - [-0.06995612804383824, 0.44816293647981426, -0.024310901710904508, -0.2405210422076089] - [0.025180635849462674, 0.008179368781724396, 0.025338995179904376, 0.05497980054899349]
A2: [0.19829012622841985, -0.13236287880367628, 0.044476497231001055, 0.0330241895001383] - [0.05944309608096167, 0.23068271261847761, -0.09403897444895191, -0.10311275798984494] - [-0.045261712427996724, 0.6216213558018214, -0.19561114483372977, -0.22042672621987347] - [0.03010529688018192, 0.02906373022942873, 0.034554360738956666, 0.039400257493505744]
B1: 0.0044151872686904355 - 0.09015181841406619 - 0.005015615245502095 - 0.003909719369923473
B2: -0.005523174772772897 - 0.11978517951888185 - -0.008255836396250691 - -0.006610867891560225
