Number: 2454
Error: 1.1960496525152734e-06
A1: [0.07120241738853404, -0.04018290159393378, -0.015680643245698716, 0.015605623020872381] - [0.04532237515070116, 0.19285362901064715, -0.1408995412157664, -0.09072214047389901] - [-0.11656500726570293, 0.42168876524168114, -0.09800053246416328, -0.18027280805311818] - [0.041158594496501624, 0.023359516130883974, -0.028980234802306194, -0.018954655945744525]
A2: [0.0653597280730933, -0.1718393887475564, 0.08823335097509402, 0.0258904153160854] - [0.027964200995462506, 0.19897510568280136, -0.10304792021563178, -0.12918871192276132] - [-0.09661417526265248, 0.5106657092241891, -0.22870243902448145, -0.19807799323164144] - [-0.028147147533590638, 0.016400020405526548, -0.05239646466505125, 0.05493959547122712]
B1: -0.0015136150021282675 - -0.0009894406647903335 - 0.0005728368966747944 - 0.00020216563518249273
B2: -0.0011992521714114985 - -8.639896658488929e-05 - -0.0006764773510007173 - -0.0009613855695018198
