Number: 9302
Error: 4.716111855751012e-10
A1: [0.05312832318370103, -0.1480455139547235, -0.02704320314409388, 0.12178357382584061] - [0.005297925948019718, 0.13082089922339493, -0.1136164977288169, -0.022565563628186795] - [-0.014589703032454271, 0.22294634100775024, -0.12718627402890043, -0.08175120663689817] - [0.02716005003580975, -0.10000644240892043, -0.049410856953922166, 0.12231175279585005]
A2: [0.08921002891158136, -0.0729576521376998, -0.12367086614427045, 0.10724141562799802] - [0.10880477573344899, 0.24977725188246122, -0.404881520581331, 0.04615191252077113] - [0.036617477798464304, 0.4625367734185991, -0.37773545503095973, -0.12149191743628901] - [0.1434035682790692, -0.04462941723266544, -0.20152185853280255, 0.10265664211257002]
B1: 1.108769718598932e-05 - -1.1011506838893307e-05 - -5.90921374261973e-06 - -1.4970871154407604e-05
B2: 1.2241979045858928e-06 - 6.406542646875564e-06 - 3.449870937621489e-05 - -4.2219058112455966e-06
