Number: 3570
Error: 3.0865389587488604e-12
A1: [0.06620622675835404, -0.11395887934417967, -0.02399090000241767, 0.07171592489595577] - [0.03739872997391857, 0.18818966024916303, -0.14741276331939596, -0.07819082680350958] - [-0.06023227639808788, 0.3289480100259223, -0.1277559519375902, -0.1409711499555805] - [0.039055590113407083, -0.05331373447238938, -0.037409466315117254, 0.05170417038052816]
A2: [-0.009109232660555286, -0.34680388223240755, 0.2494544282112095, 0.1064559911321506] - [0.08004929158756308, 0.03629245446812395, -0.05023976665492464, -0.06606152607883138] - [-0.04243651966592271, 0.23084988058598907, -0.04051377846513959, -0.1478298118170528] - [0.06814619176621266, -0.2934552860938949, 0.14178361388166727, 0.08357465659985432]
B1: 2.6886247736509e-07 - -2.59690084144391e-07 - 7.4401954715842195e-06 - -1.3979529519616702e-05
B2: 1.5849018120652904e-06 - -1.9220798077851414e-06 - -8.083148495411092e-06 - -8.393677856127335e-07
