Number: 2251
Error: 0.00011024449259939098
A1: [0.050397232859336984, -0.053813496464254325, -0.03132961841991625, 0.0008192005234587598] - [0.059439760882534665, 0.19732986094949612, -0.14544055521996904, -0.09073986301173093] - [-0.1710754927796241, 0.37910179833143515, -0.1376733532922894, -0.2212231006098039] - [0.023553036683584695, 0.020732666254470237, -0.026617085819024663, -0.02793140414657142]
A2: [0.11140062982590275, -0.13751219474888926, 0.1356324383949148, 0.06880823112006133] - [0.04547040896217447, 0.21592976891551496, -0.08309440958191903, -0.1134758373468395] - [-0.11841400140411688, 0.5057209854364382, -0.245083363235355, -0.22152200454692575] - [-0.0684830089245499, -0.0043904938098951775, -0.08932906938264633, 0.02482630843572356]
B1: 0.014665277166165998 - 0.0372468812295601 - -0.0028783409653594817 - -0.014766741715384182
B2: -0.0009163062199619553 - 0.01493463517649591 - 0.006890746743405183 - -0.004869761310124033
