Number: 3817
Error: 8.581543860034994e-16
A1: [0.06621323309355283, -0.11395202944648768, -0.023983898908681814, 0.07172291947513951] - [0.037402679544304346, 0.18819343384727863, -0.1474088805039041, -0.07818694389669005] - [-0.06022938747189987, 0.32895078461847804, -0.12775312548423667, -0.140968337924985] - [0.03904618113921968, -0.05332266518388701, -0.037418569107052574, 0.0516951415308394]
A2: [-0.009108589342253979, -0.3468031998494842, 0.24945507666098732, 0.10645666567720069] - [0.08003981432326573, 0.0362822446451335, -0.05025012476702685, -0.06607197210839796] - [-0.0424528381444495, 0.23083187046442316, -0.04053126557023013, -0.14784785963938396] - [0.06813476278759549, -0.2934678698211389, 0.1417712233313234, 0.08356184252492264]
B1: 3.621890077327954e-09 - 3.174640257560638e-08 - 3.3873139665879305e-09 - 1.1752829280298253e-08
B2: 2.1130307548496446e-08 - 3.208211092291746e-08 - -3.5336396001699916e-08 - 2.4969340116050372e-08
