Number: 173
Error: 3.099026058537997e-06
A1: [-0.007665287210111189, -0.01005689016317946, 0.022823108799115165, 0.013175737511989572] - [0.0702512030341139, 0.1937460886450322, -0.1407719290808708, -0.10508957764124437] - [-0.08790970231500111, 0.42999579380924025, -0.04434670412171084, -0.26226283086849367] - [-0.006185758139090393, -0.02299881680353621, -0.008782305113672988, 0.017748080844753572]
A2: [0.18103561261747325, -0.14879261560784773, 0.02767659860031494, 0.016289166009170953] - [0.04950175168696278, 0.22128809758793927, -0.10327492126237287, -0.11214507619366738] - [-0.07695289788007069, 0.5904758019605145, -0.22640901451515133, -0.25123631764819454] - [0.00409751507631367, 0.0032697692860136057, 0.008976630115428676, 0.014700846798336413]
B1: -0.0018806765652456645 - -0.003842955609339043 - 0.0037196667554028067 - 0.0023755962237331603
B2: -0.0006659097662918174 - -0.006642611597104189 - 0.006158567346986103 - -0.0005707864895505389
