Number: 5372
Error: 7.472707300507443e-16
A1: [0.06621323689581235, -0.11395202572912573, -0.023983895109386935, 0.07172292327101625] - [0.037402668852583566, 0.18819342363225947, -0.14740889101454235, -0.07818695440828745] - [-0.06022964688653661, 0.3289505354643639, -0.12775337933232647, -0.14096859040753543] - [0.03904617463503472, -0.05332267135711902, -0.03741857539936799, 0.05169513528954195]
A2: [-0.009108577358327699, -0.3468031871362256, 0.24945508874143515, 0.10645667824180068] - [0.08003991204121023, 0.03628234991529831, -0.050250017966765405, -0.06607186440145177] - [-0.04245276192481254, 0.23083195458488856, -0.040531183890474304, -0.1478477753435449] - [0.06813484712141062, -0.29346777696633775, 0.14177131475648017, 0.083561937078298]
B1: -1.8231774504145184e-08 - 4.689633398730122e-08 - -5.926633903156611e-08 - -5.6157118652653546e-08
B2: -1.0929377647020871e-08 - -2.2189933473224176e-08 - 7.92127514221397e-09 - -7.64926319523976e-08
