Number: 8858
Error: 4.597359366009328e-05
A1: [0.07892283731475179, -0.1818159632697458, -0.02266038777351996, 0.11847514285711333] - [0.0341266143931931, 0.13046309886195984, -0.13895247776747363, -0.03939330796406836] - [-0.0034013906351302017, 0.22650520672532737, -0.12494840479015969, -0.10535743970033666] - [0.03976031051069116, -0.11330099208785016, -0.0473306242154103, 0.12336887630621751]
A2: [0.05493331463252262, -0.009722916166011748, -0.057004147988798694, 0.09024338695799089] - [0.09989535900708987, 0.2799764281873427, -0.3949090056050351, 0.00360316361751027] - [-0.030636261144555872, 0.5186642094809053, -0.37854117207719734, -0.18870287118925116] - [0.12737186554951008, 0.04720692337068412, -0.14042613572526047, 0.08449100162835302]
B1: -0.006026762319919455 - -0.0013752028871096642 - 0.010360955878376167 - -0.007675710691909285
B2: 0.0052016703588613575 - 0.004867415205174416 - -4.560660161759527e-05 - 0.0042654039892457
