Number: 5658
Error: 0.00011327795622927243
A1: [0.05363648166566085, -0.12613248342199, -0.036511165582877265, 0.05917042780811759] - [0.026037893082917436, 0.17744060379172297, -0.15854209802079763, -0.08932713821163131] - [-0.09883283056592114, 0.291904534551163, -0.1655359472124588, -0.17859244585260967] - [0.03450808653058706, -0.05732810124253149, -0.04169692242882809, 0.0473233882047495]
A2: [-0.007832949259744176, -0.3454990088099005, 0.25051827125759096, 0.10821947566937713] - [0.09010882821593329, 0.047134054321121735, -0.03932543420367174, -0.05485444383983313] - [-0.03632693298247436, 0.23756854351409523, -0.0341336098112193, -0.14077683099011032] - [0.08386059422528329, -0.2761751454062007, 0.15863438249734876, 0.10164493191339385]
B1: 0.008781960550096413 - 0.00473200898979988 - 0.00668979530918796 - 0.0034290514306242305
B2: -0.005316926373804563 - -0.004386242593732841 - 0.004028141508610521 - -0.010893505747007051
