Number: 4677
Error: 1.1382683029622407e-15
A1: [0.0662131800388913, -0.11395208131555618, -0.023983951921726688, 0.07172286650948706] - [0.03740257235398665, 0.18819333143422187, -0.1474089858801916, -0.07818704928231826] - [-0.06022953631922828, 0.3289506416586539, -0.12775327113754092, -0.14096848279470192] - [0.039046232404292995, -0.053322616524907405, -0.037418519509745986, 0.05169519072541616]
A2: [-0.009108472348643109, -0.3468030757376743, 0.24945519460098675, 0.10645678833842429] - [0.08003985446274971, 0.03628228788686811, -0.05025008089681768, -0.0660719278656984] - [-0.04245277007383297, 0.23083194559132733, -0.04053119262298475, -0.14784778435586615] - [0.06813468727010404, -0.2934679529690828, 0.14177114146289727, 0.08356175785599802]
B1: -2.4294288174729588e-08 - 5.386579053682845e-08 - -2.3558603806002792e-08 - -7.280308031705333e-08
B2: -6.868129554123953e-09 - -8.139464788227915e-09 - -5.152863358703064e-08 - 9.295334314679836e-09
