Number: 1033
Error: 0.0005458444192465094
A1: [-0.03132694455197178, -0.04731811473100189, -0.023223645323848095, -0.015312586986963361] - [0.05280002643914563, 0.17647833780405545, -0.1613523000366101, -0.12549697404725793] - [-0.20495864066076253, 0.3252736547205984, -0.18357067972016697, -0.3858353037677618] - [-0.21513474951573444, -0.194393547508971, -0.2323546641898096, -0.1853204608506681]
A2: [0.19070915424683926, -0.1534819463249123, 0.057747359812271415, 0.09254451610050084] - [0.05110635293249136, 0.22162187088972216, -0.09729167899295434, -0.105693130530479] - [-0.09885338564395213, 0.5644330685280623, -0.23576713305443872, -0.2522399212373562] - [-0.016748504242280693, -0.015785817361623176, 0.0041808264706078195, 0.02433469079650276]
B1: -0.026121718086496413 - 0.003188212508552255 - -0.025459429981161415 - -0.011313111537039757
B2: -0.026495120803673645 - -0.008088711707143807 - 0.013134516549037002 - 0.02619565377060507
