Number: 1442
Error: 3.2970395460436716e-10
A1: [-0.007117947723409077, -0.014923570577575191, 0.0030694988041046136, 0.01952621912113908] - [0.06678547049556241, 0.18984472474940797, -0.14677775890574987, -0.10990826698351001] - [-0.11252516317198046, 0.4418442456013737, -0.07072677863229897, -0.25803469161155035] - [-0.023558753053722264, 0.015158000808982762, -0.030128037219089104, 0.0387115374725938]
A2: [0.13162742890981521, -0.22458779950234314, 0.022707187022344345, 0.07020094146859071] - [0.03262630566159745, 0.20372962114066612, -0.1149081467570337, -0.12147696619689076] - [-0.09451153931074179, 0.5556494298061421, -0.23509306523068094, -0.2255257867882555] - [-0.02103894270909675, -0.019484402962422438, 0.007908220869143326, 0.031978373278494655]
B1: 3.4389859249624494e-05 - 3.9899069406356325e-05 - 9.976783696220506e-06 - -5.767294657468429e-07
B2: 2.2647047613733433e-05 - -2.143510637550244e-05 - -1.0385387657680495e-05 - 4.496655485070329e-05
