Number: 2017
Error: 8.440803890009618e-05
A1: [-0.02453370870377493, -0.03351812672648831, -0.018117653432030884, 0.0010362189051558949] - [0.04969664310919939, 0.17331437397536373, -0.16487986566129348, -0.12908337687964713] - [-0.09258345198672283, 0.4628457398456447, -0.05162170231886583, -0.235615298402607] - [-0.02812566788486076, 0.011367200605597661, -0.035680088886276634, 0.034479568648857976]
A2: [0.1382135663542904, -0.21990834694660905, 0.03156542365735774, 0.07783345379299401] - [0.03891143738852146, 0.20873622388100288, -0.10886691089088264, -0.11578457921501095] - [-0.09890963955630487, 0.5485370368671382, -0.23746529333866429, -0.23011695089664874] - [-0.03698057057264511, -0.039061679224984575, -0.007617436706593305, 0.016754300096956887]
B1: -0.0022046566648635975 - 0.008041864537046625 - 0.0056005705221803875 - -0.0025741289237006092
B2: 0.012940442299339858 - 0.014761257162164747 - 0.010277892834303713 - 0.004543902849890561
