Number: 2658
Error: 1.1210731661685152e-08
A1: [0.06344999708770478, -0.04785730067436156, -0.023428534441178917, 0.007871051499314146] - [0.04373103653904844, 0.19133704236218022, -0.14249338684868806, -0.09243631562389158] - [-0.12281328329634017, 0.41549406169020586, -0.10421869528018421, -0.18643387319753807] - [0.0368469503911076, 0.019011657495900468, -0.03328737984164318, -0.02320598114108538]
A2: [0.06426701972025886, -0.1728646193008295, 0.08715173355297691, 0.02477563130017118] - [0.029386801300570822, 0.2003939882839006, -0.10161384881938004, -0.12777836715098081] - [-0.09340342634707093, 0.5136887182900507, -0.22560128010435543, -0.19509098526507487] - [-0.026086009728102613, 0.01836381877846282, -0.050450391016260566, 0.056823417835170066]
B1: -0.00014129193924102663 - -0.00011239012180856714 - 0.0001747214172982364 - 0.0001824432481554714
B2: -1.0569983239026113e-05 - -0.00014466122250619346 - 4.795125081408496e-06 - 0.00018075784055539097
