Number: 8520
Error: 1.5682714019642935e-15
A1: [0.08043169510335316, -0.18046780033294568, -0.01958884656705528, 0.11962498215574863] - [0.037415598520319414, 0.13359640468758166, -0.13472616770842075, -0.03628580658097342] - [-0.001702839224035933, 0.2281900962959327, -0.12282840282687306, -0.10365893043031817] - [0.038863232135016676, -0.11448102084001255, -0.0464164436883976, 0.12203422566031057]
A2: [0.03530737601777733, -0.029273543025861392, -0.07569741369544658, 0.06966333757621077] - [0.10289378432779599, 0.28289673520791025, -0.39260636369858565, 0.0068160312476807025] - [-0.011187201879122687, 0.539014488191291, -0.35945111193254625, -0.16837657192795671] - [0.09786279209626564, 0.01746330915063549, -0.16885101747462464, 0.05352487070847889]
B1: 1.596133955652088e-08 - -2.5586601533940795e-08 - 4.4636276071149575e-08 - 1.2051272384728708e-08
B2: -2.297005995988672e-08 - 6.926156839656242e-09 - -1.898391305510148e-08 - -1.6171252837480613e-08
