Number: 3546
Error: 1.3465464290331653e-11
A1: [0.06622830215942753, -0.11393729753607976, -0.023968842333075852, 0.07173796375101388] - [0.03740783730788476, 0.1881983614434322, -0.14740381023755117, -0.07818187247588358] - [-0.06023485132933086, 0.3289455375031887, -0.12775847103176033, -0.1409736564772023] - [0.03906340657819466, -0.053306315685038304, -0.037401904626564, 0.051711671490064656]
A2: [-0.009131413344671657, -0.34682741223072966, 0.24943206900794374, 0.10643273583737352] - [0.08003284892750623, 0.03627474128131569, -0.05025773748036202, -0.06607964964456975] - [-0.042459226838416096, 0.2308248198737461, -0.040538112145539075, -0.14785492586871946] - [0.06808723370121669, -0.29352020181768895, 0.14171969848573898, 0.08350855448073609]
B1: -5.970876005342289e-07 - -6.427652751495986e-06 - 7.392043082330116e-07 - 6.093927453498748e-06
B2: -8.937204634734997e-08 - 3.990559176736649e-06 - -5.727954244857849e-06 - -1.1183801525578434e-06
