Number: 5174
Error: 8.699822043973741e-16
A1: [0.06621316091230296, -0.11395210001472937, -0.02398397103330388, 0.07172284741499695] - [0.03740248340012752, 0.18819324644484114, -0.14740907332863132, -0.07818713673849925] - [-0.06022941753915114, 0.3289507557402952, -0.12775315490633815, -0.14096836718858796] - [0.039046075681440987, -0.0533227652803755, -0.0374186711338814, 0.05169504033236742]
A2: [-0.009108482499198583, -0.3468030865058595, 0.24945518436821604, 0.1064567776962245] - [0.08003985833495234, 0.03628229205834398, -0.050250076664651276, -0.06607192359766041] - [-0.04245275154070128, 0.23083196604547027, -0.04053117276226521, -0.14784776385908663] - [0.06813483992573434, -0.29346778488896574, 0.14177130695596102, 0.08356192901074952]
B1: 4.7153635841499684e-08 - 4.5182494079710974e-09 - 1.378575998877041e-08 - 1.7335170699703918e-08
B2: -3.075280237271466e-08 - 2.078311806388613e-08 - 1.0750162307192431e-07 - -1.1148466859569996e-08
