Number: 2096
Error: 0.0013202090447424117
A1: [0.24013401390458272, 0.19626920360492878, 0.2089108705184507, 0.2185142662862305] - [0.012702563980193574, 0.1428723745956493, -0.19705606113821603, -0.16317493335323924] - [-0.042773422249560045, 0.5205027573211858, -0.002755307595956727, -0.12268958025657771] - [-0.03531845282077173, -0.018871801156928845, -0.10463830220416734, -0.05508166974783253]
A2: [0.09768949169171953, -0.23933042011387579, 0.03481754197033925, 0.023249182983210204] - [0.03783884047586168, 0.2044839784475595, -0.11757792259448142, -0.12202008160218616] - [-0.15831457820563324, 0.45465358611374906, -0.3084706533930385, -0.29940889717379965] - [0.03707436200113341, -0.0001930787780079074, -0.00959637842680218, 0.0961906789060781]
B1: -0.0029478328557101217 - -0.050690071915435515 - -0.03712577962756236 - 0.018729466575555614
B2: 0.04736930111242889 - 0.06716736784667343 - -0.04247759720258708 - -0.016236519132844438
