Number: 8489
Error: 9.664624379823978e-16
A1: [0.08043173003489774, -0.18046776540536164, -0.01958881167728212, 0.1196250170832986] - [0.0374155569536524, 0.13359636315229137, -0.13472620919237996, -0.0362858481246921] - [-0.001702801183098652, 0.22819013433607607, -0.12282836484162361, -0.10365889239952028] - [0.03886331227445511, -0.11448094092550486, -0.046416363600032366, 0.12203430574991593]
A2: [0.035307448267001294, -0.029273470576812646, -0.0756973450016223, 0.06966341319269308] - [0.10289372907773416, 0.28289667948897385, -0.3926064171357935, 0.006815973392903707] - [-0.011187245999466838, 0.5390144438077857, -0.35945115369348757, -0.16837661841903362] - [0.09786279787054328, 0.01746331495119486, -0.16885101197787264, 0.05352487676958012]
B1: 2.38723947156918e-08 - -7.810123602357388e-09 - 6.300379296320289e-08 - 8.451498587205581e-09
B2: 2.6238865020637174e-08 - -3.5098167892850036e-08 - 7.683341982614101e-09 - 4.375234766913296e-08
