Number: 9753
Error: 2.8057417674764917e-15
A1: [0.05317257266338884, -0.14800124844442025, -0.02699902482242825, 0.12182784451602709] - [0.00531375362474402, 0.13083672811180108, -0.1136007099696936, -0.022549729520737763] - [-0.014444540092266808, 0.22309155729055388, -0.12704124306224487, -0.08160599653732213] - [0.027146564494718924, -0.10001993363934585, -0.049424403780275995, 0.12229822506806685]
A2: [0.0892547545512029, -0.07291307773716182, -0.12362713415725454, 0.10728667993665333] - [0.10884169439531009, 0.24981414670151303, -0.4048453232555015, 0.04618944510559915] - [0.036635461105143076, 0.4625546510431231, -0.37771790942344524, -0.12147374321923414] - [0.14342640181382757, -0.04460665459149607, -0.20149956612460568, 0.10267983064193638]
B1: -7.4146856548605534e-09 - -1.553034203854067e-08 - -1.5477097973662618e-07 - -2.7246231319810493e-08
B2: -6.432150431069511e-08 - -3.251552276271312e-08 - -7.610968230375338e-08 - -5.3425287619513855e-08
