Number: 879
Error: 3.703004968298102e-09
A1: [-0.01205986347231231, -0.01442112492894301, 0.018190651707967503, 0.00868303566683934] - [0.06580064920081576, 0.18946199135826258, -0.1453583287260596, -0.11004706810120435] - [-0.09630678491109293, 0.42177282735579125, -0.05347221572352061, -0.27205171186285243] - [-0.001368863057342805, -0.0182648014427631, -0.003885528571558883, 0.023322001474032975]
A2: [0.16173328399553405, -0.16761093707710856, 0.00864496331446371, -0.002190142889096231] - [0.035494698556437304, 0.2075255560015957, -0.11720148499161867, -0.12578324720244474] - [-0.08607958918636469, 0.581669358373417, -0.23525836789203505, -0.2598049049915525] - [-0.003783352839223808, -0.004468514056859114, 0.0011613536472050102, 0.007292795351664106]
B1: 4.328164206979735e-05 - 6.463027657935081e-05 - 3.736274360557731e-05 - 1.0059784168812844e-05
B2: 1.6130670965211054e-05 - -4.670083678763102e-05 - -2.5157235135698072e-05 - -6.099834517239434e-06
