Number: 3263
Error: 0.00013646256532881497
A1: [-0.022285440648539274, -0.20246580829723276, -0.11941837219006878, -0.02220669007535033] - [0.04647346154331597, 0.19013641127577197, -0.1372623388439632, -0.06774241271467508] - [-0.04238659622395493, 0.3560201323102327, -0.10069688490841189, -0.11431266980272906] - [0.003593890571784164, -0.08000451187124598, -0.07075579853109631, 0.01920810153096361]
A2: [-0.013305371964697131, -0.36373999223690434, 0.25023156028310484, 0.10124382705119693] - [0.05920385442837704, 0.021707645532929587, -0.08018574036797067, -0.09505555612825714] - [-0.13770833119016299, 0.106022042224262, -0.16591475470392975, -0.2685766769107437] - [-0.02099923224920964, -0.4075270791302334, 0.02266309238364474, -0.0307071964544798]
B1: 0.0019092748497407698 - -0.04287935178664551 - -0.0034045479273647743 - -0.003387143592529377
B2: -0.023229439011112622 - -0.062199992001179566 - 0.008947587305814896 - 0.011962751655222993
