Number: 6283
Error: 8.776134828887779e-16
A1: [0.08043165230727398, -0.18046784312418826, -0.01958888931193447, 0.11962493936455743] - [0.03741555908584884, 0.13359636528288463, -0.13472620706454783, -0.036285845993727736] - [-0.0017028340120752805, 0.22819010150780925, -0.12282839762253144, -0.10365892521974472] - [0.0388632103865224, -0.11448104252754401, -0.046416465423057995, 0.12203420392528068]
A2: [0.03530745537147, -0.029273463452739932, -0.07569733824683125, 0.06966342062834188] - [0.10289375327091974, 0.28289670388742566, -0.3926063937364827, 0.00681599872668202] - [-0.011187006515435867, 0.5390146847202314, -0.35945092701634235, -0.1683763660666718] - [0.09786282722047131, 0.017463344434636506, -0.16885098403864657, 0.053524907577469714]
B1: -2.6184355745467257e-08 - -7.025211280244413e-10 - -1.5060937666888503e-08 - -3.866629394321271e-09
B2: -1.899044105205662e-08 - -1.790260813890601e-08 - -1.1153425311563457e-09 - -8.333651853282977e-09
