Number: 3852
Error: 6.504286517986581e-16
A1: [0.06621308177326835, -0.11395217738524185, -0.02398405011021119, 0.07172276840881336] - [0.03740253476770889, 0.18819329552309078, -0.1474090228303865, -0.07818708623576082] - [-0.060229319445202226, 0.3289508499543279, -0.12775305891734712, -0.14096827171613505] - [0.039046162759490174, -0.05332268262921945, -0.0374185868888194, 0.05169512389346076]
A2: [-0.009108590023152023, -0.34680320057181147, 0.24945507597457908, 0.10645666496331561] - [0.08003983118739191, 0.036282262812633866, -0.05025010633547943, -0.06607195352035912] - [-0.04245279431131444, 0.2308319188414314, -0.04053121859687482, -0.14784781116155576] - [0.0681347849357865, -0.2934678454349943, 0.14177124734212346, 0.08356186735715784]
B1: -2.937484178546256e-09 - -3.427448679033708e-08 - -1.6731047550993385e-08 - -2.440183170001956e-08
B2: -3.736960927785753e-08 - -3.378160106543937e-08 - 8.815372524109232e-08 - -8.247995051259138e-08
