Number: 7014
Error: 1.1048457641762456e-15
A1: [0.08043171163770864, -0.1804677838004759, -0.01958883005243924, 0.11962499868821425] - [0.0374155875200766, 0.1335963936955887, -0.13472617868697392, -0.03628581757525373] - [-0.0017027890693826265, 0.22819014644953792, -0.12282835274564083, -0.10365888028904863] - [0.038863180350257216, -0.114481072479518, -0.04641649544018311, 0.12203417390768026]
A2: [0.03530743784172042, -0.029273481030970907, -0.07569735491388416, 0.0696634022815481] - [0.10289371712689292, 0.28289666743664466, -0.3926064286945125, 0.006815960878613033] - [-0.011187104758980514, 0.5390145858906863, -0.35945102000594015, -0.1683764695893953] - [0.09786280348086117, 0.017463320587041795, -0.16885100663720817, 0.05352488265859547]
B1: 1.3920815647027781e-09 - -1.2066193325403401e-09 - -1.2701348646151092e-09 - -6.093891461389102e-10
B2: 1.4874142402923814e-08 - -3.816680982039273e-09 - 2.500150663711486e-08 - -3.7673619616820084e-08
