Number: 863
Error: 1.735451802916552e-10
A1: [-0.012196019172701389, -0.014560957632938158, 0.018040163509152433, 0.008537542072671859] - [0.06584783592664958, 0.18950738229576206, -0.14530954196981638, -0.10999453117252025] - [-0.09627072092913458, 0.42180769053587935, -0.05343307933246046, -0.2720096945051284] - [-0.001264399331509032, -0.018164330273960586, -0.003774329741268944, 0.023442742347804135]
A2: [0.1615967848648969, -0.16774489656658376, 0.008511194503236164, -0.0023232561285355573] - [0.0354909084242446, 0.20752182300690575, -0.11720526117270308, -0.12578695740275112] - [-0.08621768044214369, 0.581534068185071, -0.23539275371344248, -0.25993960167896085] - [-0.0038312942913547965, -0.004515678111851437, 0.0011138915624222063, 0.007246907041024678]
B1: 2.2449091211163637e-05 - 1.370111319522952e-05 - 2.2416274455176424e-05 - 1.1219158012721237e-05
B2: 4.5861312316939204e-05 - 2.7420206939096283e-05 - 2.0127495651690137e-05 - 9.206040589673796e-06
