Number: 775
Error: 1.4862543083953935e-13
A1: [-0.01215478896948836, -0.014518603043216732, 0.018085741354209234, 0.00858160648405142] - [0.06583648673879748, 0.1894964646128965, -0.14532127650663554, -0.11000716753707807] - [-0.09629460046003746, 0.4217846146430277, -0.05345898961030679, -0.27203751258063896] - [-0.0013235747156546038, -0.01822123991784418, -0.0038373189327147814, 0.023374345853957437]
A2: [0.1615869868590042, -0.16775451222787147, 0.00850159457354628, -0.0023328101268792925] - [0.03548561242790566, 0.20751661246059866, -0.11721053484877363, -0.12579213823329727] - [-0.08621367819319047, 0.5815379909996367, -0.23538885654782252, -0.2599356983639265] - [-0.003834441876486093, -0.0045187731196583624, 0.0011107769177305436, 0.007243895457895165]
B1: 1.7299533626930592e-07 - 2.772086465952758e-07 - 2.8392388779498355e-07 - 9.432693267876556e-08
B2: -6.827606916914434e-07 - 1.2238347259429051e-06 - -1.3838940149288613e-06 - 1.067530165911893e-06
