Number: 5286
Error: 1.0441174284276272e-15
A1: [0.06621309973400709, -0.11395215982589704, -0.023984032163580773, 0.07172278633937307] - [0.03740254163813945, 0.18819330208736998, -0.14740901607616663, -0.07818707948097549] - [-0.06022935745723736, 0.3289508134455906, -0.1277530961137654, -0.14096830871219357] - [0.03904610523687369, -0.053322737227382, -0.03741864253992959, 0.05169506869413151]
A2: [-0.009108461964234286, -0.34680306472154365, 0.24945520506924668, 0.10645679922594951] - [0.08003988945946106, 0.0362823255883095, -0.05025004264734836, -0.06607188929154988] - [-0.042452848983391654, 0.23083185850202947, -0.04053127718547402, -0.14784787162664464] - [0.06813475901460035, -0.29346787397536356, 0.14177121924068758, 0.0835618382947857]
B1: 1.0406279416796682e-07 - -7.848496253331856e-08 - -4.914903717102168e-09 - -2.112659971067327e-08
B2: 9.752855340743747e-09 - 3.144093052847936e-08 - -2.9492913285413764e-08 - 1.484318716259291e-08
