Number: 8112
Error: 9.224068125328574e-16
A1: [0.08043165107215844, -0.18046784435918437, -0.01958889054559919, 0.11962493812956962] - [0.03741563418185035, 0.13359644032206486, -0.1347261321180869, -0.03628577093928893] - [-0.0017028306915486218, 0.22819010482825502, -0.12282839430686614, -0.10365892190010283] - [0.038863220290808825, -0.11448103265106346, -0.04641645552508831, 0.12203421382340596]
A2: [0.03530746130608361, -0.029273457501689464, -0.0756973326042188, 0.06966342683949515] - [0.10289375102796029, 0.28289670162543845, -0.3926063959058164, 0.0068159963779633416] - [-0.011187092537509019, 0.539014598185025, -0.3594510084380313, -0.16837645671122237] - [0.09786280052615884, 0.017463317618872903, -0.16885100944989748, 0.05352487955711131]
B1: -1.103532125934112e-08 - -2.3373466569971317e-09 - -1.1876543036886426e-09 - 2.3395713514553776e-09
B2: -2.468620750721059e-08 - 3.0206262815112454e-08 - -1.1314962985669937e-08 - -4.80934656185921e-09
