Number: 1807
Error: 5.3212755512678966e-08
A1: [-0.006306548733799582, -0.014099048188267634, 0.003951047611026462, 0.020335451223380166] - [0.06673497053294067, 0.1898019463527302, -0.14683238451438949, -0.10996341054434203] - [-0.1114522581979609, 0.44292013405729047, -0.06965185730322362, -0.2568664301700694] - [-0.023510091609087656, 0.015242193205721476, -0.030144849127339925, 0.038771045606498904]
A2: [0.13268213121264785, -0.22357097929364814, 0.02376029401772423, 0.07124196916880146] - [0.03268030143797759, 0.2037917493745158, -0.11485298419643603, -0.12141834431343734] - [-0.09408533198187125, 0.5561049221435187, -0.23458622608957186, -0.22498661527725303] - [-0.020308365157196938, -0.018802138324163976, 0.008626586497923727, 0.0326644783895857]
B1: -8.573584502276124e-05 - -0.0005698490185398394 - 0.00030179402841321387 - -0.00025213882537485766
B2: -0.00026281554430998766 - 0.0002563636021721483 - -0.00016672084490625255 - 0.0002491240259923016
