Number: 965
Error: 8.961554061635035e-05
A1: [-0.012593974086263317, -0.014963250421020813, 0.017600908216863113, 0.00812700505446583] - [0.0648415424127749, 0.18853959635272843, -0.14635044578026604, -0.11111436110086181] - [-0.09774077196899245, 0.42039617864913026, -0.055024566044153844, -0.27369788242914705] - [-0.0012842648950246822, -0.01817467132135812, -0.003793367298123346, 0.023443317331618065]
A2: [0.1591193558144778, -0.17018403272804083, 0.006079472316027317, -0.00473541838948985] - [0.035369782954156485, 0.20740122420895662, -0.1173263961988814, -0.12590490218308434] - [-0.08698804377392559, 0.5807803055104882, -0.2361458538234154, -0.26069042131267245] - [-0.004239550586775852, -0.004908521649033988, 0.0007074984180785193, 0.006854329789657927]
B1: -0.001300885198710613 - -0.0036135967186930306 - -0.0017826886292588318 - -0.0014679585927386699
B2: 0.007863374393986475 - 0.00677337876379576 - 0.008508068021526621 - 0.00735563014873847
