Number: 6966
Error: 7.362197142223727e-16
A1: [0.08043168186315028, -0.18046781357166208, -0.019588859791395907, 0.11962496891705657] - [0.03741558667137331, 0.13359639284752764, -0.13472617953398652, -0.036285818423487014] - [-0.001702822144062707, 0.22819011337556308, -0.12282838577189394, -0.10365891335490171] - [0.038863228524444966, -0.11448102444052491, -0.04641644729669327, 0.12203422205192684]
A2: [0.03530743855164161, -0.029273480319086324, -0.07569735423890071, 0.06966340302455787] - [0.10289380984134171, 0.2828967609379689, -0.3926063390223058, 0.006816057964184053] - [-0.011187168369223469, 0.5390145219010366, -0.3594510802144207, -0.1683765366177278] - [0.09786280839121025, 0.017463325519726267, -0.16885100196287353, 0.053524887812863096]
B1: 2.2219557887213147e-08 - 3.344218362045923e-09 - -8.129950072062075e-09 - 9.088768844297037e-09
B2: 4.292692693820943e-09 - 6.820411220128369e-09 - 1.0529408440268625e-08 - 4.090836870428503e-09
