Number: 5848
Error: 9.0325471018763e-07
A1: [0.08193195164748125, -0.17897848104654715, -0.018083064791013688, 0.12112837872191044] - [0.041813041170574605, 0.1379834870778273, -0.13033739607028166, -0.03189113384939406] - [-0.0017765602586862267, 0.22811113441415343, -0.12289520246670814, -0.1037292983009946] - [0.03805402325805346, -0.1152971684859582, -0.04721132843110899, 0.12123264976601189]
A2: [0.03258250233497955, -0.032013964831827765, -0.07828219168714173, 0.06682206166258718] - [0.09896375772136062, 0.27890881211239493, -0.39641198162113717, 0.0027139062544615598] - [-0.011091483685407248, 0.5391159954926238, -0.3593515775860419, -0.16827287267743368] - [0.09658402856771292, 0.01617773047475144, -0.17006193041159182, 0.052187656978466224]
B1: 0.0004766005857151764 - 0.002200286027064238 - -0.0011800311680075868 - -0.0002473098806846072
B2: 4.976531857126329e-05 - -0.0007004399840616419 - -0.0004857675756507303 - 5.334980305117263e-05
