Number: 8462
Error: 9.65567617117529e-16
A1: [0.08043172690957137, -0.18046776853033597, -0.019588814798871885, 0.11962501395832772] - [0.03741565269925304, 0.13359645882542293, -0.13472611363755363, -0.036285752432132515] - [-0.0017027856371286025, 0.22819014988171754, -0.12282834931841007, -0.10365887685769762] - [0.03886327951330282, -0.11448097359472614, -0.04641639634031574, 0.12203427300911986]
A2: [0.03530740720907097, -0.029273511748309198, -0.07569738403907762, 0.069663370221219] - [0.10289374628006076, 0.2828966968372771, -0.39260640049791146, 0.0068159914062241875] - [-0.011187121858201463, 0.5390145686894374, -0.3594510361907748, -0.1683764876073892] - [0.09786279029685893, 0.017463307343051064, -0.1688510191875473, 0.053524868819695884]
B1: -1.8903458875314286e-08 - -2.3472402227196065e-09 - -9.892071468561722e-09 - -1.2922522960342016e-08
B2: -7.4284171170326904e-09 - -1.3786154741965195e-08 - -8.708485293425527e-10 - -1.4024575424513809e-08
