Number: 6895
Error: 1.0144379041975835e-15
A1: [0.08043166551804842, -0.18046782991491322, -0.01958887611695758, 0.11962495257382028] - [0.037415580419427844, 0.13359638660031392, -0.1347261857734768, -0.036285824671969696] - [-0.0017028309176957128, 0.22819010460211747, -0.12282839453268074, -0.10365892212619293] - [0.03886322164082679, -0.11448103130482494, -0.04641645417592448, 0.12203421517258714]
A2: [0.03530753674964672, -0.029273381849480692, -0.07569726087349586, 0.06966350579942504] - [0.10289374588699783, 0.28289669644083565, -0.3926064008781155, 0.006815990994639092] - [-0.011187107142117203, 0.5390145834933419, -0.3594510222616283, -0.16837647210058218] - [0.09786283845115584, 0.017463355716403745, -0.16885097334775281, 0.053524919366021495]
B1: -1.6312472084630413e-08 - 2.033814921016367e-08 - -3.433387367163097e-08 - -7.880944413702899e-09
B2: -1.529855651189649e-08 - -9.751718785181276e-09 - -3.1883395485021517e-09 - -9.128131656381888e-09
