Number: 7476
Error: 1.1931397699406453e-15
A1: [0.08043172929820652, -0.18046776614198579, -0.019588812413068712, 0.11962501634668998] - [0.03741562968217877, 0.13359643582577763, -0.1347261366088819, -0.036285775436509425] - [-0.0017027743548161491, 0.2281901611637903, -0.12282833805261922, -0.10365886557840526] - [0.03886327555440524, -0.11448097754255691, -0.04641640029671052, 0.12203426905265095]
A2: [0.035307501985103906, -0.029273416710169035, -0.07569729392714158, 0.06966346941451274] - [0.10289374423204396, 0.28289669477184576, -0.3926064024787575, 0.0068159892616716485] - [-0.011187092203579125, 0.5390145985209778, -0.35945100812197067, -0.1683764563593276] - [0.09786280771345518, 0.017463324838891875, -0.16885100260805458, 0.05352488710144321]
B1: 1.5961513848514912e-08 - 1.0476530059325745e-08 - -1.065212528190381e-08 - 7.961163973254662e-09
B2: 4.161299952239161e-09 - 4.692698850187503e-09 - 3.847157627554366e-09 - 3.371797455894453e-09
