Number: 2778
Error: 6.09813869301455e-09
A1: [0.06357728360462253, -0.04773026388634349, -0.023302513712532887, 0.007996602512412023] - [0.043630768054066675, 0.19124066592833455, -0.14259649292980625, -0.09254642102191632] - [-0.12358210788993981, 0.41472532788529415, -0.10499570465160153, -0.187208674147915] - [0.03664469859525159, 0.018808497866013917, -0.033490018984044176, -0.023407608419750096]
A2: [0.0635846967906407, -0.1735428099911279, 0.08646880459013219, 0.024100948799917622] - [0.029200168379852197, 0.2002102346154192, -0.1017996923305411, -0.12796094700593078] - [-0.09309606397689262, 0.5139900436366337, -0.22529154150011504, -0.19479430166564207] - [-0.026000428566299374, 0.018448022425547925, -0.05036154429588211, 0.056905298537591326]
B1: -0.0001122066162192197 - 6.404973913151275e-05 - -0.00013014444570278794 - 7.092758675528622e-05
B2: 7.538602445628632e-05 - -0.00014793642820800192 - -5.880235320619927e-05 - -5.65083000015882e-05
