Number: 8802
Error: 6.42557151945359e-05
A1: [0.0788534054541595, -0.18204611853313238, -0.021162338366543625, 0.11804690818042017] - [0.03349573430290848, 0.12967779075477143, -0.1386337575411053, -0.0402040998592375] - [0.0024651398148711756, 0.23235993727616813, -0.11866694941001238, -0.09949094214201179] - [0.03657656744354245, -0.11676177417486143, -0.04869832623835937, 0.11974889502902143]
A2: [0.03428028117633248, -0.03030760038972417, -0.0766707712024704, 0.06858780901281869] - [0.09969316060034927, 0.2796672188598972, -0.3957029139094091, 0.0034642696415545056] - [-0.006036143879409508, 0.544189751382366, -0.3545647763211045, -0.16294962540248784] - [0.09593168179720712, 0.015520218122548394, -0.17068789804356596, 0.05149740791978274]
B1: -0.004556879347685953 - -0.003517750064772062 - -0.006783217002929365 - -0.004214016629095421
B2: 0.0042081612482613925 - 0.00530360575901837 - -0.0001242716498884404 - 0.004220929260297945
