Number: 7461
Error: 8.85469535308938e-16
A1: [0.08043173368806551, -0.18046776175262377, -0.019588808028458426, 0.11962502073604786] - [0.03741563870265376, 0.13359644483942565, -0.13472612760638022, -0.036285766421031054] - [-0.0017027728262799002, 0.22819016269229428, -0.12282833652632051, -0.10365886405027658] - [0.038863281405809316, -0.11448097170757367, -0.04641639444903466, 0.12203427490041863]
A2: [0.035307424076730765, -0.029273494834023053, -0.07569736800147915, 0.06966338787500216] - [0.10289376260238847, 0.2828967132980997, -0.3926063847111947, 0.006816008498098055] - [-0.01118703232395441, 0.5390146587577541, -0.3594509514445647, -0.1683763932621192] - [0.09786283022709569, 0.017463347454937776, -0.16885098117651287, 0.053524910733421506]
B1: -1.1674700573158681e-08 - 1.0310472692074923e-08 - 1.33158559993724e-08 - 8.71391290801597e-09
B2: 5.292004787540175e-09 - 7.420422294469114e-09 - 7.692494040376476e-09 - 5.6587895603271575e-09
