Number: 1698
Error: 2.8149373859508143e-07
A1: [-0.0056281719722606, -0.013428017957537217, 0.0046207722159218355, 0.02104333393703467] - [0.0673763969876505, 0.1904128485200287, -0.14616771135254042, -0.10925140804060923] - [-0.11301204113595155, 0.4413442741615843, -0.0712443293425663, -0.25856881641004503] - [-0.02362930921670583, 0.015074241145152665, -0.030199439019517695, 0.0386265574124723]
A2: [0.13316743766415368, -0.22305893187763762, 0.024217024978410776, 0.07170119335221878] - [0.03313464057007591, 0.20423131331337255, -0.11440126183454485, -0.12097744379690921] - [-0.09401745696842499, 0.5561512865269619, -0.2346024805501764, -0.22504394896755503] - [-0.01959051289824765, -0.01805043604177413, 0.009338322629606332, 0.033366020306758754]
B1: -0.0009411690045725543 - 0.0009761646473649056 - -0.0006803351298817136 - -0.0006685498920157446
B2: 0.0007478881900871211 - -0.00038098762971627425 - -0.00034964214603339707 - 0.0001289303636254926
