Number: 9833
Error: 1.008931351108156e-15
A1: [0.053172532859661864, -0.14800128826274794, -0.02699906458227854, 0.12182780469311845] - [0.005313751600310591, 0.13083672608527597, -0.11360071199373806, -0.022549731547977944] - [-0.01444446494153764, 0.22309163246886277, -0.12704116797098464, -0.08160592135974927] - [0.027146458227417777, -0.10002003990652304, -0.04942451027180325, 0.12229811853071212]
A2: [0.0892543813993775, -0.07291345002599627, -0.1236274989016347, 0.10728630218374265] - [0.10884162749411981, 0.24981407978854556, -0.40484538883159665, 0.04618937707880632] - [0.03663574481685368, 0.4625549332785434, -0.37771763262020236, -0.12147345656492006] - [0.14342624273126517, -0.044606813081510634, -0.2014997214549409, 0.1026796691992157]
B1: -2.9128358478201324e-08 - 1.9608309382927544e-09 - 4.073001547872198e-09 - 7.689718559739582e-10
B2: -4.769367590688948e-09 - -1.1023260481308856e-08 - -5.938762711581984e-09 - -4.3359501832657695e-09
