Number: 6102
Error: 9.63198909720607e-15
A1: [0.0804317680705221, -0.18046772737410385, -0.01958877368712505, 0.11962505511454968] - [0.0374157466884674, 0.13359655274344498, -0.13472601983576638, -0.03628565849507331] - [-0.001702707869964713, 0.2281902276472187, -0.12282827166511025, -0.10365879911133935] - [0.03886290159578121, -0.11448135045170883, -0.046416774017040884, 0.12203389532644422]
A2: [0.03530707230997319, -0.029273847573767525, -0.07569770245651561, 0.06966301971277523] - [0.10289404122187806, 0.2828969942822765, -0.3926061152341267, 0.006816300253493296] - [-0.011187306813577576, 0.5390143826309092, -0.35945121125482465, -0.16837668250146226] - [0.09786306263216488, 0.017463580917148933, -0.16885075994202706, 0.05352515468324361]
B1: -6.448207378147959e-08 - 1.5597471457614505e-07 - 2.0237339505745777e-08 - 8.251673559139745e-08
B2: 3.960273420058872e-07 - 5.249811285196754e-07 - -4.807318427777789e-07 - 7.994203434415432e-10
