Number: 883
Error: 1.9428334848192483e-09
A1: [-0.012070369893782068, -0.014431926707017626, 0.018179036083629464, 0.00867180209572691] - [0.0657987860814729, 0.18946019983078907, -0.14536025494498586, -0.1100491418819418] - [-0.09625345718943237, 0.4218243683746324, -0.05341434921009874, -0.271989580750655] - [-0.001342392633192733, -0.018239338564071172, -0.0038573502175885083, 0.023352603584579797]
A2: [0.16169353106800097, -0.16764992409894924, 0.008606023195320075, -0.0022288721422176745] - [0.03549691154318108, 0.20752773548094522, -0.11719928053022148, -0.1257810813545858] - [-0.08611693527700627, 0.5816327941074633, -0.23529469742928838, -0.25984130331491606] - [-0.003782579131404813, -0.004467745164425087, 0.0011621237207983556, 0.007293543036998503]
B1: 4.2220395498586794e-05 - 1.158853196791156e-05 - 2.9805165055294942e-05 - -6.3462057519640706e-06
B2: -3.6417962434168427e-05 - -2.7331375308520427e-05 - -2.1900460018343375e-05 - 7.079586818909374e-06
