Number: 2717
Error: 5.9382840177625244e-09
A1: [0.06349106925950544, -0.04781651903968092, -0.023388213132885697, 0.00791127194004493] - [0.04359399447965171, 0.19120515428258592, -0.14263432048991953, -0.09258680973965878] - [-0.12389207810823231, 0.41441662383655387, -0.10530463706515669, -0.18751620238750183] - [0.036938817789287426, 0.01910287314381948, -0.03319592511016056, -0.02311501416018913]
A2: [0.06311181241062462, -0.17401285457193338, 0.08599885371210046, 0.023634471384449473] - [0.02915639046361384, 0.20016703020684648, -0.10184304784812113, -0.1280037655109727] - [-0.09296047954739982, 0.514123636503151, -0.2251560908386476, -0.19466247906881123] - [-0.025354044664399233, 0.019091589925159278, -0.04971599305140588, 0.057535474490712106]
B1: 7.922368941906492e-05 - 0.00013846078470865537 - 4.2133296176260036e-05 - 3.0432913118920312e-05
B2: 7.546339427213803e-05 - -8.752863212124563e-06 - 0.00012074514178099849 - -8.110100536332322e-05
