Number: 7552
Error: 1.2720492988400277e-15
A1: [0.08043173078086414, -0.1804677646594972, -0.01958881093218422, 0.11962501782917703] - [0.037415610000912224, 0.13359641615940612, -0.13472615625093295, -0.03628579510687447] - [-0.0017027480256504109, 0.2281901874923929, -0.12282831176200423, -0.10365883925626808] - [0.03886325986340206, -0.11448099318952641, -0.0464164159777153, 0.12203425337139881]
A2: [0.0353073615324096, -0.029273557551329498, -0.07569742746787247, 0.06966332241563845] - [0.10289365724820779, 0.2828966070497791, -0.39260648660841957, 0.0068158981769332145] - [-0.011187227452451012, 0.5390144624654178, -0.359451136138074, -0.16837659887567125] - [0.09786270086386693, 0.01746321750329058, -0.16885110432202105, 0.05352477494424359]
B1: 2.6351506862011634e-09 - -1.7783479591970378e-08 - -1.195277263999319e-08 - -1.0954266136562499e-08
B2: -6.9246547140811e-10 - -1.5346007463250627e-08 - 1.8337219230902526e-08 - -1.3583796590035434e-08
