Number: 519
Error: 2.831060964459513e-13
A1: [-0.012152046002402894, -0.014515785737724014, 0.018088773162345636, 0.008584537664001038] - [0.06583552362156853, 0.18949553813425937, -0.14532227228636285, -0.11000823987218881] - [-0.09629040367434548, 0.4217886707748326, -0.05345443558415683, -0.27203262311408805] - [-0.0013173344342415636, -0.018215238527977504, -0.0038306763461595107, 0.023381558583515736]
A2: [0.1615869380176394, -0.16775456014543977, 0.00850154672880856, -0.002332857729907141] - [0.03548575108827352, 0.2075167488937924, -0.11721039676868622, -0.12579200258564555] - [-0.08621351007533785, 0.581538155673308, -0.23538869296027587, -0.2599355344232537] - [-0.0038347696550552137, -0.004519095450023595, 0.0011104525002684864, 0.007243581856564914]
B1: 1.543465191634458e-07 - 4.3387088550560105e-07 - -2.1689585542731747e-07 - -2.08576179242237e-07
B2: 4.2648367034965024e-08 - -2.3032598086963645e-07 - 2.5093522872377377e-07 - 9.318451341622083e-07
