Number: 352
Error: 3.9312526400654964e-10
A1: [-0.012026584646605316, -0.014386920784019937, 0.018227450638411625, 0.00871862487171621] - [0.0658679849789643, 0.18952676458937187, -0.14528871157743123, -0.10997209756361562] - [-0.09633778774939275, 0.4217428789854825, -0.05350584841693091, -0.2720878351995642] - [-0.0013768807647309156, -0.01827250404958682, -0.003894054738103841, 0.023312724852852497]
A2: [0.16160597924620163, -0.1677358857001838, 0.008520199736948937, -0.002314302131354235] - [0.03549711759938156, 0.20752792982945198, -0.11719908161961477, -0.1257808849557137] - [-0.0862034945982427, 0.5815479621158743, -0.23537895252202326, -0.25992577829147134] - [-0.0038541110440216924, -0.004538107939220671, 0.001091325701895778, 0.007225090560415916]
B1: -6.45928224706638e-06 - -3.948770625951993e-06 - -1.0726777886121638e-05 - 1.0701148080791696e-05
B2: 3.484537160163041e-05 - -1.1204666468377037e-07 - -2.8857806768814486e-05 - -2.5937038722946046e-05
