Number: 9672
Error: 8.524906815811328e-15
A1: [0.053172593273833044, -0.14800122782686836, -0.02699900423522674, 0.12182786513622554] - [0.005313805575040286, 0.1308367801152266, -0.11360065802941964, -0.022549677496784586] - [-0.014444322618709695, 0.2230917748427409, -0.12704102576225787, -0.08160577898586653] - [0.02714630483191751, -0.1000201933025768, -0.04942466399182773, 0.12229796474517358]
A2: [0.08925464060752276, -0.07291319141812289, -0.12362724553405181, 0.1072865645874146] - [0.10884180377247844, 0.24981425609804664, -0.4048452160440099, 0.04618955632345989] - [0.036635913379918145, 0.4625551009652311, -0.37771746816033297, -0.12147328625301163] - [0.14342592795280515, -0.0446071266887705, -0.20150002880948975, 0.10267934975001948]
B1: -3.428778596291395e-08 - -1.5459171948373456e-07 - -2.2372840474696443e-07 - 1.296266594779631e-07
B2: 1.0806928065104201e-07 - -8.957324697936056e-08 - -3.61708592800124e-07 - -2.9772425400832763e-08
