Number: 2248
Error: 0.0003015582453525585
A1: [0.03880386663212387, -0.06554311830528185, -0.04326238848070503, -0.011342941163165945] - [0.06489420081282081, 0.20201870228320498, -0.14001554422081355, -0.08575568565009856] - [-0.14433807361821188, 0.4045970157624834, -0.11076676439268127, -0.19668334524140668] - [0.02352645616810854, 0.020757709192215743, -0.026315782402500345, -0.028780386001612826]
A2: [0.08702864774188612, -0.16280581113990358, 0.11031835327558581, 0.044513244212033634] - [0.04171659251526667, 0.2120654158932845, -0.08661672607299933, -0.11739466669977129] - [-0.18276188196631596, 0.4418192962242919, -0.3092378878705924, -0.284327294939857] - [0.00012080294709301571, 0.06395132145782395, -0.020666775709135173, 0.09189202371218803]
B1: -0.0003032672501593926 - 0.03053947092779369 - 0.03769435918182925 - -0.010096447572397601
B2: -0.005172346676087878 - 0.009339489416299494 - 0.008474495679899873 - -0.003440267034351769
