Number: 5156
Error: 1.012669250101436e-15
A1: [0.06621312286158304, -0.11395213721516102, -0.023984009054171865, 0.07172280942812716] - [0.037402606515913116, 0.18819336407367326, -0.1474089522963526, -0.07818701569551612] - [-0.06022946545519372, 0.3289507097195537, -0.12775320179415262, -0.14096841382423406] - [0.03904611787628545, -0.05332272523058496, -0.037418630311766315, 0.051695080823027144]
A2: [-0.009108577484115268, -0.34680318726973014, 0.24945508861482396, 0.10645667810992392] - [0.08003982310726547, 0.0362822541080735, -0.050250115166465964, -0.06607196242638921] - [-0.04245284349522686, 0.23083186455908442, -0.04053127130414625, -0.14784786555697382] - [0.06813476353403859, -0.2934678689992699, 0.14177122414022614, 0.08356184336189004]
B1: -5.1869377752576615e-08 - 6.16786373057141e-09 - 1.5837896264285416e-08 - 4.601914348602997e-09
B2: -5.382120513346879e-09 - -2.3719656922825756e-08 - -4.4831924277881556e-08 - -8.100006911289772e-09
