Number: 7877
Error: 1.0129773517951193e-15
A1: [0.08043165842295602, -0.18046783700921207, -0.019588883203562245, 0.11962494547954028] - [0.037415613432430606, 0.13359641958831645, -0.1347261528262489, -0.03628579167725754] - [-0.001702824142049001, 0.22819011137761597, -0.1228283877669501, -0.10365891535234892] - [0.038863203499787086, -0.1144810493949682, -0.046416472305404986, 0.12203419704282019]
A2: [0.035307313739850084, -0.02927360547606441, -0.0756974729085148, 0.06966327239563497] - [0.10289366940909489, 0.28289661931388776, -0.39260647484657085, 0.006815910911171635] - [-0.011187080801153272, 0.5390146099914078, -0.3594509973292964, -0.16837644434422425] - [0.09786275932336685, 0.017463276228699975, -0.16885104867232997, 0.053524836307656226]
B1: -1.1612744220075155e-08 - -4.175154830850737e-09 - 3.4200340480099046e-08 - 8.950813074324056e-09
B2: -1.624536385344517e-08 - 4.640162728872702e-08 - -4.671801700848075e-09 - -9.695148044979075e-09
