Number: 8050
Error: 9.072884519691772e-16
A1: [0.0804317057642015, -0.1804677896733249, -0.019588835918931225, 0.11962499281537636] - [0.03741558593014638, 0.13359639210686208, -0.1347261802736774, -0.03628581916428126] - [-0.0017028090675867648, 0.22819012645175907, -0.12282837271455867, -0.10365890028190879] - [0.0388632447280627, -0.11448100828238751, -0.04641643110339873, 0.12203423824547416]
A2: [0.0353074586183582, -0.029273460196869196, -0.07569733515968789, 0.06966342402650295] - [0.1028936908558842, 0.28289664094269, -0.39260645410350686, 0.006815933369076434] - [-0.011187046751306159, 0.5390146442443211, -0.3594509651003182, -0.16837640846478302] - [0.09786278266954776, 0.017463299681055075, -0.16885102644825525, 0.053524860813513826]
B1: -2.2125824304219843e-08 - 2.2774803266741687e-08 - -1.468963944686697e-09 - 9.924367258872259e-09
B2: 7.680715932894859e-09 - -1.2505673455414723e-08 - 1.4280148672802871e-09 - 5.701067973033042e-09
