Number: 7465
Error: 8.7316482926674e-16
A1: [0.0804317343689929, -0.1804677610717736, -0.019588807348345397, 0.11962502141689735] - [0.037415638093968105, 0.13359644423120054, -0.13472612821385324, -0.03628576702937966] - [-0.001702770583790447, 0.22819016493473573, -0.12282833428711466, -0.10365886180838578] - [0.03886328217454069, -0.1144809709409998, -0.04641639368079336, 0.12203427566867207]
A2: [0.03530746808330432, -0.029273450705735067, -0.07569732616056214, 0.06966343393262518] - [0.10289376285054572, 0.28289671354836304, -0.3926063844711801, 0.00681600875795484] - [-0.011187055848013992, 0.5390146350933854, -0.35945097371061385, -0.1683764180502254] - [0.09786282930443473, 0.017463346528079987, -0.16885098205482693, 0.05352490976492847]
B1: 3.486906768978571e-09 - 1.0668072041632516e-08 - 4.744227411399203e-09 - 8.698740817621414e-09
B2: 8.914312856298521e-09 - 1.1642062519942647e-08 - 9.601868304846084e-09 - 8.818635693996335e-09
