Number: 3833
Error: 1.0685332952345298e-15
A1: [0.06621315834515243, -0.11395210252449703, -0.023983973598420475, 0.0717228448521882] - [0.037402599563609924, 0.18819335743116658, -0.14740895913105295, -0.07818702253079297] - [-0.06022916203794008, 0.3289510011352723, -0.12775290488791854, -0.1409681185151641] - [0.039046008005674315, -0.05332282951565785, -0.03741873660793257, 0.051694975390038006]
A2: [-0.009108587764081308, -0.3468031981752889, 0.249455078251929, 0.10645666733182885] - [0.08003976434285053, 0.03628219080189086, -0.050250179392796517, -0.06607202719800831] - [-0.042452840015997605, 0.23083186839886446, -0.040531267575854714, -0.14784786170924824] - [0.06813473173226377, -0.2934679040144449, 0.14177118966432156, 0.08356180770611936]
B1: 1.032343871073272e-09 - 1.973881559115323e-08 - 6.612226703088374e-09 - 2.7047761378148994e-09
B2: -8.344956531828941e-09 - -7.858205176479623e-09 - 2.0387573024133256e-09 - 4.3789101689030967e-08
