Number: 5539
Error: 1.2957937398009157e-10
A1: [0.06620739451013573, -0.11395773750687883, -0.023989732867400793, 0.07171709073363378] - [0.03740702868132438, 0.1881975892505592, -0.14740460492361518, -0.07818266794883647] - [-0.060241392027187986, 0.3289392542688351, -0.12776487267579947, -0.1409800218186198] - [0.03904569179027194, -0.053323130236273976, -0.037419042724304595, 0.05169467186446113]
A2: [-0.009087158670752094, -0.3467804651763076, 0.24947667941671176, 0.10647913304328525] - [0.08004606134952105, 0.03628897453259276, -0.050243297331019926, -0.06606508674965612] - [-0.04244673854309596, 0.2308386024616531, -0.040524729838698904, -0.1478411147766905] - [0.06814968182510997, -0.2934514432364775, 0.1417873960491148, 0.08357856835168409]
B1: -2.264425669855769e-06 - 2.4632728481448888e-06 - 1.8726001769559193e-06 - -1.544392482134865e-06
B2: -8.45410280191611e-06 - -1.5641484845524377e-05 - -1.1394543594971248e-05 - -8.820340170078034e-06
