Number: 5045
Error: 9.705067056247838e-16
A1: [0.066213221473461, -0.11395204080687284, -0.02398391051964431, 0.07172290787454993] - [0.037402581643102305, 0.18819334030935356, -0.14740897674826223, -0.07818704014958429] - [-0.060229347473736386, 0.32895082303447176, -0.12775308634438712, -0.1409682989954364] - [0.03904613158387553, -0.0533227122198363, -0.03741861705007072, 0.05169509397705867]
A2: [-0.00910845074653079, -0.3468030528213277, 0.24945521637795892, 0.10645681098708239] - [0.08003983395237317, 0.03628226579135142, -0.05025010331341875, -0.06607195047266853] - [-0.04245278879893794, 0.23083192492515667, -0.04053121268950833, -0.1478478050651495] - [0.0681348074461428, -0.29346782065023774, 0.1417712717451877, 0.08356189259527022]
B1: 3.0947213613190647e-08 - -8.508789364834843e-09 - -3.954408254734132e-09 - 5.656417495556322e-10
B2: 3.516981938456584e-08 - 3.290546477617237e-08 - -1.1216156459703018e-07 - 8.059974052693299e-08
