Number: 3429
Error: 7.938842835694721e-08
A1: [0.06639823710876114, -0.11377213092626186, -0.023800050911974884, 0.07190714635964764] - [0.03777585795822599, 0.18854990669378363, -0.1470418816236721, -0.07781979401392787] - [-0.05951348918393626, 0.32963756065640604, -0.12705347925175994, -0.1402735987357483] - [0.040649719577946046, -0.05179927506007407, -0.03586682882113733, 0.05323340883767517]
A2: [-0.00870402519723718, -0.346373222566288, 0.24986291334952984, 0.10688302885930753] - [0.08047470871789113, 0.036750686852205845, -0.04977544278958416, -0.06559320702077147] - [-0.04120932655281464, 0.2322038835685129, -0.03919940860942308, -0.14647265874426907] - [0.06912851370172335, -0.29237362832657404, 0.1428500109041595, 0.08467791840066383]
B1: -0.00016161701353750325 - 0.000443223680478881 - 0.00019243265577491742 - 7.513463445314391e-05
B2: -0.00035921364759085214 - -0.00018069581863874672 - -7.171935215615766e-05 - 0.00035224784229779334
