Number: 3527
Error: 3.235192303453506e-11
A1: [0.06620813187422801, -0.11395701765876873, -0.02398899728583358, 0.07171782749854856] - [0.03739568982152718, 0.18818675463516232, -0.14741575229681492, -0.07819381530884621] - [-0.06019855879729818, 0.32898039842626375, -0.127722954464188, -0.14093833437568695] - [0.03904355185015887, -0.053325162269441194, -0.0374211139338929, 0.051692618746836026]
A2: [-0.009052555434567988, -0.34674375668449564, 0.24951156780430073, 0.10651541381836091] - [0.08000707202597919, 0.0362469727124348, -0.05028591081584545, -0.06610806139281872] - [-0.04247090894036462, 0.23081192670277112, -0.04055063014109964, -0.1478678465209998] - [0.06820768255187765, -0.2933875830590485, 0.14185027930555716, 0.0836436001177851]
B1: -6.196913572223297e-07 - 1.8158056888300902e-05 - -9.000198691983045e-06 - 4.3556157427939536e-07
B2: 3.704572282146407e-06 - 3.3094725441522124e-06 - 4.447961049623628e-06 - 9.253993865328514e-06
