Number: 4305
Error: 1.0241785862940867e-15
A1: [0.06621310457559298, -0.11395215509250442, -0.02398402732578569, 0.07172279117286688] - [0.037402551479806555, 0.1881933114903593, -0.14740900640110646, -0.07818706980503318] - [-0.060229342752947945, 0.328950827568506, -0.12775308172494174, -0.14096829440100883] - [0.039046249955321875, -0.053322599866167754, -0.037418502529728684, 0.051695207567551436]
A2: [-0.009108500286093215, -0.34680310537478914, 0.2494551664376638, 0.10645675904777846] - [0.08003988318525375, 0.03628231882922041, -0.05025004950479423, -0.06607189620709615] - [-0.04245277784920755, 0.23083193700996735, -0.0405312009554557, -0.14784779295514822] - [0.06813475332070953, -0.2934678802445867, 0.14177121306830479, 0.08356183191077028]
B1: -1.597794643492233e-08 - 3.351651382646303e-08 - 2.3615500639536905e-08 - 4.490803547382994e-10
B2: 6.062897556533632e-08 - 2.5938864044779268e-08 - 3.6664020529413674e-08 - -7.94973888844927e-08
