Number: 8105
Error: 1.0434854119377393e-15
A1: [0.08043163954133818, -0.18046785588869496, -0.019588902062625917, 0.11962492660007011] - [0.03741564731615593, 0.13359645344642415, -0.1347261190099607, -0.03628575781226434] - [-0.0017028330322363394, 0.2281901024876183, -0.12282839664412498, -0.10365892424016485] - [0.03886321075947892, -0.11448104215564398, -0.04641646505034282, 0.12203420429800124]
A2: [0.03530731990998095, -0.029273599288878936, -0.07569746704207105, 0.06966327885337781] - [0.10289374365489654, 0.2828966941898007, -0.39260640303695304, 0.0068159886572972265] - [-0.011187041543664816, 0.5390146494830255, -0.35945096017116, -0.16837640297732087] - [0.09786287047912842, 0.017463387890029693, -0.16885094285909114, 0.05352495298483855]
B1: -1.4014490234571428e-08 - 4.611444813812164e-09 - 2.468036806335731e-08 - -7.377864530083852e-09
B2: -2.6639664365249998e-08 - 4.493487499048826e-08 - -1.0212808008296319e-08 - -1.9439737096189895e-09
