Number: 131
Error: 6.507102083434328e-05
A1: [0.022194143019740924, 0.021215987124884934, 0.05692709890155555, 0.046204464534463065] - [0.0826859186995679, 0.20605633475495289, -0.1284427877982181, -0.09177793384604349] - [-0.060106845303130624, 0.4580046929361673, -0.01355188601795099, -0.22879624538820478] - [0.039278187388383685, 0.022161830420005, 0.040418374568858585, 0.0715226516901946]
A2: [0.2117906248973796, -0.11916453266755153, 0.05772820332803986, 0.04622426341376529] - [0.0577311870759639, 0.2288504175509141, -0.09610110534971553, -0.10510294385284713] - [-0.040848454643240426, 0.6260089870287917, -0.19134637694812942, -0.21615171359826651] - [0.03847781305237144, 0.03752659760234314, 0.04283885390699693, 0.04741628798927582]
B1: 0.0004130671035978632 - 0.13577030828015002 - 0.001823710970336542 - 0.003939904136017451
B2: -0.0011863126620701532 - 0.14440319811288227 - -0.007258786483939674 - -0.006029058361750753
