Number: 3659
Error: 5.0106151416983424e-14
A1: [0.06621144103659858, -0.11395378145377295, -0.023985689558484815, 0.07172113042532695] - [0.03740249611541458, 0.1881932585923194, -0.14740906082907063, -0.07818712423729272] - [-0.060228566942227994, 0.32895157269294334, -0.12775232256082666, -0.1409675393211803] - [0.039046712907922373, -0.05332216045328788, -0.0374180546408353, 0.05169565182186698]
A2: [-0.00910813789215584, -0.3468027209369834, 0.24945553176063762, 0.10645713898930312] - [0.08003934292025883, 0.03628173680984537, -0.05025063998385865, -0.06607249169685837] - [-0.0424533778382139, 0.2308312748233668, -0.04053184392853124, -0.14784845652074993] - [0.06813478857718644, -0.29346784143048343, 0.14177125128673274, 0.08356187143190597]
B1: 1.686550326867649e-07 - -4.357693455978696e-07 - 1.4937220157346765e-07 - 2.10289418816685e-07
B2: -4.012173949267506e-07 - 6.683118649560455e-07 - 2.8139735282000195e-07 - -1.959146530259762e-07
