Number: 5260
Error: 1.540098066550978e-15
A1: [0.06621318366070325, -0.11395207777464063, -0.023983948302744525, 0.07172287012522573] - [0.03740253382667818, 0.1881932946240358, -0.14740902375543943, -0.07818708716092845] - [-0.06022951590199113, 0.32895066126794376, -0.12775325115855984, -0.1409684629231066] - [0.03904617203913034, -0.05332267382109558, -0.037418577910914075, 0.05169513279839113]
A2: [-0.00910847985354847, -0.34680308369926943, 0.24945518703519834, 0.10645678047003261] - [0.08003981611293058, 0.036282246573182186, -0.05025012281084085, -0.06607197013568622] - [-0.042452864639468874, 0.2308318412230809, -0.04053129396312079, -0.1478478889416073] - [0.06813470778086773, -0.29346793038571284, 0.14177116369853687, 0.08356178085257102]
B1: 3.826600065844714e-08 - 6.866331395392327e-08 - -7.820087203240717e-08 - -7.985149401345468e-08
B2: 4.540282241484444e-08 - -2.1966869843857565e-08 - -7.140112682846442e-08 - 3.6405903352355556e-08
