Number: 356
Error: 1.997746713466284e-10
A1: [-0.012119162688075665, -0.014482007136091466, 0.018125121802631854, 0.00861968954860709] - [0.06587542930409523, 0.1895339258295163, -0.14528101465268747, -0.10996380894408136] - [-0.0962472238246854, 0.42183040630256047, -0.05340757508907488, -0.2719823201058315] - [-0.00122972587944893, -0.018130983413928898, -0.0037374121675662606, 0.02348281593534332]
A2: [0.1615974310685841, -0.16774427235064798, 0.008511824352225496, -0.002322634539756566] - [0.035504224561461656, 0.20753492324157344, -0.11719200328120474, -0.12577393171263546] - [-0.0862276343898819, 0.5815243171354931, -0.23540244150417575, -0.2599493177955185] - [-0.0038453925413824666, -0.004529537840275682, 0.0010999490944548602, 0.007233426897228814]
B1: -1.5186870857425116e-06 - 3.25813223463783e-05 - -1.1445054792056647e-05 - 1.511758131386732e-06
B2: -5.074742611220774e-05 - 6.289842428332903e-06 - 3.0333000190572065e-05 - 3.865676694125835e-05
