Number: 2616
Error: 4.574982464683331e-08
A1: [0.06269867138426613, -0.048601536097818636, -0.02417026536106256, 0.007127994250705842] - [0.043362026401934185, 0.190980977684648, -0.14287303139352897, -0.09284185434974156] - [-0.12425207523203106, 0.4140651798937186, -0.10565989168830904, -0.187870065683612] - [0.03676035647052417, 0.018929055885538545, -0.033370954106727954, -0.023287992991435885]
A2: [0.06288806977762708, -0.1742405568044114, 0.08577786407213807, 0.023412857458448923] - [0.029449754585865354, 0.20045593577955337, -0.10155112884665986, -0.12771690767569965] - [-0.09348405816130809, 0.5136090525605845, -0.225682133403498, -0.19517028208289286] - [-0.02692841888456678, 0.017528285844301363, -0.05129427977492274, 0.05600008815519257]
B1: -0.0001748103512862264 - 9.285643520069692e-05 - 8.654342758349526e-05 - 8.031976594872646e-05
B2: 0.00023917604012180647 - 0.00019732536066878044 - 0.000247463151377266 - 7.103868477365276e-07
