Number: 4491
Error: 8.875489250995838e-16
A1: [0.06621318583802109, -0.11395207564603173, -0.023983946127143937, 0.07172287229890159] - [0.0374026302176151, 0.1881933867189883, -0.1474089289958, -0.07818699239289423] - [-0.060229483122664185, 0.32895069275111705, -0.1277532190824543, -0.1409684310197145] - [0.03904619694646025, -0.05332265018015376, -0.037418553814017534, 0.051695156699719844]
A2: [-0.00910878631495197, -0.3468034088065589, 0.24945487809451067, 0.10645645916218428] - [0.08003983844584123, 0.03628227063208393, -0.050250098402396214, -0.06607194551988528] - [-0.04245271351724217, 0.2308320080106655, -0.04053113201476595, -0.14784772180640984] - [0.06813465917924523, -0.29346798389835765, 0.14177111100985218, 0.08356172636093621]
B1: 4.836039928947678e-08 - 2.657043450193868e-09 - 2.7684700424842546e-08 - -5.206558787215769e-08
B2: 2.0975562943836724e-09 - -4.9934835159421435e-09 - 8.172471878294907e-09 - -4.876245276315452e-09
