Number: 399
Error: 7.789374599709872e-11
A1: [-0.012196021488751551, -0.014560950470820675, 0.0180401684492586, 0.008537546478843493] - [0.06582591926838909, 0.18948629921742358, -0.14533220239636835, -0.11001893347642318] - [-0.09626960578040943, 0.42180877247153353, -0.053431865640232695, -0.27200839238842106] - [-0.0013014989316211425, -0.018200008262427254, -0.0038138177533046077, 0.02339986199865831]
A2: [0.16156306223282565, -0.16777798839156388, 0.008478151442500907, -0.0023561341118595383] - [0.035483711985253456, 0.20751474242524875, -0.1172124275848134, -0.12579399771108785] - [-0.08623829300883325, 0.5815138792354885, -0.23541280960833982, -0.2599597038858158] - [-0.0038381797073945806, -0.004522448990765966, 0.0011070773213615202, 0.007240319058781394]
B1: 2.7302509324178873e-06 - -1.4484401661356941e-05 - -5.027006965057645e-07 - -3.2283028070912206e-06
B2: 7.369484370139703e-06 - -1.4524258662484323e-05 - -1.837863366611752e-05 - -1.1697782743620954e-05
