Number: 8642
Error: 9.322864634859805e-16
A1: [0.08043171977742408, -0.1804677756616572, -0.01958882192247343, 0.11962500682701603] - [0.03741568593564328, 0.13359649203673574, -0.13472608046726992, -0.03628571921407835] - [-0.001702797956906038, 0.2281901375622019, -0.12282836162015728, -0.10365888917418313] - [0.03886327926819089, -0.11448097383910762, -0.046416396585264204, 0.12203427276419226]
A2: [0.035307501468673626, -0.029273417228015308, -0.07569729441800828, 0.06966346887380502] - [0.10289379447448224, 0.282896745440713, -0.3926063538848261, 0.0068160418727063144] - [-0.011186984818454595, 0.5390147065465546, -0.3594509064793151, -0.16837634320420525] - [0.09786284789606614, 0.01746336520423622, -0.1688509643566932, 0.05352492927993502]
B1: 1.7753061321714935e-11 - -1.4000760778898537e-08 - -2.29249517569476e-08 - 4.539849150398051e-09
B2: -6.456486758209488e-09 - -2.2585527343944342e-08 - 2.7674601328901725e-08 - -1.9103858120084947e-08
