Number: 7075
Error: 1.0378970526793825e-15
A1: [0.08043169909715817, -0.1804677963396065, -0.01958884257799545, 0.11962498614909581] - [0.03741560162716248, 0.13359640779199825, -0.13472616460799622, -0.036285803475982065] - [-0.0017027963424249585, 0.22819013917664963, -0.1228283600080355, -0.10365888756015042] - [0.038863241535478474, -0.11448101146600397, -0.04641643429394832, 0.12203423505487479]
A2: [0.03530746684207381, -0.029273451950407113, -0.07569732734071276, 0.06966343263355694] - [0.10289374239989058, 0.2828966929241367, -0.3926064042507984, 0.006815987343134283] - [-0.011187110633118464, 0.5390145799815121, -0.35945102556594005, -0.16837647577917814] - [0.09786281556221031, 0.0174633327233445, -0.16885099513654347, 0.053524895340076456]
B1: 9.640122395557997e-09 - -1.545572979850442e-08 - -5.0650858895801236e-09 - 4.167552573643375e-09
B2: 7.582207532857698e-10 - -9.02160968005945e-10 - 1.8653177376032378e-09 - -3.0669619830476337e-09
