Number: 816
Error: 4.731570280067324e-12
A1: [-0.012153700276808631, -0.014517484840697549, 0.018086944669478928, 0.008582769872140713] - [0.06583622101328022, 0.18949620900018208, -0.14532155124324508, -0.11000746339684805] - [-0.09628859453625174, 0.42179041928648475, -0.05345247249736259, -0.2720305154141837] - [-0.0013211692166821955, -0.018218926512613254, -0.0038347583548287672, 0.023377126232723353]
A2: [0.16158774411113422, -0.16775376922281685, 0.008502336547648023, -0.0023320718703924354] - [0.03548696389781633, 0.20751794221539227, -0.11720918904057999, -0.1257908161444455] - [-0.08621157858477259, 0.5815400475677307, -0.23538681357015742, -0.25993365086453657] - [-0.003831228726962491, -0.004515613373884832, 0.001113957156292007, 0.007246969601321728]
B1: 1.1593141409624479e-06 - 3.9998815385981105e-06 - 8.760996308745715e-07 - 7.730204363039633e-07
B2: 2.9542704976772205e-06 - -3.0441653273782554e-06 - 3.633303194410675e-06 - -4.509632620466817e-06
