Number: 8241
Error: 1.0934049092197892e-15
A1: [0.08043165592137604, -0.18046783951053064, -0.019588885702211456, 0.11962494297820629] - [0.03741559459103293, 0.1335964007612434, -0.13472617162995826, -0.03628581050812552] - [-0.0017028202032636072, 0.22819011531631314, -0.1228283838339441, -0.10365891141462386] - [0.03886320479839331, -0.11448104810000868, -0.04641647100764753, 0.1220341983406054]
A2: [0.035307453712530704, -0.029273465116206623, -0.07569733982407534, 0.06966341889203143] - [0.10289370633089306, 0.2828966565490343, -0.3926064391362747, 0.006815949573662893] - [-0.01118709009012243, 0.5390146006469899, -0.3594510061215234, -0.16837645413233238] - [0.09786275702436081, 0.01746327391920149, -0.16885105086087013, 0.05352483389447146]
B1: -2.173191383603538e-08 - 1.1429375858877613e-08 - -6.593152321067783e-09 - 8.12308905339057e-09
B2: -1.4485774483834359e-08 - 7.491271867197575e-09 - 1.1008698275943441e-08 - -1.3165659648154135e-08
