Number: 6142
Error: 1.0355613402758202e-15
A1: [0.0804315810611336, -0.18046791436226206, -0.019588960472885143, 0.1196248681265535] - [0.03741549965682922, 0.13359630589884106, -0.13472626637515386, -0.036285905389827545] - [-0.0017028541745880228, 0.22819008134573104, -0.12282841775552203, -0.10365894537687806] - [0.038863060135729086, -0.1144811923566733, -0.04641661557810877, 0.1220340537678682]
A2: [0.03530743472187856, -0.029273484159445487, -0.07569735788018953, 0.06966339901629513] - [0.10289383802542369, 0.2828967893612558, -0.39260631176306166, 0.0068160874770742015] - [-0.01118709142050845, 0.5390145993087327, -0.3594510073808006, -0.1683764555341668] - [0.09786281577818921, 0.01746333294030707, -0.16885099493095607, 0.05352489556679543]
B1: -2.632519203272406e-08 - 4.282142211054181e-08 - -4.304003547987765e-08 - -8.283123437525843e-10
B2: 7.22912643460382e-08 - 7.086504828234404e-08 - -1.7296245720564922e-07 - 8.809261112723539e-09
