Number: 7563
Error: 1.0804221905691345e-15
A1: [0.08043172122083951, -0.1804677742184392, -0.01958882048077817, 0.11962500827024412] - [0.03741560565362715, 0.13359641181541135, -0.13472616058955575, -0.03628579945175126] - [-0.0017027606173150203, 0.22819017490099666, -0.12282832433523334, -0.10365885184457259] - [0.038863252098950696, -0.11448100093218787, -0.04641642373721897, 0.12203424561177323]
A2: [0.03530739504991237, -0.02927352394112405, -0.07569739559983193, 0.06966335749531329] - [0.10289369069910613, 0.28289664078457494, -0.3926064542551353, 0.006815933204892888] - [-0.011187151711245345, 0.5390145386583791, -0.35945106444731584, -0.16837651906458398] - [0.09786275683379987, 0.017463273727806823, -0.1688510510422278, 0.053524833694407685]
B1: -2.3496526220382815e-09 - -9.823614417923027e-09 - -2.355361036889636e-09 - -3.411355303912667e-09
B2: 1.5459440394318973e-09 - -9.95283590125202e-09 - 1.8273877042594348e-08 - -9.03097964143257e-09
