Number: 3203
Error: 0.028558024907460157
A1: [0.11740771044264389, -0.018222682755966415, 0.014278253203761249, 0.042432992294018396] - [0.07571721780746542, 0.2211528112093125, -0.11120011936760335, -0.058040283031632875] - [-0.21249851346936863, 0.3200952710279168, -0.19780058707878273, -0.27224145818062073] - [-0.23105020762669673, -0.23921375067039113, -0.2880468843857506, -0.2567112979166236]
A2: [0.20801308951773342, 0.01134005715907924, 0.25346894653344865, 0.21462410599636242] - [0.19132323524739056, 0.3697395098758989, 0.06008855896057345, 0.02967585082615761] - [0.09727684553301294, 0.7178250688742556, -0.03899739813732678, -0.021945744654230576] - [0.28630197974005134, 0.33359547593600813, 0.24376358520060382, 0.3177318005303863]
B1: -0.09610882731428125 - -0.21723666346763654 - -0.13006423773636797 - -0.15939560948540693
B2: 0.05461445425726221 - 0.11936594657962564 - 0.10052090439657613 - 0.13697056530186677
