Number: 8987
Error: 0.0006140557119950765
A1: [0.03083968516094322, -0.20824847525833362, -0.049917314385616994, 0.09019677753023224] - [-0.04378731969945339, 0.0847065413415115, -0.1666241902936858, -0.07194870365089899] - [-0.1834268687863498, 0.05263915778167193, -0.27698750041444614, -0.25133645629992507] - [-0.022608720641597836, -0.15154600947734778, -0.09548984071668054, 0.07302678141960564]
A2: [-6.067155263325685e-05, -0.0943521336662309, -0.16667877447227183, 0.0682939462233198] - [0.060147162306448634, 0.20402567491207682, -0.45924006153820257, -0.007937494124813465] - [-0.057243597815270525, 0.42704462298879453, -0.45531395027467003, -0.18080090772953977] - [0.05354650769174109, -0.08461591815328467, -0.26240347985877954, 0.04525728417012778]
B1: 0.00035258351811284696 - 0.0033427911587632433 - 0.0013205663297791385 - 0.001970985597757201
B2: 1.4769181312501017e-05 - -0.0358051623261056 - -0.00849976304998224 - -0.026523389021191616
