Number: 9275
Error: 4.8041441652670095e-09
A1: [0.053490557010421755, -0.14768316697072037, -0.02668135660067215, 0.12214599746729699] - [0.005482317581207598, 0.13100548658666572, -0.11343220193085508, -0.022380919924838403] - [-0.014051960884724558, 0.2234842839582316, -0.12664892540553252, -0.08121325752203212] - [0.02734081211353365, -0.09982570107668774, -0.049229681029885286, 0.12249305225123504]
A2: [0.08917383771729356, -0.07299365780672, -0.12370626130265895, 0.1072048338940245] - [0.1088104419557125, 0.24978294009114432, -0.40487600778369787, 0.04615773560272275] - [0.036833076604102184, 0.46275131792283847, -0.3775251023554416, -0.12127405481157442] - [0.14368373038567891, -0.04435026485626621, -0.20124827039573934, 0.10294092857752776]
B1: -3.700726735984791e-05 - -2.319204944413878e-06 - 8.507733281700033e-05 - 5.089662036465119e-05
B2: -2.9577597189927285e-05 - 6.517697647211812e-05 - -5.889136985651149e-05 - -5.4212092188572763e-05
