Number: 6445
Error: 9.184759352700516e-16
A1: [0.08043170597252136, -0.18046778946502257, -0.01958883571085587, 0.11962499302367313] - [0.03741560256651503, 0.13359640873063813, -0.1347261636705181, -0.03628580253715018] - [-0.0017028060656187865, 0.22819012945366718, -0.12282836971699199, -0.10365889728074885] - [0.03886322294832506, -0.11448103000099742, -0.04641645286925834, 0.12203421647927351]
A2: [0.03530744848156479, -0.02927347036169971, -0.07569734479766407, 0.06966341341730453] - [0.10289377142919538, 0.2828967221998128, -0.39260637617403954, 0.006816017741058991] - [-0.01118707371293059, 0.5390146171219268, -0.3594509906201956, -0.16837643687505702] - [0.09786281716314273, 0.017463334331560654, -0.16885099361256936, 0.053524897020545234]
B1: -4.820054853153734e-10 - 1.2823375792594036e-08 - 5.240797640595319e-09 - 3.320927048699694e-09
B2: 1.1917977454621612e-08 - 4.631237751954894e-09 - 1.0770230452533662e-08 - -8.840195864797631e-09
