Number: 0
Error: 0.01975846109794059
A1: [-0.09999941384828298, -0.09999935242810602, -0.09999927662938364, -0.09999941333463214] - [0.10833348317462979, 0.23333349887661559, -0.14166648174533436, -0.09999985002714623] - [0.06666728158001381, 0.5666673460365705, 0.06666742558840003, -0.09999938454556385] - [0.0, 0.0, 0.0, 0.0]
A2: [0.06666752655569505, -0.2666658309438225, -0.09999918489572396, -0.09999914011097161] - [0.06666685652151988, 0.23333351786047013, -0.09999982002390084, -0.09999981014514678] - [0.06666734663114121, 0.7333339942392717, -0.09999935538965235, -0.09999932003552545] - [0.0, 0.0, 0.0, 0.0]
B1: 0.2666665578017569 - 0.7666664516342706 - 0.2666579882065434 - 0.09999989063054374
B2: 0.2666665524418913 - 0.7666664232037547 - 0.06667965286101817 - 0.09999988577522467
