Number: 3762
Error: 1.0040751716996908e-15
A1: [0.0662131590309778, -0.11395210185400229, -0.023983972913139986, 0.07172284553685507] - [0.037402657385231665, 0.1881934126757924, -0.14740890228797138, -0.07818696568268031] - [-0.060229401383151734, 0.32895077125749117, -0.1277531390969699, -0.14096835146450076] - [0.03904633683519597, -0.05332251740319697, -0.03741841847644141, 0.05169529093837009]
A2: [-0.009108569272969488, -0.3468031785590927, 0.24945509689266113, 0.10645668671876847] - [0.08003980534711216, 0.03628223497524029, -0.05025013457745636, -0.0660719820021308] - [-0.04245285269075213, 0.23083185441020246, -0.040531281158636856, -0.14784787572705965] - [0.06813470505630533, -0.2934679333858768, 0.14177116074498206, 0.08356177779738809]
B1: -1.5691724051078936e-08 - -1.222030885978469e-09 - 1.7323566061138683e-08 - -3.547957839315193e-08
B2: 1.5992839766205925e-08 - -1.5668954197094394e-08 - 2.1999381513683068e-08 - -4.676201693403693e-08
