Number: 606
Error: 1.5755421313968625e-13
A1: [-0.01215374068636295, -0.014517526351419069, 0.018086900024881745, 0.008582726694866816] - [0.06583520133055207, 0.18949522810433467, -0.14532260550682144, -0.11000859871073278] - [-0.09629124139336592, 0.42178786113015304, -0.05345534461650416, -0.2720335991046641] - [-0.0013218935219914013, -0.018219623085950213, -0.0038355293548773877, 0.02337628902888271]
A2: [0.16158651431834464, -0.16775497586575916, 0.008501131568174319, -0.002333270790742833] - [0.03548569122345002, 0.20751668999000902, -0.11721045638354514, -0.12579206115136818] - [-0.08621376818344462, 0.581537902860319, -0.23538894410426991, -0.25993578611932866] - [-0.003834739584811047, -0.004519065875747203, 0.0011104822661094746, 0.007243610628642623]
B1: -2.3509965557138815e-08 - 1.1189560595609554e-07 - -2.470838757391878e-08 - 9.681198730847178e-08
B2: -3.0464213082954564e-07 - 1.0461161471179287e-07 - 1.2712960334957135e-06 - -1.6987554168145792e-07
