Number: 6750
Error: 7.749126014631154e-16
A1: [0.0804316195063181, -0.1804678759214325, -0.019588922073671654, 0.11962490656734495] - [0.03741554295577732, 0.13359634916501867, -0.1347262231624807, -0.03628586211486767] - [-0.0017028634986173206, 0.22819007202189154, -0.12282842706589865, -0.10365895469841913] - [0.03886318388105061, -0.1144810689586324, -0.04641649191163996, 0.12203417743627921]
A2: [0.03530741766097052, -0.029273501267539918, -0.0756973741014843, 0.06966338116020154] - [0.10289374066949084, 0.28289669117904664, -0.39260640592441926, 0.006815985531146205] - [-0.01118714348094106, 0.5390145469377747, -0.3594510566571078, -0.1683765103920759] - [0.09786277800616772, 0.017463294996472326, -0.1688510308874636, 0.0535248559184556]
B1: -1.6224812458293007e-08 - -8.21778837009636e-09 - -2.2157293888801176e-08 - -1.9189761913945253e-08
B2: -2.623322078449531e-08 - -1.3207526732706852e-08 - -1.2857751681513261e-08 - -1.2335195800392582e-08
