Number: 5909
Error: 2.88398245729691e-09
A1: [0.080532701765939, -0.18036688809880383, -0.019487933719027604, 0.11972598959353202] - [0.037213896114855684, 0.13339477525787405, -0.13492747293301943, -0.036487392447881996] - [-0.0015987452718143364, 0.2282942153154113, -0.1227243914974818, -0.10355482937155289] - [0.039358641649792005, -0.11398694843295831, -0.04592122328124524, 0.12252938538174993]
A2: [0.03517761348374884, -0.029403589002809337, -0.07582079654342876, 0.06952745614824893] - [0.10239588643044815, 0.28239460716778325, -0.3930880239180388, 0.006294503724481119] - [-0.011873425190152422, 0.5383242701608256, -0.3601006306760178, -0.16909980156711152] - [0.09748039757827062, 0.017079258777522425, -0.16921503620156952, 0.05312338046571084]
B1: -6.377530003789266e-05 - 9.313751673873248e-05 - -8.328135376311669e-05 - -6.483474618171716e-05
B2: -0.0002620424540403426 - -5.621935494906047e-05 - 0.00024638677455080167 - -6.075892520873066e-05
