Number: 8643
Error: 6.455011797817234e-16
A1: [0.08043171832640258, -0.1804677771125144, -0.019588823371759934, 0.11962500537616023] - [0.037415675311651075, 0.13359648142078395, -0.13472609107009376, -0.0362857298321858] - [-0.0017027923537748296, 0.22819014316521374, -0.12282835602523, -0.10365888357254714] - [0.03886327223778844, -0.11448098084978063, -0.04641640361118673, 0.12203426573815913]
A2: [0.03530750530897255, -0.029273413377095228, -0.0756972907666903, 0.06966347289308318] - [0.10289379858924931, 0.28289674959040134, -0.39260634990507187, 0.006816046181460481] - [-0.011186972106236297, 0.5390147193345918, -0.359450894446888, -0.16837632980893696] - [0.09786285058873347, 0.017463367909151015, -0.16885096179344147, 0.05352493210635143]
B1: -9.239063421106066e-11 - -1.6072183179480966e-08 - -2.698015044306106e-08 - 6.0327808829790704e-09
B2: -6.057542365278518e-09 - -1.0911608668731694e-08 - 2.6634877984434222e-08 - -1.5962954765784648e-08
