Number: 2649
Error: 4.026783263338715e-08
A1: [0.06262383512529097, -0.0486797301741122, -0.024246419566767038, 0.00705234166586165] - [0.043430654938203875, 0.19104675925959716, -0.14280277064542723, -0.09276665625694899] - [-0.12443603291102309, 0.41387708357500125, -0.1058473251166786, -0.18805601861891696] - [0.03630263176262944, 0.018467044691317363, -0.03383030122877419, -0.02374583050510852]
A2: [0.0628857000938161, -0.17424020178010335, 0.08577444097435877, 0.02341128810109489] - [0.028837092765112014, 0.19985247099378142, -0.10216164510546714, -0.12831638345176596] - [-0.09315642620819374, 0.5139312663783944, -0.22535387645849134, -0.19485173945331424] - [-0.025057479274932536, 0.019387615318500986, -0.049421449408056276, 0.05782481525756887]
B1: -6.341267388929988e-05 - -0.0005074323584959806 - -6.053986084880238e-05 - 3.355343681265509e-05
B2: 0.0001596589610302014 - -0.00023056718797862728 - 8.121353809665955e-05 - -1.6419877486572356e-05
