Number: 4840
Error: 1.1301629755192534e-15
A1: [0.06621309901778696, -0.11395216052611595, -0.02398403287923427, 0.07172278562436613] - [0.037402565552177316, 0.18819332493555527, -0.14740899256688633, -0.07818705596960525] - [-0.06022940628749521, 0.328950766547091, -0.12775314389606918, -0.14096835623757914] - [0.0390461233219124, -0.05332272006180016, -0.037418625043266845, 0.0516950860487689]
A2: [-0.009108719100066201, -0.3468033375019916, 0.2494549458531975, 0.10645652963341312] - [0.08003986386893754, 0.036282298020028934, -0.05025007061636676, -0.06607191749796738] - [-0.042452797591929374, 0.23083191522069993, -0.04053122211239847, -0.14784781478982503] - [0.06813485144262434, -0.2934677722082867, 0.14177131944154586, 0.08356194192335246]
B1: 3.52785418262606e-08 - 6.7241658650205604e-09 - -8.955188341101064e-10 - 1.119109686718632e-08
B2: 3.1129130839894705e-08 - 2.2320207416644804e-08 - -2.5420677601337402e-08 - 1.9324685331296226e-08
