Number: 9989
Error: 1.2119262213956482e-15
A1: [0.05317246361315062, -0.14800135753465754, -0.026999133752384892, 0.12182773541329583] - [0.005313649224160359, 0.13083662360180745, -0.11360081435432914, -0.02254983406845177] - [-0.014444524839566987, 0.2230915725489309, -0.12704122782154934, -0.08160598127910348] - [0.02714637005641127, -0.1000201280775595, -0.04942459862896657, 0.12229803013551391]
A2: [0.08925456177961237, -0.07291327006288509, -0.12362732258550288, 0.10728648478786121] - [0.10884182079406897, 0.24981427312260582, -0.40484519936031377, 0.04618957363106435] - [0.036635966977807036, 0.46255515428355765, -0.37771741586887964, -0.12147323209982434] - [0.14342653713257128, -0.04460651977669001, -0.20149943399755987, 0.10267996796826882]
B1: -1.0072812071114535e-08 - 1.555033137941083e-08 - 4.5045678145282065e-09 - -9.879026282859235e-09
B2: -4.806221794799644e-09 - -6.868776685063651e-09 - 4.7771031161765535e-09 - 8.913968320078695e-09
