Number: 9686
Error: 8.383171984437246e-15
A1: [0.05317233743330559, -0.1480014837614113, -0.026999259793848478, 0.12182760917246536] - [0.005313113430607801, 0.1308360872454938, -0.11360135006844055, -0.022550370617347014] - [-0.014444395582377322, 0.22309170185289, -0.1270410986673931, -0.08160585197584244] - [0.027146596874907454, -0.10001990125978678, -0.04942437133252165, 0.12229825753033158]
A2: [0.08925472013978636, -0.07291311206963176, -0.1236271677931388, 0.1072866451008984] - [0.108842077547883, 0.2498145299214418, -0.4048449476917255, 0.046189834705109595] - [0.03663582497559541, 0.4625550130204828, -0.37771755441288357, -0.12147337557452259] - [0.14342708740260218, -0.044605971557126194, -0.2014988967065463, 0.10268052640231448]
B1: 3.817574368568757e-08 - -3.2746148763835546e-08 - 4.538623073273532e-08 - -1.1029474555307258e-07
B2: -2.1987052418811505e-07 - 1.8266765244690227e-07 - 2.7285536231883133e-07 - -1.2460437208708268e-07
