Number: 6505
Error: 1.1163319922954635e-15
A1: [0.08043168597285658, -0.18046780946242225, -0.019588855686606815, 0.11962497302629248] - [0.03741558484699239, 0.13359639102452667, -0.13472618135473402, -0.036285820246857316] - [-0.0017028142125055533, 0.22819012130695426, -0.12282837785195036, -0.10365890542546137] - [0.038863225194156976, -0.11448102776146836, -0.04641645062485761, 0.12203421872370959]
A2: [0.035307439939876784, -0.02927347892701304, -0.07569735291898877, 0.06966340447749808] - [0.10289373404808073, 0.2828966845014393, -0.39260641232855814, 0.006815978597558788] - [-0.011187098257553126, 0.5390145924309048, -0.35945101385220435, -0.16837646273859436] - [0.09786280212589751, 0.017463319225915725, -0.16885100792704788, 0.05352488123632672]
B1: -1.2166316333610094e-09 - 6.043823774458326e-10 - -4.2601648404848887e-10 - 9.952395304286456e-10
B2: 1.6953862989478683e-10 - -2.4062502884739757e-09 - 5.68167806974554e-09 - -4.273783443160206e-09
