Number: 8590
Error: 8.911610736261379e-16
A1: [0.08043174178757855, -0.180467753653994, -0.019588799938634972, 0.11962502883465585] - [0.037415632230514126, 0.13359643837225774, -0.134726134065392, -0.03628577288945727] - [-0.0017027482886947552, 0.22819018722934972, -0.12282831202466724, -0.10365883951923326] - [0.0388632947030307, -0.11448095844758112, -0.04641638116025957, 0.12203428818943864]
A2: [0.03530750477952443, -0.02927341390801042, -0.07569729127009145, 0.06966347233896882] - [0.10289367504201513, 0.28289662499464835, -0.3926064693984995, 0.006815916809695338] - [-0.011187129287108702, 0.5390145612162559, -0.3594510432224484, -0.16837649543541788] - [0.09786281262840252, 0.017463329776157856, -0.1688509979293144, 0.053524892260474424]
B1: 5.982723487190289e-09 - -3.3328792577330695e-08 - -7.45378547381924e-09 - -2.610090371823146e-08
B2: -2.2558011764460148e-08 - -4.879199382639147e-08 - -4.611482427307474e-09 - -2.233679731543306e-08
