Number: 4244
Error: 1.06352301185039e-15
A1: [0.06621323718355589, -0.1139520254478774, -0.02398389482188156, 0.07172292355828203] - [0.03740262161316144, 0.1881933784980201, -0.14740893745464287, -0.07818700085247] - [-0.06022948705417656, 0.32895068897516866, -0.12775322292957147, -0.14096843484619073] - [0.03904623998754264, -0.05332260932724445, -0.03741851217324426, 0.05169519800234944]
A2: [-0.009108559156683524, -0.34680316782728954, 0.24945510709078203, 0.10645669732515224] - [0.08003984929821917, 0.0362822823231795, -0.05025008654138784, -0.06607193355818224] - [-0.04245280512951691, 0.23083190690174102, -0.04053123019012223, -0.14784782312611566] - [0.06813478747338986, -0.2934678426409967, 0.1417712500930864, 0.08356187020224824]
B1: -8.735671574523984e-09 - 1.011247152042399e-08 - -8.914244497964702e-09 - -7.064931924144243e-09
B2: -4.202542718567248e-08 - -5.741574005668087e-08 - 4.395774970243609e-08 - 4.6738910908825195e-08
