Number: 2737
Error: 5.088359360337067e-09
A1: [0.06340647011957637, -0.04790050632210109, -0.023471707785398588, 0.00782766652737186] - [0.04363929796599876, 0.19124892136248595, -0.14258767423678773, -0.09253700046823432] - [-0.12399822460142833, 0.4143105748295865, -0.10541232954675793, -0.1876236179499642] - [0.0365059629032068, 0.018669356267453332, -0.03362856835169128, -0.02354565899647316]
A2: [0.0633936903913179, -0.1737327129950772, 0.08627905892157084, 0.023912329882509745] - [0.029361976106682102, 0.20036957860371343, -0.10163818639210685, -0.1278025467684367] - [-0.09333769273815751, 0.5137532944380008, -0.2255340667371277, -0.19502800738044967] - [-0.025669741711884457, 0.0187774772425787, -0.05003179323285882, 0.057227945969015245]
B1: -2.499963742768006e-05 - -0.00011254597357248904 - 2.6335774029702933e-05 - 1.4787029660310438e-05
B2: 6.752218320051347e-05 - 0.00011767400490234326 - -3.578232045662165e-05 - -0.00013528593844962909
