Number: 4692
Error: 7.270756834927788e-16
A1: [0.06621313548405883, -0.11395212487474583, -0.023983996441595375, 0.07172282202942501] - [0.037402573744322945, 0.18819333276259384, -0.14740898451338472, -0.07818704791539133] - [-0.06022934055257089, 0.3289508296818528, -0.12775307957177343, -0.14096829225923474] - [0.03904604155450154, -0.05332279767245001, -0.037418704150616315, 0.0516950075837626]
A2: [-0.009108734436900627, -0.3468033537720221, 0.24945493039218994, 0.10645651355344543] - [0.08003990346521828, 0.0362823406765397, -0.050250027339934764, -0.06607187385405476] - [-0.042452853678421006, 0.23083185332025788, -0.04053128221687453, -0.14784787681924222] - [0.06813474768504359, -0.293467886449703, 0.14177120695841394, 0.08356182559218608]
B1: 5.421293132910479e-08 - 1.9241758551224498e-08 - 1.8077532551114607e-08 - 2.7274748616947465e-08
B2: 1.1520118529644672e-08 - 1.7726951134869666e-08 - 8.012926402013857e-08 - 1.564709598819846e-08
