Number: 2074
Error: 0.00018754547768884666
A1: [0.011314501250489141, -0.027723685628409794, -0.019416653710616814, -0.004085354623039529] - [0.07112010611970344, 0.19922111011463445, -0.13709021034797078, -0.10156830071396773] - [-0.19224630767152515, 0.37008909800751594, -0.1406033930440599, -0.29617948358625984] - [-0.0028434733012016626, 0.021707715126212855, -0.05373096575437123, -0.016334418031833102]
A2: [0.15954253115790562, -0.15956298699743984, 0.11074759670741105, 0.11590122914385438] - [0.03754689840850029, 0.2018400115716229, -0.11861135099912537, -0.12277267906494257] - [0.01618822022066865, 0.650421496959305, -0.12684635965409, -0.1155867793516189] - [-0.00014390745217967085, -0.0034290988530325875, -0.004215362774691632, 0.09795104050127366]
B1: 0.011310281700224533 - -0.0038245723969936966 - 0.01913320329272135 - -0.005859934504510382
B2: -0.029916090980933004 - 0.013887208708995246 - 0.027484062472778386 - 0.015334226638208878
