Number: 7780
Error: 1.08489417906437e-15
A1: [0.08043169117858195, -0.1804678042572938, -0.019588850487099133, 0.11962497823142705] - [0.03741563245703801, 0.13359643859853465, -0.1347261338395353, -0.03628577266318039] - [-0.0017027932187602876, 0.2281901423002477, -0.12282835688893588, -0.10365888443731162] - [0.03886323070511446, -0.11448102226598598, -0.04641644511740841, 0.12203422423124195]
A2: [0.035307361821026964, -0.029273557261909028, -0.07569742719347872, 0.06966332271773218] - [0.10289367371263823, 0.2828966236539526, -0.3926064706842345, 0.00681591541759935] - [-0.011187218589253551, 0.5390144713814821, -0.3594511277488836, -0.1683765895361874] - [0.09786270827994017, 0.017463224953099276, -0.16885109726241387, 0.05352478272872593]
B1: 7.26134260610449e-09 - 1.2969318448624318e-08 - -4.206402116593968e-09 - 1.1643096932235751e-09
B2: -1.6855637279343322e-08 - 5.951899303262748e-08 - -9.088673254872642e-09 - -1.3561132548260318e-08
