Number: 9159
Error: 9.367735984068528e-07
A1: [0.04771391730316868, -0.15347408793443237, -0.03249611113205338, 0.11638509014972055] - [0.003339438536393265, 0.12884048639787654, -0.1156397884527719, -0.02452914855017059] - [-0.017672498917710236, 0.21988686723737422, -0.13026965242851793, -0.08478616265996369] - [0.02311963557175913, -0.1040514008703151, -0.05348485280461566, 0.11828070391472788]
A2: [0.0877477688171736, -0.0744418442836776, -0.12506653189987002, 0.10577167244936699] - [0.10483357463089402, 0.24580302040302113, -0.40877960407913766, 0.042112528597797606] - [0.026100575908006095, 0.45205715006555125, -0.3880207513945258, -0.13214194626755765] - [0.1422641889379439, -0.045743204171291546, -0.20262733198631638, 0.10151077100528065]
B1: -0.0013673499774727752 - 0.00030147378556520893 - 0.001862726835894206 - -0.0005037607771878551
B2: 0.0006329868664930934 - -0.0016860545080633455 - 1.3754899683971871e-05 - -9.189349013234302e-05
