Number: 7358
Error: 1.0365982601643008e-15
A1: [0.08043162161813054, -0.18046787380986118, -0.019588919964381904, 0.11962490867891717] - [0.03741557855350233, 0.1335963847358022, -0.1347261876356795, -0.0362858265368595] - [-0.0017029094618813809, 0.22819002605960734, -0.12282847296186196, -0.10365900064941301] - [0.038863215650134085, -0.11448103727871023, -0.046416460162804145, 0.1220342091856156]
A2: [0.03530733352938173, -0.029273585631821204, -0.07569745409278966, 0.06966329310742325] - [0.1028936872194105, 0.2828966372753381, -0.3926064576206447, 0.006815929561128664] - [-0.011187072300703219, 0.5390146185425607, -0.3594509892834557, -0.16837643538698996] - [0.09786274632938499, 0.017463263175604708, -0.16885106104174535, 0.053524822668180726]
B1: -4.8373735246196934e-08 - -2.4790779399320732e-08 - 3.216855419915711e-09 - -1.223528058427231e-08
B2: -2.9034368229758738e-08 - 9.074563007658653e-09 - -5.29378117291709e-08 - 4.4131661829149935e-09
