Number: 337
Error: 3.55412232097207e-10
A1: [-0.012408639953095744, -0.014779332489602013, 0.017805171402996086, 0.008310364077058496] - [0.06580382424828647, 0.18946504351967847, -0.1453550500078004, -0.11004353550760923] - [-0.09639164529313876, 0.42169083438801896, -0.0535642861839513, -0.2721505836266595] - [-0.0013362743752903627, -0.018233447670546563, -0.0038508304759965785, 0.0233596537863627]
A2: [0.16155859628580035, -0.1677823757091442, 0.008473778781853174, -0.0023604886764158266] - [0.03546225693594641, 0.20749362699193583, -0.11723380109549597, -0.12581499173311206] - [-0.086216749600124, 0.581534987819384, -0.2353918337671998, -0.259938686379801] - [-0.003847389684653843, -0.004531487228792167, 0.0010979957715020832, 0.007231538213832363]
B1: 4.5165844444836395e-05 - -0.00015332986602729424 - 5.262562515165054e-05 - 2.22257752102648e-05
B2: 1.7896266715025255e-05 - -0.0001240073550218925 - 4.1019331158562115e-05 - 1.9907578931490764e-05
