Number: 7268
Error: 9.759467505717457e-16
A1: [0.08043168663706969, -0.18046780879828336, -0.019588855023184325, 0.11962497369043064] - [0.037415590122488886, 0.1335963962960341, -0.13472617608974302, -0.03628581497428135] - [-0.001702820478591331, 0.22819011504100276, -0.122828384108855, -0.1036589116898703] - [0.03886323309542124, -0.114481019882378, -0.046416442728630124, 0.12203422662006119]
A2: [0.035307512386535976, -0.029273406279977342, -0.07569728403760681, 0.06966348030075163] - [0.10289370590760362, 0.28289665612213877, -0.3926064395456637, 0.006815949130388866] - [-0.011187135974363823, 0.5390145544891177, -0.3594510495519901, -0.168376502482119] - [0.09786282107771821, 0.017463338263939292, -0.1688509898861375, 0.053524901129559814]
B1: 8.866372520153436e-09 - -2.6421322020874577e-08 - -2.7730669100284587e-08 - -3.985408898690288e-09
B2: -1.0063651328445427e-08 - -1.0146120009126312e-08 - -1.0404638895699976e-08 - -1.0951329488577591e-08
