Number: 3168
Error: 1.4147696207570139e-05
A1: [0.0707144372536067, -0.040034483430881444, -0.01555787781884822, 0.016114142729039677] - [0.04588065915369543, 0.1935216477559433, -0.1400848308621057, -0.08987691445100174] - [-0.11834857228040105, 0.4211676058620973, -0.09862407178580541, -0.18035980296968188] - [0.05796951184960218, 0.04165713946550423, -0.011383406108503715, -0.0006280023854900486]
A2: [0.08317859037746633, -0.15497421479546075, 0.10670960376198974, 0.04386610194239817] - [0.024809889645195198, 0.1958149502307309, -0.10618696064157337, -0.13236705196203347] - [-0.06680071753146379, 0.5400228344641533, -0.19897818167478837, -0.16867939094691808] - [0.005706352010277964, 0.05064726048379527, -0.018815870603298077, 0.08848347573928275]
B1: 0.01807100214146186 - -0.0027120302644837594 - -0.007013570332646065 - -0.0118919093805667
B2: -0.001975215267004585 - -0.00850204523370673 - 0.0002040069170561676 - 0.0073169997529628356
