Number: 8584
Error: 1.1098245084377988e-15
A1: [0.08043171963415509, -0.1804677758049099, -0.01958882206557003, 0.11962500668376151] - [0.03741554863250408, 0.13359635483751084, -0.134726217496838, -0.03628585644116428] - [-0.0017027537572370669, 0.22819018176092393, -0.12282831748520183, -0.10365884498631657] - [0.03886327400170781, -0.11448097909081074, -0.04641640184839145, 0.12203426750098059]
A2: [0.03530753560298819, -0.029273382999300518, -0.07569726196345247, 0.06966350459898119] - [0.10289366154065786, 0.28289661137870936, -0.392606482456853, 0.006815902671827295] - [-0.011187095590377791, 0.5390145951139622, -0.35945101132766927, -0.1683764599280972] - [0.09786280240951865, 0.01746331951079491, -0.16885100765705544, 0.05352488153400098]
B1: 1.5050462953447424e-08 - -2.8606383398820154e-08 - -1.636320741617022e-08 - -1.7762592797004234e-08
B2: 7.949829057930817e-09 - -4.346623222908609e-08 - 5.0293240484119374e-08 - 1.2587172226213832e-08
