Number: 7523
Error: 8.809535400854816e-16
A1: [0.08043172722499191, -0.1804677682149667, -0.01958881448380444, 0.11962501427371101] - [0.03741561637126979, 0.1335964225249424, -0.13472614989326837, -0.03628578874004561] - [-0.0017027663853833063, 0.22819016913305173, -0.12282833009485516, -0.10365885761110084] - [0.03886326261521878, -0.11448099044543227, -0.04641641322765203, 0.12203425612150524]
A2: [0.03530744644664095, -0.029273472402241523, -0.07569734673243998, 0.06966341128752489] - [0.10289378990001495, 0.2828967408274014, -0.3926063583092772, 0.00681603708268643] - [-0.011187075325437034, 0.5390146154997891, -0.35945099214643067, -0.1683764385742527] - [0.09786285571582813, 0.017463373059608083, -0.16885095691287116, 0.05352493748827237]
B1: 1.1323792374373477e-08 - 1.4690791990772395e-08 - 2.566068609208498e-08 - 1.1194455882765975e-08
B2: 1.1877951599247739e-08 - 3.3380495653704666e-09 - 2.2846547637701808e-08 - 2.3950943967461887e-09
