Number: 5966
Error: 1.8182013857702324e-11
A1: [0.08041264079248849, -0.18048685243667578, -0.01960787668176313, 0.11960593082529132] - [0.03741431036894074, 0.1335951169982604, -0.13472745511952072, -0.03628709508323883] - [-0.0017183920397033036, 0.22817454400732318, -0.12284393195741829, -0.1036744786470914] - [0.03885445371632448, -0.11448977418304868, -0.04642521532237837, 0.12202545328834859]
A2: [0.03526113959681135, -0.029319910104437016, -0.07574137552598618, 0.06961494620577678] - [0.10287902495690425, 0.2828818482724368, -0.39262063986211904, 0.006800575449657415] - [-0.011145820190963777, 0.5390561170548538, -0.3594119434876604, -0.16833296674769427] - [0.0978684347856817, 0.017468976820890648, -0.16884564634231308, 0.05353079374595133]
B1: 3.869466617504858e-06 - 6.511421646197881e-06 - -1.8233142023231994e-07 - -2.007857099781793e-06
B2: -8.730715203074388e-06 - 1.0706418600392624e-05 - 6.760369072828229e-06 - -3.764282127153391e-06
