Number: 6606
Error: 1.1805339632553995e-15
A1: [0.08043168147896264, -0.18046781395580724, -0.0195888601751273, 0.11962496853291185] - [0.037415598783780986, 0.13359640495076747, -0.13472616744571478, -0.03628580631778895] - [-0.0017028482924981378, 0.2281900872276881, -0.1228284118820445, -0.10365893949635864] - [0.03886324707427481, -0.11448100594275405, -0.046416428758681925, 0.12203424059022852]
A2: [0.03530745160614186, -0.029273467228480177, -0.07569734182685638, 0.06966341668751372] - [0.10289374920205727, 0.28289669978402965, -0.39260639767183203, 0.0068159944659898315] - [-0.011187080352763041, 0.5390146104424901, -0.3594509969049363, -0.16837644387168602] - [0.09786282119563569, 0.017463338382396255, -0.16885098977389681, 0.05352490125334986]
B1: 3.6997811113507438e-09 - 4.882556032823771e-09 - 7.182860129493135e-09 - 5.163010022396731e-09
B2: 4.475175593633153e-09 - 1.3409167674871361e-08 - -1.5994325855401552e-08 - 1.7607904523807908e-08
