Number: 8346
Error: 1.0277612152542532e-15
A1: [0.08043174253150166, -0.18046775291020994, -0.0195887991956483, 0.11962502957843563] - [0.03741556413938284, 0.13359637033263858, -0.13472620202092303, -0.03628584094288751] - [-0.0017027887908823767, 0.22819014672802795, -0.12282835246754922, -0.10365888001061492] - [0.03886329453930541, -0.1144809586109375, -0.046416381323924075, 0.12203428802573499]
A2: [0.03530719253323595, -0.02927372701785539, -0.0756975881505733, 0.0696631455401471] - [0.10289372730141715, 0.2828966776975537, -0.3926064188538297, 0.006815971532840085] - [-0.011187147924955197, 0.5390145424672037, -0.3594510608635766, -0.1683765150747818] - [0.09786285862945214, 0.017463375986430718, -0.16885095413921006, 0.05352494054651874]
B1: -3.2133905430261755e-09 - 2.3266448113582594e-08 - 1.5880576327121013e-08 - 1.6912678810077807e-08
B2: 3.697631196047267e-08 - -2.1583127387879177e-08 - 1.6117983058619356e-08 - 3.6767994343948045e-08
