Number: 140
Error: 0.00015161008755124207
A1: [0.01681030742130719, 0.01568370215733634, 0.050946526399559065, 0.04028669809491483] - [0.0743895173726927, 0.1978602096219897, -0.13684530942215128, -0.10079267782610289] - [-0.06926096084163746, 0.4487858034237584, -0.023569913131031548, -0.23973020509354703] - [0.0249976706990142, 0.00793976378516866, 0.025127395309740626, 0.054740889504682165]
A2: [0.19629056554189386, -0.1343141434274578, 0.04251480297083853, 0.03107091355647022] - [0.06166416883639252, 0.2328531198850724, -0.09178512959331463, -0.10089722938987233] - [-0.04702525122427904, 0.6198948636715017, -0.19732214555444674, -0.2221412272350914] - [0.02915824761940166, 0.028112410548928966, 0.03362129478833074, 0.03849863864290254]
B1: 0.007121952634941347 - 0.08687466843416337 - 0.0070182344718338445 - 0.0049393838798760985
B2: -0.009418552530764242 - 0.11549045162800557 - -0.011273501468537277 - -0.0092625245547086
