Number: 8624
Error: 8.363029681846255e-16
A1: [0.08043172432489598, -0.18046777111470041, -0.019588817380440014, 0.11962501137396866] - [0.0374156274887733, 0.1335964336341034, -0.1347261387976894, -0.03628577762857086] - [-0.0017027475278427605, 0.228190187990188, -0.12282831126492773, -0.10365883875858] - [0.03886326434366665, -0.11448098872174818, -0.04641641150028108, 0.12203425784894427]
A2: [0.03530742034899214, -0.029273498572049292, -0.07569737154579209, 0.069663383973494] - [0.1028937884866834, 0.2828967394020914, -0.3926063596761526, 0.006816035602615919] - [-0.011187111878308913, 0.5390145787288834, -0.35945102674459, -0.16837647709121217] - [0.09786280054639585, 0.0174633176391988, -0.16885100943063053, 0.053524879578329125]
B1: 1.0105814102467227e-09 - 3.799854943796394e-08 - 8.404475265669978e-09 - 7.3299406649205625e-09
B2: 1.6112737690662022e-08 - 3.6769391180998955e-08 - 2.1372917850536344e-08 - 1.926695672839054e-08
