Number: 5806
Error: 6.781075247600908e-06
A1: [0.06685891295717745, -0.19421803877845495, -0.03323596792322292, 0.10597397334579968] - [0.003174186237416378, 0.09920906247416841, -0.16925398995688065, -0.07074565616817514] - [-0.0028000986745733854, 0.2270986324272138, -0.12384548907365832, -0.10472046327390852] - [0.05566351233428622, -0.09771924727328725, -0.029297275436536166, 0.13901623849146166]
A2: [0.03964784574299031, -0.02502652233816556, -0.07137563514269378, 0.07452062339454318] - [0.1218545018271797, 0.30171657265670876, -0.37419661053359077, 0.027010841528963537] - [-0.014199021599579654, 0.536271446745388, -0.36236935656616803, -0.17188591652836122] - [0.09802088671199552, 0.017738975123517967, -0.16867882766765116, 0.053598576242459145]
B1: -0.005423965005054403 - 0.0031053021454138493 - -0.006616271324922305 - -0.0050047805175263355
B2: -0.0035980414798711343 - 0.00207317628406158 - -0.008667436051075618 - -0.0039010926097047924
