Number: 3456
Error: 2.7630984724453797e-09
A1: [0.06598476649364049, -0.11417546862602564, -0.02421229359369291, 0.07149479866334607] - [0.036998583411799596, 0.1878073556629708, -0.1478060326708693, -0.07858420346779586] - [-0.06031824186603814, 0.32886543568723337, -0.12784003130515031, -0.14105493900094224] - [0.03851008640518804, -0.05383135980531774, -0.037936964889264756, 0.051180782072709034]
A2: [-0.009353629816113448, -0.34706304120962456, 0.24920809747367775, 0.10620002868735848] - [0.07990645595236814, 0.03613857715335028, -0.05039592140397505, -0.0662189232847849] - [-0.042269124635501865, 0.2310344231829042, -0.040334470264043076, -0.14764479482620133] - [0.0680778038174437, -0.29353060838639466, 0.14170962036568252, 0.08349808376041691]
B1: -7.358281997481011e-05 - -0.00010334061407682321 - -6.748105729403029e-05 - -1.2411639725834059e-05
B2: -0.00024927145391584536 - 0.00021147977879669062 - -3.742995795211162e-05 - -0.00014064644919921056
