Number: 720
Error: 6.851564960912874e-15
A1: [-0.012153406350069307, -0.014517182951748614, 0.018087269566725815, 0.008583083971682164] - [0.06583514627351103, 0.18949517514167832, -0.1453226624308662, -0.11000866001105103] - [-0.09629377756684433, 0.4217854099562663, -0.05345809667215729, -0.27203655387308373] - [-0.0013222709262838825, -0.01821998604187818, -0.0038359310911331023, 0.023375852813421298]
A2: [0.16158664881822365, -0.16775484390226858, 0.008501263349748971, -0.0023331396728610188] - [0.03548566602480465, 0.20751666519636566, -0.11721048147628335, -0.125792085802087] - [-0.08621361110815375, 0.5815380567114219, -0.23538879127046217, -0.2599356329483475] - [-0.003834614616983176, -0.004518942988702281, 0.0011106059485725378, 0.007243730188173832]
B1: 3.03923578105931e-08 - 1.466662191916899e-07 - -7.983103847758727e-08 - 6.15676551472921e-08
B2: 1.6664434321596145e-08 - -2.3951067894459476e-07 - 9.615869479860688e-08 - 1.7841029386503682e-07
