Number: 4813
Error: 1.0391735119687093e-15
A1: [0.06621319326904364, -0.11395206838104867, -0.023983938701948315, 0.0717228797174399] - [0.03740261321616787, 0.18819337047527465, -0.14740894570952523, -0.07818700910810068] - [-0.06022935109701016, 0.3289508195545303, -0.127753089889918, -0.140968302521894] - [0.039046260539890465, -0.05332258981958223, -0.03741849228942289, 0.05169521772469801]
A2: [-0.009108511888961099, -0.3468031176837384, 0.24945515474082078, 0.10645674688262813] - [0.0800398717840017, 0.03628230654681478, -0.050250061965657254, -0.06607190877380903] - [-0.04245277142252574, 0.23083194410282046, -0.040531194068273824, -0.14784778584748695] - [0.06813472177932142, -0.293467914972951, 0.14177117887425217, 0.0835617965471849]
B1: 1.865543646096667e-08 - 1.0148167335748314e-08 - -1.4563123862977304e-08 - -5.1434318717080595e-08
B2: -7.618820195658873e-09 - -4.4244389991493735e-09 - -1.4034638000928328e-08 - 1.6556365063472172e-08
