Number: 698
Error: 9.135471314938735e-15
A1: [-0.012153412635120514, -0.0145171894072316, 0.018087262619921517, 0.008583077255483237] - [0.06583541656313364, 0.1894954351488356, -0.1453223829751059, -0.11000835907075096] - [-0.0962926110636194, 0.4217865373621355, -0.05345683087642677, -0.2720351948406142] - [-0.0013216623165701088, -0.01821940073165169, -0.003835283245888446, 0.023376556263752936]
A2: [0.1615868165643109, -0.16775467931505073, 0.008501427713868918, -0.0023329761437145937] - [0.035485647373243036, 0.2075166468445584, -0.11721050004965627, -0.1257921040481594] - [-0.08621357045795772, 0.5815380965285775, -0.23538875171607157, -0.25993559330831084] - [-0.0038349409011020127, -0.004519263847646598, 0.0011102830068350107, 0.007243418022158175]
B1: 6.00687050849017e-08 - -1.8074328220032918e-07 - 1.0927998832789079e-07 - 2.322483232133553e-08
B2: -4.3272763224214876e-08 - -4.540212880038231e-07 - 2.4825778514836024e-07 - 6.014643151016554e-08
