Number: 3209
Error: 0.019693086167455544
A1: [-0.6743212535971078, -0.8211532916267366, -0.7779375985456798, -0.7327026894084371] - [-0.3061700454105147, -0.15380528687574896, -0.497060890816878, -0.44239024019885226] - [-0.9012013166532834, -0.3797157328824178, -0.886081151174587, -0.9330234291276287] - [-0.5895871403154795, -0.6075975116489234, -0.6380338947563015, -0.5738968133224607]
A2: [0.17100930219556895, 0.026871860851909707, 0.20331626542065195, 0.1882997528183898] - [-0.015150962209193528, 0.19444606661387182, -0.14167236173171974, -0.1457584608145746] - [-0.1475547862391164, 0.5261782102330408, -0.2923985000594141, -0.24040407503267436] - [-0.1232276015001274, -0.020139816024646776, -0.17585420652023445, -0.06443289627105435]
B1: -0.31571656174768953 - -0.45767776208179434 - -0.34547530950876315 - -0.3334225138205747
B2: -0.07647536066648361 - 0.025756810782760764 - -0.047875211026056505 - 0.032558026501571774
