Number: 1283
Error: 4.2208130633029595e-09
A1: [-0.007694281621987947, -0.015504770012794605, 0.0024704716155282925, 0.018934250359984407] - [0.06690170502212603, 0.18995648742935395, -0.14665778889046893, -0.10977893475933972] - [-0.11352624753284804, 0.4408639369133503, -0.07176909241148122, -0.2591188664006619] - [-0.023989546012878754, 0.014735362922215216, -0.030567124313483688, 0.038256809805993934]
A2: [0.13171355828891845, -0.22450407710573703, 0.022792365117196234, 0.0702853236114373] - [0.032546074686747355, 0.20365056307192783, -0.1149881378922968, -0.12155543508540965] - [-0.09437160555215163, 0.5557874046664383, -0.23495576822531655, -0.22538805451682442] - [-0.020869047655144468, -0.019318273648752448, 0.008077349475004589, 0.03214177029187468]
B1: -0.00010494125270674802 - 0.000260316711694417 - -8.47827112149267e-05 - -0.00011747516908990783
B2: 4.657006230974002e-07 - 0.00011580005013590764 - 1.4176968016937355e-05 - -5.190162314898779e-05
