Number: 5365
Error: 1.3587883475130894e-15
A1: [0.06621318437732587, -0.11395207707401862, -0.023983947586660063, 0.07172287084066638] - [0.03740261326494619, 0.18819337052201274, -0.1474089456614662, -0.0781870090600447] - [-0.060229712437950285, 0.32895047250576004, -0.12775344347716636, -0.1409686542073843] - [0.03904605981829055, -0.053322780337018115, -0.03741868648085647, 0.051695025109979864]
A2: [-0.009108661274216605, -0.34680327615757855, 0.2494550041466246, 0.10645659026079768] - [0.08004003725607176, 0.03628248480738831, -0.05024988111433758, -0.06607172638694486] - [-0.04245305236693875, 0.23083163403630547, -0.040531495138708074, -0.1478480965601595] - [0.06813451531147939, -0.29346814230195073, 0.14177095504391501, 0.08356156506000431]
B1: -1.1380409232229549e-09 - 2.5916805940793685e-08 - -9.039519785257027e-09 - -2.1156119379620105e-08
B2: -4.090512592949773e-09 - -8.876802778304842e-09 - 4.045326588042491e-10 - -6.499511409524885e-08
