Number: 9182
Error: 3.188259647580268e-07
A1: [0.054403729850813064, -0.14676830271539526, -0.025771123271165024, 0.12306428990715848] - [0.006363961533480428, 0.13189626564604867, -0.11255195492705211, -0.02148707178117055] - [-0.013218361084573738, 0.22433262206222193, -0.12580907785320106, -0.0803637424716374] - [0.02800720988906854, -0.09916129747425606, -0.04856487278684147, 0.12316386508360373]
A2: [0.09410626128704955, -0.06808170109916781, -0.11887745195096316, 0.11220400694683202] - [0.10750681180764804, 0.24847540359095144, -0.4061551109825072, 0.044833405271548166] - [0.034782372865954966, 0.4607045584933889, -0.37952661197601084, -0.12334460246213826] - [0.14469269677820862, -0.043343153022770066, -0.20025993311631624, 0.1039661724582304]
B1: 2.2253122818825495e-05 - -0.000246702656006161 - 0.0012365444990417437 - -0.0010392910874086987
B2: 0.0003498357501489687 - 0.00033486502373557454 - 0.0007041171998411049 - -0.00011234951980471856
