Number: 7584
Error: 7.329258237017914e-16
A1: [0.08043171764073731, -0.18046777779813591, -0.01958882405659975, 0.11962500469055076] - [0.037415616528763955, 0.13359642268231747, -0.13472614973608757, -0.03628578858263847] - [-0.0017027794392587986, 0.22819015607945423, -0.12282834312961934, -0.10365887066149343] - [0.03886326118674877, -0.11448099186989327, -0.046416414655211576, 0.12203425469392323]
A2: [0.03530741815518724, -0.029273500771944624, -0.0756973736316128, 0.06966338167747053] - [0.10289374143425108, 0.2828966919503085, -0.3926064051847468, 0.006815986331974114] - [-0.011187162657690453, 0.5390145276466439, -0.35945107480837346, -0.1683765305992252] - [0.0978627607931691, 0.01746327770518532, -0.1688510472731619, 0.05352483785045356]
B1: 1.4242711259599024e-08 - 1.635782116397735e-08 - 2.3559879986335666e-08 - 2.0224513067530444e-08
B2: 1.9452288929073002e-08 - 1.9002632347080816e-08 - 2.2796898079145683e-08 - 1.6693254492400784e-08
