Number: 507
Error: 7.165087968153097e-13
A1: [-0.012156641626109382, -0.014520505919741916, 0.01808369359633959, 0.008579626700747597] - [0.06583553147578997, 0.1894955456894229, -0.14532226416619334, -0.11000823112782382] - [-0.09629358718225028, 0.4217855939693733, -0.05345789007663619, -0.272036332063965] - [-0.0013212981538333081, -0.018219050500746153, -0.0038348955989411584, 0.023376977178192027]
A2: [0.16158694450232858, -0.16775455378081622, 0.00850155308728371, -0.0023328514018791852] - [0.035485542735320404, 0.20751654388955965, -0.11721060424838506, -0.1257922064078876] - [-0.08621446992832658, 0.58153721549713, -0.23538962693227455, -0.25993647042658874] - [-0.003834711995446616, -0.004519038746927695, 0.001110509571927887, 0.007243637025621121]
B1: 3.8411764476194246e-07 - 8.375219374658852e-07 - 1.012364066983012e-08 - 5.428435557913063e-07
B2: -8.036427122825048e-07 - -1.6163560064971137e-09 - -4.336330158615749e-07 - 1.0403645420699852e-08
