Number: 6356
Error: 7.343430243353515e-16
A1: [0.08043172151576983, -0.1804677739235329, -0.019588820186191354, 0.11962500856514735] - [0.03741564105484866, 0.13359644718984298, -0.13472612525887248, -0.036285764070135625] - [-0.0017027818536962367, 0.22819015366507356, -0.12282834554051963, -0.10365887307528782] - [0.03886327852185011, -0.11448097458343329, -0.0464163973311459, 0.122034272018259]
A2: [0.03530742148232683, -0.029273497435617215, -0.07569737046817977, 0.06966338515965659] - [0.10289381800197969, 0.2828967691678688, -0.3926063311294619, 0.006816066509587202] - [-0.011187016827562424, 0.5390146743465956, -0.3594509367769863, -0.16837637693292537] - [0.09786282658908109, 0.0174633438003741, -0.1688509846396896, 0.05352490691471572]
B1: -2.4178981148132323e-08 - 1.8943317145655294e-08 - 6.593481226099809e-09 - -4.995182197653917e-09
B2: -6.364968110042003e-09 - -1.457634537504538e-08 - 9.62672529281739e-09 - -4.6604459625602635e-09
