Number: 4984
Error: 7.489577283087764e-16
A1: [0.06621329293330462, -0.11395197094390387, -0.02398383911588229, 0.07172297921446445] - [0.037402641228736266, 0.18819339723940054, -0.14740891817101276, -0.07818698156715292] - [-0.060229397279930895, 0.3289507751983441, -0.12775313508179917, -0.14096834747072484] - [0.03904625336220006, -0.0533225966323493, -0.03741849923355743, 0.051695210836949695]
A2: [-0.009108408687142935, -0.3468030082029798, 0.2494552587776442, 0.10645685508397139] - [0.08003983695417921, 0.036282269025153586, -0.050250100032619295, -0.06607194716400992] - [-0.042452833862021574, 0.23083187519088583, -0.040531260980774614, -0.14784785490307673] - [0.06813478267629097, -0.2934678479228422, 0.14177124489236145, 0.08356186482378722]
B1: 3.760473921324054e-08 - -1.0676721668590467e-08 - -1.6332497940723235e-08 - -6.711738541426981e-09
B2: 4.539985403681437e-08 - 3.6555321395109495e-08 - -4.337734763401648e-08 - -1.7406687905561224e-08
