Number: 3479
Error: 2.029148052896022e-09
A1: [0.06619787277351248, -0.1139670541209157, -0.023999259102878347, 0.07170758403457743] - [0.03735284625183961, 0.18814581536643946, -0.14745785081433116, -0.0782359427951035] - [-0.060116075540752885, 0.32905960191223704, -0.12764221378016635, -0.14085807184513174] - [0.03926162742030652, -0.05311816990231814, -0.0372100863247044, 0.05190189998579528]
A2: [-0.009070767873375456, -0.3467630739386624, 0.2494931985873138, 0.10649635371476847] - [0.0800801769871982, 0.03632572257169846, -0.05020600466606657, -0.06602746517902569] - [-0.04252739596050302, 0.23074954515710477, -0.04061122345969003, -0.14793035710515134] - [0.06815285550656663, -0.2934479469316464, 0.14179086423958692, 0.08358214944148094]
B1: 3.04682466666673e-05 - 4.723237652367096e-05 - -2.8662883763034702e-05 - 4.132124001322317e-05
B2: -4.257926562664302e-05 - 5.465305745702313e-05 - -1.6587378623503923e-06 - -5.341300731327325e-05
