Number: 1722
Error: 7.586031290130308e-07
A1: [-0.007486868061650475, -0.015305360290515824, 0.002686591171293845, 0.019132925848718684] - [0.06638289195376779, 0.18945788709760894, -0.14719442246818565, -0.11035665797966918] - [-0.11499552248636581, 0.4394009081799108, -0.07330901644748462, -0.26071598951542757] - [-0.02566407757363071, 0.013072120428152366, -0.03227814981175223, 0.036478893735785084]
A2: [0.1323975675303179, -0.22380920081350494, 0.023471228404322936, 0.07095137779716523] - [0.03366016626496615, 0.20474794021181478, -0.1138782162740381, -0.12046110652643897] - [-0.09249235320868267, 0.5576592535716026, -0.2331009767694926, -0.2235449628486492] - [-0.020966107660234174, -0.0193988147586277, 0.007986624170130085, 0.032047787533133094]
B1: -0.00027101612411513224 - -0.00010511217634154042 - -0.0010916803657702178 - 5.0278639801564114e-05
B2: 0.0009847264917545286 - 0.0002382434083790294 - 0.00021735332015892941 - 0.0002797309925066189
