Number: 9527
Error: 1.8110866316436957e-13
A1: [0.05317148673522369, -0.1480023347894165, -0.027000109562439843, 0.12182675807425052] - [0.005313172450380251, 0.13083614629521523, -0.11360129108646398, -0.022550311532091284] - [-0.01444503107879966, 0.22309106610762322, -0.12704173367583413, -0.08160648771098818] - [0.02714770640780048, -0.10001879173141971, -0.04942325945974113, 0.12229936987598433]
A2: [0.0892569844177771, -0.07291085304505451, -0.12362495454489965, 0.10728893728986501] - [0.10883981722082356, 0.24981226919626567, -0.4048471632582008, 0.046187536341103855] - [0.03663473805544027, 0.4625539317628031, -0.3777186148684338, -0.12147447376850343] - [0.14342582581525107, -0.04460722844249749, -0.2015001285331465, 0.10267924610792659]
B1: 3.1138177346138176e-07 - -4.5670859053923985e-07 - 3.0140749033909106e-08 - 3.6536049765567067e-07
B2: 1.1449518517125379e-07 - 7.529612145525433e-10 - -1.7777978677130588e-07 - -7.681905249895131e-07
