Number: 912
Error: 1.5582827830031804e-09
A1: [-0.01213231500391368, -0.01449567833540235, 0.01811052982008191, 0.00860551918534864] - [0.06583616979121992, 0.18949615227514477, -0.14532160024279436, -0.11000752197416487] - [-0.09623977065189546, 0.4218375225499479, -0.05339952508217696, -0.271973700473776] - [-0.0015011839963034058, -0.01839195503735073, -0.004026362060077205, 0.023169199218708584]
A2: [0.161533214067432, -0.16780709310099665, 0.008449033314664678, -0.00238499053733504] - [0.035556515334408824, 0.20758637666614257, -0.11713992339191284, -0.12572277985181143] - [-0.08627244347686722, 0.5814805822605561, -0.2354459273370959, -0.25999282641159227] - [-0.0038990654887203725, -0.0045822658526455525, 0.0010468578547038177, 0.007182094212226617]
B1: -7.025334484595774e-05 - 8.994188800897055e-06 - -4.6574777520932625e-05 - -1.6090057060381614e-05
B2: -0.00015320315200139433 - -0.00010155066615111478 - -1.1302944594026215e-05 - 0.00010062018369446927
