Number: 9173
Error: 4.7156608453680746e-07
A1: [0.05386448485637997, -0.14731030791334568, -0.026320252271660072, 0.12252946166360627] - [0.007454088631778366, 0.13298196745829705, -0.11147420136160949, -0.020397572423258185] - [-0.01401305531146211, 0.22353800964081233, -0.12660826623563526, -0.0811524327814363] - [0.02911364618038559, -0.09805430273395126, -0.04745977160737689, 0.12427745410411717]
A2: [0.08697713756933173, -0.07520468120729111, -0.1258416582729368, 0.10498356765440167] - [0.10822255011330255, 0.24919246094716163, -0.40545399533651827, 0.045561591740003] - [0.03930595926910268, 0.465206247166748, -0.3751174226767571, -0.11877581651474849] - [0.13968901432724176, -0.0483268396073241, -0.20514308340368573, 0.09888814369007352]
B1: 0.0013524671079427845 - 1.3821409696849758e-05 - -0.0006831175244617786 - 0.0008999624557421748
B2: 0.000358131660434146 - -8.525450053672534e-05 - 0.00036671249053729237 - -0.00023313281825089932
