Number: 8205
Error: 1.4434950158599964e-15
A1: [0.08043170569252707, -0.18046778974501893, -0.01958883599057309, 0.1196249927436714] - [0.03741558662148306, 0.1335963927977227, -0.1347261795836346, -0.036285818473264814] - [-0.001702810796983064, 0.22819012472239253, -0.12282837444143692, -0.10365890201085334] - [0.038863245490753, -0.11448100752184732, -0.046416430341217896, 0.1220342390076734]
A2: [0.035307245176250814, -0.029273674229253276, -0.07569753809810147, 0.06966320063660247] - [0.1028937594031458, 0.28289671007170253, -0.39260638780544005, 0.006816005147994969] - [-0.01118700259300365, 0.5390146886659762, -0.35945092330343215, -0.16837636193374617] - [0.09786282372038294, 0.01746334091859557, -0.16885098737045537, 0.05352490390345167]
B1: -6.271123085786663e-08 - 4.112167266379192e-09 - 3.8691385396663735e-08 - 1.494027441285043e-08
B2: 7.674209288562607e-10 - -9.343742049053362e-09 - -2.1719868821050248e-10 - -2.978437061370999e-09
