Number: 5093
Error: 9.621321816615524e-16
A1: [0.06621325106693213, -0.11395201187473646, -0.023983880949428122, 0.07172293741832787] - [0.037402578979693055, 0.1881933377646577, -0.14740897936658556, -0.07818704276814104] - [-0.0602294511966948, 0.32895072341416315, -0.12775318784161152, -0.14096839994676708] - [0.039046221287764214, -0.05332262707618866, -0.03741853026449844, 0.051695180057965535]
A2: [-0.009108682330663, -0.3468032984953045, 0.24945498292012916, 0.10645656818422566] - [0.08003976940243557, 0.03628219625264512, -0.05025017386274271, -0.06607202162103472] - [-0.04245283597761226, 0.23083187285598677, -0.0405312632479581, -0.14784785724282445] - [0.06813475466256949, -0.29346787876708885, 0.14177121452281857, 0.08356183341534323]
B1: -3.160194935450081e-08 - 2.1139422996762234e-08 - 1.506153875968585e-08 - 9.688794220021466e-09
B2: 2.067638264709707e-08 - 1.6530528791677017e-08 - 2.782032147533738e-08 - -3.274909928339994e-08
