Number: 9904
Error: 7.731748310043507e-16
A1: [0.05317247034808865, -0.14800135079727747, -0.026999127024921188, 0.12182774215142382] - [0.005313643866312668, 0.1308366182383179, -0.11360081971138962, -0.022549839433875094] - [-0.014444543506376846, 0.2230915538752574, -0.12704124647362278, -0.08160599995262102] - [0.027146253184670885, -0.10002024494892636, -0.04942471574704938, 0.12229791296693823]
A2: [0.08925426885930048, -0.07291356230582519, -0.12362760890613508, 0.10728618825602244] - [0.10884164011235826, 0.2498140924090142, -0.4048453764632899, 0.046189389909350884] - [0.03663577487970035, 0.4625549631849667, -0.3777176032893931, -0.1214734261902771] - [0.14342629428805537, -0.04460676171674312, -0.20149967111420522, 0.1026797215209121]
B1: -4.132752475102229e-08 - 5.902635538042775e-11 - 6.64430248917863e-09 - -6.769353994539775e-09
B2: -4.035718174584655e-09 - 1.1226773663729104e-08 - -2.525610613592839e-08 - -3.941579977394443e-08
