Number: 5076
Error: 1.181260219484796e-15
A1: [0.06621324004499132, -0.11395202265035825, -0.023983891962698466, 0.07172292641490298] - [0.03740265053175307, 0.18819340612781602, -0.1474089090254215, -0.07818697242075487] - [-0.06022924527768479, 0.328950921188247, -0.1277529863413048, -0.1409681995302029] - [0.039046128288727965, -0.05332271534745864, -0.037418620238009584, 0.051695090815001066]
A2: [-0.00910869757359952, -0.34680331466567393, 0.24945496755386123, 0.1064565522028446] - [0.08003986891842944, 0.03628230345977532, -0.050250065097549125, -0.06607191193230909] - [-0.04245277028137837, 0.2308319453622215, -0.040531192845405316, -0.1478477845854915] - [0.06813480173022365, -0.29346782694369933, 0.14177126554858416, 0.08356188618668815]
B1: -4.2899597472164263e-08 - 2.4411313801394914e-08 - 1.76729756928478e-08 - 9.923313469775505e-09
B2: 2.707432395016541e-08 - -1.3597957295338708e-08 - -1.1951178461318088e-08 - 1.8105927770478255e-08
