Number: 4883
Error: 7.322384269344725e-16
A1: [0.06621306831956317, -0.1139521905383278, -0.023984063553354966, 0.0717227549776775] - [0.037402572958068245, 0.18819333201138883, -0.14740898528632287, -0.07818704868839749] - [-0.06022927813425578, 0.3289508896313116, -0.12775301849281598, -0.1409682315088111] - [0.03904616774157555, -0.05332267790029773, -0.03741858206870164, 0.05169512867439345]
A2: [-0.009108612487503862, -0.3468032244028888, 0.24945505332837856, 0.10645664141073677] - [0.08003986155664501, 0.036282295529035564, -0.05025007314355333, -0.06607192004662157] - [-0.042452842371189584, 0.23083186579964937, -0.040531270099528324, -0.14784786431388777] - [0.06813473534373538, -0.29346790003792605, 0.1417711935794137, 0.0835618117553961]
B1: 1.4601050270893202e-08 - 1.2497382139629942e-08 - 3.0644177357809218e-09 - 8.278455956132937e-10
B2: 2.690469799042157e-08 - -5.173729086999451e-09 - -1.605135373496972e-08 - 4.7499637649260987e-08
