Number: 8198
Error: 6.516699257023615e-16
A1: [0.08043171012710613, -0.1804677853109417, -0.019588831561295105, 0.11962499717774605] - [0.037415571435737344, 0.1335963776234698, -0.13472619473912406, -0.03628583365060042] - [-0.0017028109700325186, 0.22819012454934667, -0.12282837461423288, -0.10365890218385614] - [0.03886324876189696, -0.1144810042598829, -0.04641642707215717, 0.12203424227678603]
A2: [0.035307556275416194, -0.029273362269671862, -0.07569724230841213, 0.0696635262350237] - [0.10289380450544461, 0.2828967555567773, -0.39260634418304774, 0.006816052376632169] - [-0.011187133314596805, 0.5390145571647174, -0.359451047034505, -0.16837649967938217] - [0.09786272713246148, 0.017463243891348665, -0.16885107931606483, 0.0535248025177618]
B1: 3.282073912041437e-08 - -1.8490231079756172e-09 - -3.401642837487635e-09 - 3.866749716054176e-08
B2: 2.4897462731468625e-08 - 5.678285568932656e-09 - 1.7168783624944015e-08 - 1.8245841625231886e-08
