Number: 1640
Error: 8.074910726961626e-08
A1: [-0.006801015990526712, -0.014605303379584525, 0.0033990627979483385, 0.01984233092188929] - [0.06637622048144255, 0.18945106182617802, -0.14720196053003343, -0.11036268440333037] - [-0.11260672651996216, 0.4417591824397888, -0.07081158853306004, -0.25813268555985247] - [-0.02216229847017246, 0.01652657881515471, -0.028703221838684595, 0.040181516925533574]
A2: [0.13167180145099305, -0.2245460470549265, 0.02274397353260591, 0.07023936909094262] - [0.0328474315934089, 0.20394756977486606, -0.11468751860302721, -0.12126038134752103] - [-0.09459821544204457, 0.5555673105932591, -0.23518190823364102, -0.22561280867359312] - [-0.02088098090188394, -0.01933945789058418, 0.00805926489794305, 0.03212328526683898]
B1: 3.853154748946013e-05 - 4.282618221474241e-06 - 0.00010448792202839742 - -2.823652338562884e-06
B2: -0.00042202437903897415 - 3.208829439237141e-05 - 0.00016310964452164196 - -0.0004402527802925485
