Number: 3161
Error: 3.337424294648073e-05
A1: [0.060526588084650085, -0.05052290557028911, -0.025751342786356334, 0.005884784172490412] - [0.038119301348653496, 0.18595721382657626, -0.14815888068445057, -0.09852073643603054] - [-0.1261314380544295, 0.41272063410115145, -0.10663782980242073, -0.18839176866235485] - [0.045221544141253164, 0.027990295242254055, -0.024332795032127937, -0.01355901345432266]
A2: [0.07905357721343997, -0.15870537352285763, 0.10219525769870395, 0.03920479886504956] - [0.02678717740832603, 0.19775253160167292, -0.10420811345961074, -0.13040971100411078] - [-0.11692545423041786, 0.49084091881141123, -0.2491877275541217, -0.2175412048827874] - [-0.05962781715472277, -0.014403106134206386, -0.0840737353710256, 0.02457268964004148]
B1: -0.007370755235242277 - -0.00697127037408472 - 0.0049282720153887094 - 0.006961635387937275
B2: 0.002097929718736635 - 0.0014062161201933393 - 0.001936837642173931 - 0.006325290610584755
