Number: 872
Error: 6.859003701880542e-09
A1: [-0.01223178735927235, -0.014597703602670434, 0.018000625805733843, 0.008499315140630811] - [0.06583059708484514, 0.1894907989924085, -0.14532736542966906, -0.11001372497645177] - [-0.09636022994046035, 0.42172117477268056, -0.053530209939762874, -0.2721139802958496] - [-0.0013612125007802002, -0.018257444648386405, -0.0038773868444158628, 0.02333083923198769]
A2: [0.16146981120523496, -0.16786946401764943, 0.008386792576205882, -0.002447018132171356] - [0.03547887337840422, 0.20750998331124634, -0.11721724403281004, -0.12579872798316383] - [-0.08631670678177672, 0.5814370866424036, -0.23548909914382232, -0.26003614900791433] - [-0.0038985720957965295, -0.004581827607507016, 0.0010473103261398858, 0.007182552468757253]
B1: 1.7296070454681496e-06 - 8.179523979941263e-05 - 1.707225402078968e-05 - 1.6612304229966336e-05
B2: -5.6319765760206256e-05 - -2.8836739388320196e-05 - -5.4038315374190874e-05 - -6.200682067474152e-05
