Number: 2841
Error: 1.2079496739148865e-08
A1: [0.06321393221724089, -0.048091566130999304, -0.023661928757146553, 0.007636648904894344] - [0.0434020643057085, 0.1910200956689597, -0.1428317724786202, -0.092797370104276] - [-0.12329553851769964, 0.4150098234308869, -0.1047092720756924, -0.18692408665317797] - [0.037158944068480915, 0.01932285538819941, -0.03297745439922957, -0.02289779447488505]
A2: [0.06333521024811833, -0.17379177051011876, 0.08621681908840606, 0.02385223175140549] - [0.029527232760806175, 0.20053245312846363, -0.10147361785076524, -0.1276406989480484] - [-0.0933011448869133, 0.5137885945237256, -0.22549695122097463, -0.19499254944681788] - [-0.026003082685967304, 0.018445086617734568, -0.050362992817806325, 0.056903626987370726]
B1: -0.00010211565861126318 - 9.544998370339679e-05 - -0.00013466155935525564 - -9.079668256557267e-06
B2: 1.7792341699441367e-05 - -8.012603569574311e-05 - 9.679354830545735e-05 - 0.00017422539320465522
