Number: 8808
Error: 3.7441263273180806e-05
A1: [0.0776179634809077, -0.18329873546801248, -0.022342003033041378, 0.11680363856948586] - [0.032856058111411575, 0.12901685189785075, -0.13921019002331697, -0.04085335062448965] - [-0.0014280143538444767, 0.22845659919482716, -0.12250401620762634, -0.1033881328979659] - [0.03526912768501534, -0.11808225551846689, -0.04995112865109112, 0.11843444001174547]
A2: [0.04090023530798593, -0.023693516699693096, -0.07032886585902617, 0.07551165475037953] - [0.10255169477471082, 0.2825394824844558, -0.39290845440034905, 0.006455120397748553] - [0.001443881499164009, 0.5516758824359936, -0.3474378826917853, -0.15507165881907192] - [0.10187165608982744, 0.0214676129113127, -0.16499038878101807, 0.05772829631683883]
B1: -0.003941142179266448 - -0.0019492259618847105 - -0.0063274128176793445 - -0.003483757871642592
B2: 0.0026200591257912274 - 0.0020893566846923364 - 0.0007001095175710762 - 0.00238937579146637
