Number: 5335
Error: 7.627486328248523e-16
A1: [0.06621320318154839, -0.11395205869002328, -0.023983928797213536, 0.07172288961331266] - [0.03740265278561158, 0.18819340828130585, -0.14740890680964802, -0.07818697020478961] - [-0.0602292514471883, 0.3289509152624802, -0.12775299237857926, -0.14096820553493536] - [0.039046220568869375, -0.05332262775841906, -0.03741853095993897, 0.05169517936813803]
A2: [-0.009108972128570427, -0.3468036059244527, 0.24945469077726484, 0.10645626434775374] - [0.08003997231813413, 0.036282414850731, -0.05024995208768721, -0.06607179796293326] - [-0.04245273857517143, 0.230831980354916, -0.040531158867963414, -0.1478477495198005] - [0.0681348371389294, -0.2934677879574129, 0.14177130393473594, 0.08356192588619663]
B1: -1.696807247382366e-08 - -9.504525803621517e-08 - 1.4761604829654058e-08 - 2.503917104930436e-08
B2: -1.3906333675309116e-08 - -3.455748270462123e-08 - -4.264858967138825e-08 - 2.8667846513734088e-08
