Number: 7583
Error: 8.479700531636751e-16
A1: [0.08043171765964259, -0.18046777777923279, -0.019588824037717077, 0.11962500470945388] - [0.037415616227605704, 0.13359642238138714, -0.13472615003664576, -0.0362857888836299] - [-0.0017027790936143448, 0.2281901564250913, -0.12282834278448095, -0.10365887031594122] - [0.038863260849395384, -0.11448099220629993, -0.046416414992350004, 0.1220342543567795]
A2: [0.03530741914285653, -0.029273499781543623, -0.07569737269254864, 0.06966338271117274] - [0.10289374205830323, 0.282896692579657, -0.39260640458117146, 0.006815986985447555] - [-0.011187159713687734, 0.539014530608206, -0.3594510720218084, -0.1683765274970294] - [0.0978627629767503, 0.017463279898698694, -0.16885104519453237, 0.05352484014250114]
B1: 1.2459282627163614e-08 - 1.4744624997941626e-08 - 2.1319436369423296e-08 - 1.8174144341158442e-08
B2: 2.0672721760338407e-08 - 1.996107692271646e-08 - 2.4329828443410106e-08 - 1.763916348801185e-08
