Number: 7976
Error: 1.0309447787415023e-15
A1: [0.08043169185229959, -0.1804678035836561, -0.019588849814198492, 0.11962497890506238] - [0.037415526609492336, 0.1335963328311101, -0.13472623947613868, -0.03628587845207614] - [-0.0017028288684347841, 0.22819010665133213, -0.12282839248641558, -0.10365892007747282] - [0.038863231992721355, -0.11448102098199324, -0.046416443830624994, 0.12203422551804698]
A2: [0.035307449438416086, -0.029273469402187915, -0.07569734388786849, 0.06966341441871281] - [0.10289374090460497, 0.2828966914161659, -0.39260640569700433, 0.006815985777345684] - [-0.011187117025931788, 0.539014573550548, -0.3594510316168933, -0.16837648251548484] - [0.09786280486718225, 0.01746332197965858, -0.16885100531751412, 0.05352488411377069]
B1: 3.828825974714829e-09 - -1.3858768868732562e-08 - -9.642621313024047e-09 - -5.833843093339684e-09
B2: -1.3806786330291862e-08 - -7.004657173440073e-09 - 1.2322542571793138e-09 - -1.337610972316971e-08
