Number: 1732
Error: 4.6695894446461893e-07
A1: [-0.009412588710473381, -0.017245847749226925, 0.0006857788950793136, 0.017154828313788735] - [0.0670301964310144, 0.19008068100702086, -0.14652582858684682, -0.10963619797484844] - [-0.11111783895425432, 0.4432046067612602, -0.06927994181237948, -0.25651121467462884] - [-0.021280834444073474, 0.017382854507431204, -0.02781980955626035, 0.04111382135124731]
A2: [0.13025525078938346, -0.22592027179187693, 0.021364208075072177, 0.06885680916707466] - [0.03330812231787837, 0.20440134902302534, -0.11422886548877928, -0.1208052830768936] - [-0.09967453922597605, 0.5505941126482001, -0.24014812591332285, -0.23059109371799727] - [-0.020719046451477683, -0.019159281719364984, 0.008226377372659206, 0.03228021936893428]
B1: 5.8626387923454255e-05 - 0.000878648380442536 - 0.0009920457278911918 - -0.00045936989258464573
B2: -0.0007908325794217287 - 0.0007655814959238983 - 1.1843735753623677e-05 - -0.00039602536883050557
