Number: 1743
Error: 6.229856148359834e-08
A1: [-0.0074670647911485285, -0.015288567459518823, 0.0027263799923403797, 0.01914552435929364] - [0.06517880647231186, 0.18830077607705245, -0.14844223090354974, -0.11169441053746444] - [-0.1136141712398078, 0.4407603035501016, -0.07189449111866011, -0.2592088615468309] - [-0.02494633651676888, 0.01378591319367384, -0.03157602914882504, 0.03724858124804981]
A2: [0.13350173762587, -0.22272747639650656, 0.024556457242368625, 0.0720351310429727] - [0.0326476660705888, 0.2037525819640354, -0.11488631859349727, -0.1214516242965036] - [-0.0901615420300336, 0.5599678361176749, -0.23077460054660054, -0.22120788035135722] - [-0.0199290449743529, -0.018387992035471708, 0.008999037424652462, 0.0330324345149662]
B1: 0.00023842898776448704 - 0.0003362242239413972 - -0.00024549162160770045 - 0.0005927980641612463
B2: 7.772575348452809e-05 - 0.0005211521545128194 - 3.067136443312877e-05 - 8.495374402092096e-05
