Number: 2448
Error: 1.8699167318292799e-06
A1: [0.06234224198812777, -0.04903466084149519, -0.02443860788764048, 0.0068297666913201835] - [0.04663954179806864, 0.1941272129992309, -0.1395563734334818, -0.08928198452380255] - [-0.13005039293744003, 0.4082970732733875, -0.11155720839732164, -0.19379453980945338] - [0.03861256966308498, 0.020855387367211372, -0.03150235769215111, -0.021485837655193064]
A2: [0.060719664691783734, -0.17647250921055085, 0.08368940134501757, 0.021329882562705134] - [0.025768601486024417, 0.196808254242189, -0.10523876642331861, -0.13134729670990547] - [-0.09400633111911266, 0.5132741623015004, -0.2259428316185929, -0.1954789610158925] - [-0.02900821854525818, 0.015572020264639818, -0.05311385646842972, 0.05416932808567331]
B1: 0.001382567408535573 - -0.0011606096995408232 - 0.0019505419307137362 - 0.002459490645177908
B2: -0.0003691294510382535 - 0.0018980476184457553 - 0.003311766688853917 - 0.0028187467164383466
