Number: 6562
Error: 8.811046412847862e-16
A1: [0.08043168234626798, -0.1804678130886002, -0.01958885930885907, 0.11962496940011809] - [0.03741556991402061, 0.13359637610285702, -0.13472619625795154, -0.036285835171557125] - [-0.0017027888268388843, 0.2281901466920796, -0.12282835250345234, -0.1036588800465696] - [0.03886320404902525, -0.11448104884725868, -0.04641647175651539, 0.12203419759171986]
A2: [0.03530742763856108, -0.029273491262352548, -0.07569736461491881, 0.06966339160283279] - [0.10289373320412357, 0.2828966836503193, -0.3926064131448223, 0.006815977713812054] - [-0.011187117227144374, 0.5390145733481674, -0.3594510318073284, -0.16837648272752262] - [0.09786278990796046, 0.017463306952403217, -0.16885101955772938, 0.05352486841146596]
B1: -1.9616157311413404e-09 - -1.7669469375068177e-09 - -3.856306390848396e-09 - -4.685830116928427e-09
B2: -3.4898724774339157e-09 - -1.4505087957247716e-08 - 2.4980590392553272e-08 - -1.9509742298901494e-08
