Number: 4246
Error: 1.212652879266453e-15
A1: [0.06621324828391476, -0.11395201459557446, -0.02398388373023336, 0.07172293464001182] - [0.03740262877620673, 0.18819338534182403, -0.14740893041281986, -0.07818699381002424] - [-0.06022949136586997, 0.32895068483402423, -0.1277532271487409, -0.1409684390426668] - [0.039046223540662985, -0.05332262493800399, -0.03741852808505225, 0.05169518221974213]
A2: [-0.009108621476629311, -0.34680323393900114, 0.24945504426660542, 0.1064566319860943] - [0.0800398577918419, 0.03628229147324399, -0.05025007725834248, -0.06607192419631157] - [-0.042452808898134076, 0.2308319027424622, -0.040531234228720237, -0.1478478272940633] - [0.06813477130553995, -0.2934678604425017, 0.14177123256558008, 0.08356185207510294]
B1: 1.0064201181757506e-08 - 8.834133111981648e-09 - -7.296104611211581e-09 - -7.85530204095869e-09
B2: -4.0473476714599075e-08 - -5.5948212507359706e-08 - 5.253255805207918e-08 - 4.3680658272989523e-08
