Number: 7064
Error: 1.171905731572548e-15
A1: [0.08043170005764096, -0.18046779537923266, -0.019588841618661184, 0.11962498710946887] - [0.037415601187966524, 0.1335964073531346, -0.13472616504631715, -0.036285803914934765] - [-0.0017027977183568096, 0.22819013780074696, -0.12282836138195279, -0.10365888893571508] - [0.038863238220800914, -0.11448101477137913, -0.04641643760651368, 0.1220342317422574]
A2: [0.03530742651888159, -0.029273492385127085, -0.07569736567949659, 0.06966339043097011] - [0.10289379002567119, 0.28289674095412076, -0.3926063581877617, 0.006816037214279701] - [-0.011187108169291879, 0.5390145824600344, -0.35945102323387423, -0.1683764731829584] - [0.09786279541017247, 0.01746331247964244, -0.16885101431998234, 0.05352487418700076]
B1: 2.6409705984266457e-08 - -2.1682565356122638e-08 - -3.199481288131497e-09 - 1.2221931194015292e-08
B2: 6.27269264960194e-09 - 3.0275549596835895e-09 - 9.858377021439288e-09 - -2.8489530334744983e-10
