Number: 4234
Error: 9.650096826371193e-16
A1: [0.06621319740745621, -0.11395206433511353, -0.023983934566768193, 0.07172288384893735] - [0.037402617880459454, 0.18819337493167634, -0.14740894112417532, -0.07818700452232741] - [-0.060229418966255006, 0.32895075436986526, -0.1277531563027461, -0.14096836857772393] - [0.03904626199582251, -0.05332258843781284, -0.037418490880965494, 0.05169521912173669]
A2: [-0.009108487644582577, -0.34680309196414083, 0.24945517918148608, 0.10645677230168187] - [0.08003985147632976, 0.036282284669628774, -0.05025008416083681, -0.06607193115741652] - [-0.04245286644153993, 0.23083183923399792, -0.04053129589449999, -0.1478478909348929] - [0.06813491808379067, -0.2934676988332693, 0.14177139168734224, 0.08356201664063069]
B1: -2.6683946062647234e-08 - 2.5350846920104498e-08 - -2.7166316858340832e-08 - 4.429647261118464e-08
B2: -2.190074957619724e-08 - -2.4746104218781452e-08 - 7.345196667574135e-09 - 4.274913236249427e-08
