Number: 9619
Error: 1.3647113441485713e-14
A1: [0.05317316178621006, -0.14800065910923552, -0.026998436351675693, 0.12182843392200296] - [0.005313852033354086, 0.13083682662121018, -0.11360061157883965, -0.022549630972509133] - [-0.014444547793548548, 0.2230915495860311, -0.12704125075826786, -0.0816060042398344] - [0.02714658111187138, -0.10001991702514125, -0.04942438713053023, 0.12229824172577951]
A2: [0.08925351726953697, -0.07291431215576122, -0.12362834355877081, 0.10728542740100629] - [0.10884252885330267, 0.2498149813054374, -0.40484450532708965, 0.04619029360352912] - [0.03663637730292387, 0.4625555624741674, -0.3777170155346954, -0.12147281751798976] - [0.14342648662793575, -0.0446065700961857, -0.20149948331412823, 0.10267991671252368]
B1: -1.255669107197358e-07 - 1.805904885130986e-07 - 1.0023368929098886e-07 - -3.325625091242325e-07
B2: 1.0157265803272478e-07 - -7.17165633849573e-08 - -1.1332352864104911e-08 - -2.66511083623275e-07
