Number: 1690
Error: 4.0327319415324486e-07
A1: [-0.010879138947053767, -0.018726096858198, -0.0008410098180585438, 0.015651525602866683] - [0.06745249437436601, 0.1904862302922542, -0.14608911721722556, -0.10916664152084628] - [-0.11399443463346506, 0.44038491069185576, -0.07226800948383649, -0.259632614666154] - [-0.024850767072134225, 0.01387582449197549, -0.03144708334086608, 0.03733770932646305]
A2: [0.13167605530597598, -0.22453288842809146, 0.022748816624121447, 0.07023999985503296] - [0.033218857174981464, 0.2043133897594767, -0.11431822981874724, -0.12089577288641377] - [-0.09615332879474991, 0.5540423112711467, -0.2367038033875656, -0.22714606324476969] - [-0.020465507897214404, -0.018918743590182443, 0.00846977125854417, 0.03252251017085328]
B1: -0.00025711621269239565 - 0.0006425361653767618 - -0.0007510626479347881 - -5.7576907563754555e-05
B2: -0.0003801344212605823 - 0.0005610336347674806 - 0.001246468871632262 - 0.0004335242583398239
