Number: 9087
Error: 1.696799695526764e-05
A1: [0.03528183985055155, -0.16793109663658123, -0.04550586593780595, 0.10226914035164608] - [-0.014521730825681789, 0.10965020484250185, -0.13488096398535074, -0.04394043366904698] - [-0.029924072678490895, 0.20920032087013804, -0.13860275490379836, -0.09386925174703777] - [0.009744970799459128, -0.11850824775776786, -0.06673235681796456, 0.10401318365441455]
A2: [0.049856706831546985, -0.11221095986433377, -0.15674290553886047, 0.06803078814883882] - [0.05359506830544114, 0.19345482059837366, -0.45762095638323774, -0.010509653076063242] - [0.0191354026055452, 0.4460596760516636, -0.3968473750548666, -0.13945032978025323] - [0.11651168070233722, -0.07157339570603949, -0.229684570417343, 0.07498115155845032]
B1: -0.0025622479314853387 - 0.006681272582581016 - -0.004510462914988084 - 0.0010469335863244962
B2: 0.005271413025378713 - 0.0029174799907312602 - -0.00806128290793279 - 0.0040137935817618
