Number: 7882
Error: 1.2455207935082333e-15
A1: [0.0804316433759109, -0.18046785205455293, -0.019588898232615188, 0.11962493043421393] - [0.0374156401193025, 0.1335964462549899, -0.13472612619255198, -0.036285765005169175] - [-0.0017028276218849663, 0.22819010789785424, -0.12282839124169088, -0.10365891883125611] - [0.03886319037847966, -0.11448106247945251, -0.04641648541835101, 0.12203418392966797]
A2: [0.035307283940415546, -0.02927363535791902, -0.075697501241475, 0.06966324120733376] - [0.10289365600274669, 0.2828966057937603, -0.3926064878130237, 0.00681589687277829] - [-0.011187035025780986, 0.5390146560398048, -0.35945095400185206, -0.16837639610918098] - [0.09786276522735118, 0.017463282159538844, -0.16885104305211215, 0.053524842504910075]
B1: -2.995582512765733e-08 - -1.3634778406819269e-08 - 4.278229171399627e-08 - 4.644895272204315e-09
B2: -2.776069092462452e-08 - 6.221364873422706e-08 - -7.743017437734467e-09 - -1.943221363959541e-08
