Number: 4937
Error: 1.036165776196203e-15
A1: [0.06621321849808119, -0.11395204371577092, -0.023983913492693666, 0.07172290490415924] - [0.03740265167207756, 0.18819340721730493, -0.1474089079044091, -0.07818697129964017] - [-0.06022937163923495, 0.32895079982484815, -0.127753109991311, -0.14096832251518499] - [0.039046145569696655, -0.05332269894502916, -0.03741860351926701, 0.05169510739799828]
A2: [-0.009108564123361506, -0.34680317309618025, 0.2494551020838272, 0.10645669211783551] - [0.0800398110249529, 0.03628224109196925, -0.05025012837176268, -0.06607197574378318] - [-0.04245277774200431, 0.23083193712826236, -0.04053120084045604, -0.14784779283661872] - [0.06813480039469706, -0.2934678284141522, 0.14177126410078345, 0.0835618846893346]
B1: 2.4475106953207862e-08 - -2.835798295752609e-08 - 1.3132473132788674e-08 - 1.7757564974764992e-08
B2: 2.0713179761805527e-08 - 4.962273906996306e-08 - -2.2893959951805185e-08 - -3.447440972490253e-08
