Number: 6482
Error: 5.632064276644642e-16
A1: [0.08043169094955169, -0.1804678044862907, -0.019588850715862346, 0.11962497800241927] - [0.037415593893696614, 0.13359640006438386, -0.13472617232605563, -0.03628581120516439] - [-0.0017028149366882116, 0.22819012058278704, -0.12282837857507269, -0.1036589061494508] - [0.0388632345686246, -0.11448101841330902, -0.046416441256363516, 0.12203422809235089]
A2: [0.0353074452269085, -0.029273473625358037, -0.07569734789214856, 0.06966341001095233] - [0.10289373632460953, 0.28289668679728924, -0.39260641012672953, 0.006815980981417771] - [-0.011187091731848594, 0.5390145989955325, -0.35945100767548566, -0.16837645586222874] - [0.09786280506826484, 0.017463322181666945, -0.1688510051261057, 0.05352488432485573]
B1: -4.203741065224352e-09 - -1.0430165851084899e-09 - -2.7524107903745817e-09 - -5.994110640403961e-10
B2: -1.715776636268895e-09 - -3.290105518946553e-09 - 5.773641612088784e-10 - -3.7421008146937225e-09
