Number: 9446
Error: 2.33991944575549e-13
A1: [0.053172207111139416, -0.148001614156104, -0.026999390002146014, 0.12182747877422617] - [0.005311548215116017, 0.1308345203602245, -0.11360291504559322, -0.022551938010973206] - [-0.014446168339188135, 0.22308992841987887, -0.12704287004841616, -0.08160762539937758] - [0.027144050889316516, -0.1000224471686073, -0.0494269225944376, 0.12229570519788342]
A2: [0.08925929101155185, -0.07290855175346063, -0.12362269986105164, 0.10729127241011845] - [0.10884278050843615, 0.24981523302702535, -0.40484425863255297, 0.04619054950461367] - [0.03663707571237557, 0.46255625722402466, -0.37771633411465266, -0.1214721119022068] - [0.14342767760166006, -0.04460538360882127, -0.2014983204045506, 0.10268112528665412]
B1: 3.275651497344103e-07 - -5.458232941545275e-07 - 5.944051660946959e-07 - 5.904501137000639e-07
B2: 1.4998552007149536e-07 - -2.6448746034727266e-07 - -2.054169443112541e-07 - 8.098544213613124e-08
