Number: 7151
Error: 1.2748854190345008e-15
A1: [0.08043170718959142, -0.1804677882480902, -0.019588834495239425, 0.11962499424060424] - [0.03741561484914141, 0.13359642100397046, -0.13472615141236263, -0.036285790261327555] - [-0.0017027978433022722, 0.22819013767581087, -0.12282836150670552, -0.10365888906062172] - [0.03886325294229779, -0.1144810000911998, -0.04641642289440198, 0.12203424645460219]
A2: [0.035307375885615715, -0.029273543158437807, -0.07569741382097919, 0.0696633374377786] - [0.10289375812567002, 0.2828967087833826, -0.3926063890410257, 0.006816003810320393] - [-0.011187085295208187, 0.5390146054705518, -0.359451001583047, -0.16837644907974386] - [0.09786278221343357, 0.017463299222875945, -0.1688510268824281, 0.05352486033472451]
B1: -1.103689139822682e-08 - 3.2477317382427162e-09 - 1.5023503221401435e-08 - 2.3512337246787804e-09
B2: -2.3973659664863733e-09 - -3.92861583895359e-09 - 6.698068858939246e-09 - 1.0635243647777713e-09
