Number: 7058
Error: 9.148740875933943e-16
A1: [0.08043169733279958, -0.18046779810376534, -0.019588844340244386, 0.11962498438493872] - [0.03741559997299678, 0.1335964061390844, -0.13472616625886608, -0.0362858051292315] - [-0.0017028049646765227, 0.228190130554582, -0.12282836861766258, -0.10365889618010084] - [0.038863238363298074, -0.11448101462928191, -0.04641643746410734, 0.122034231884666]
A2: [0.035307404932830945, -0.029273514030881558, -0.07569738620324135, 0.06966336783883009] - [0.10289380026612217, 0.2828967512814832, -0.3926063482833306, 0.006816047937527141] - [-0.011187093642511277, 0.5390145970734607, -0.35945100948395825, -0.16837645787558475] - [0.097862791133723, 0.017463308183740953, -0.168851018390886, 0.05352486969812163]
B1: 1.744247498850975e-08 - -1.3245216031945e-08 - 2.2511526278204597e-09 - 9.825552464524456e-09
B2: 3.423324544361261e-09 - 1.451305916371791e-09 - 7.362321908183877e-09 - -6.5376256748683e-10
