Number: 9384
Error: 5.42089215083984e-12
A1: [0.05316188566155517, -0.1480119376577546, -0.027009699177307916, 0.12181715412091043] - [0.005320267876096045, 0.1308432486180375, -0.11359419708559906, -0.022543206582235076] - [-0.014439322719782838, 0.22309677673929723, -0.12703602951380155, -0.08160077668009648] - [0.02714960286964777, -0.1000168936643827, -0.04942135775327296, 0.122301273368529]
A2: [0.08924790359548924, -0.07291991447680066, -0.12363383132230638, 0.10727974446384027] - [0.10886692824120121, 0.24983938603329364, -0.4048205887080013, 0.04621510401632743] - [0.03664517938990858, 0.46256431854223456, -0.3777084278472078, -0.12146392435547042] - [0.14345145527048042, -0.04458169338541776, -0.20147510320885814, 0.10270525568644448]
B1: -2.4093584060339443e-06 - 1.0404949670686017e-06 - -9.73683459411871e-07 - 7.543335669532701e-07
B2: -4.693061527438874e-06 - 2.335331921560522e-06 - 4.590930138924364e-07 - -1.1520653685624893e-06
