Number: 6419
Error: 9.474878650834038e-16
A1: [0.08043169751945654, -0.1804677979171299, -0.019588844153813224, 0.11962498457157379] - [0.03741559672414943, 0.13359640289269442, -0.1347261695012426, -0.036285808376279434] - [-0.0017028097743365465, 0.2281901257450286, -0.12282837342027957, -0.10365890098847681] - [0.038863228396936116, -0.11448102456767731, -0.04641644742411921, 0.12203422192449818]
A2: [0.03530743258978433, -0.029273486297435022, -0.07569735990735915, 0.06966339678482539] - [0.1028937509983434, 0.2828967015955612, -0.39260639593448843, 0.006815996346964954] - [-0.011187098787976411, 0.5390145918973179, -0.35945101435426047, -0.16837646329752132] - [0.09786281051766071, 0.017463327655850406, -0.16885099993863542, 0.05352489004494948]
B1: 1.0632478847360376e-09 - 2.9287662438291615e-09 - 4.3922442845804905e-09 - 2.7732998060778236e-10
B2: 6.088663442880619e-09 - 2.5305952849609264e-09 - 4.2083245903430655e-09 - -4.689208441667196e-09
