Number: 8324
Error: 1.295940792078559e-15
A1: [0.08043164772210681, -0.18046784770886892, -0.019588893891682443, 0.11962493477986609] - [0.037415641318881365, 0.13359644745372604, -0.13472612499520348, -0.03628576380614095] - [-0.0017028271412506857, 0.22819010837847487, -0.12282839076176987, -0.10365891835075326] - [0.03886319053303109, -0.11448106232533632, -0.046416485263926575, 0.12203418408409888]
A2: [0.035307567097565995, -0.029273351417567522, -0.07569723201879401, 0.06966353756152292] - [0.10289371040531446, 0.28289666065805086, -0.3926064351955374, 0.006815953840176303] - [-0.01118713039208269, 0.5390145601046457, -0.3594510442682936, -0.16837649659982462] - [0.09786269746918715, 0.017463214093127025, -0.16885110755365793, 0.05352477138105261]
B1: 3.045296619758394e-08 - -1.6223692043563776e-08 - -1.094300415153158e-08 - -3.275220822248285e-08
B2: -3.416605600306754e-08 - 2.6921270647224267e-08 - -2.598532398152751e-08 - -3.1870181786879237e-08
