Number: 1668
Error: 1.862991103916509e-07
A1: [-0.005306287383368716, -0.01309616760393342, 0.004952976956906677, 0.02137680847754219] - [0.06776052745510723, 0.19078285353827473, -0.14577111577452675, -0.10882318545641458] - [-0.11385523157985382, 0.44052779775167755, -0.0721165310289349, -0.25948811887423007] - [-0.019908681004562338, 0.01874137179971338, -0.026403096663873103, 0.04255795501806383]
A2: [0.13259387195039762, -0.22363866109316524, 0.023646813464228474, 0.0711394186617289] - [0.032383663179480285, 0.20349103600368018, -0.11514979553071943, -0.12171367442700386] - [-0.09349860490552173, 0.556649619604412, -0.23410127722587346, -0.22453337067129] - [-0.01999049458540127, -0.01846176351383273, 0.008941753113120194, 0.03298042571465499]
B1: -7.135568958460009e-05 - 0.0008651465250448304 - -2.6979362865284722e-05 - -0.00016538052671479718
B2: 0.00019117335023494027 - 0.0007357216546873488 - 0.0011748244203583843 - -0.0002523474656261857
