Number: 3662
Error: 2.9566852337575435e-14
A1: [0.0662125869718115, -0.11395266112689639, -0.023984544522452963, 0.07172227443748337] - [0.037401805622644946, 0.18819259887321915, -0.14740973963671541, -0.07818780310470513] - [-0.06022926205430209, 0.3289509050755758, -0.12775300275716475, -0.14096821585839356] - [0.03904650401290738, -0.05332235872774703, -0.037418256739091924, 0.05169545136408918]
A2: [-0.00910770860973328, -0.3468022655340737, 0.24945596451693836, 0.10645758907053866] - [0.08003929265622796, 0.036281682661050314, -0.05025069491949679, -0.06607254709960816] - [-0.04245338457585964, 0.23083126738761947, -0.04053185114863398, -0.14784846397248366] - [0.06813517113005774, -0.2934674202217692, 0.1417716660119103, 0.08356230034646983]
B1: 1.3798567930522422e-07 - -1.9882654526995988e-07 - 4.3881666033356794e-07 - 2.641331803065866e-07
B2: 1.9992781281056788e-07 - 5.000921966575574e-07 - -4.987110989405485e-08 - -2.506455965807261e-08
