Number: 7579
Error: 7.579778667326812e-16
A1: [0.08043171801008188, -0.18046777742883321, -0.019588823687696787, 0.11962500505985316] - [0.03741561444806383, 0.13359642060319207, -0.13472615181264191, -0.036285790662186033] - [-0.0017027764752413454, 0.22819015904340845, -0.1228283401699416, -0.10365886769826699] - [0.03886325933843056, -0.11448099371302445, -0.046416416502352044, 0.12203425284675376]
A2: [0.035307416477732126, -0.02927350245403924, -0.07569737522651712, 0.06966337992183322] - [0.10289373872000386, 0.2828966892130255, -0.3926064078099323, 0.006815983489762252] - [-0.011187157652378358, 0.53901453268181, -0.35945107007073257, -0.1683765253249576] - [0.09786276332009423, 0.01746328024360439, -0.1688510448676909, 0.053524840502900226]
B1: 1.1385286548086235e-08 - 1.2748960243822205e-08 - 2.136834160131044e-08 - 1.772039073622522e-08
B2: 2.0471460657218376e-08 - 1.8200067958113773e-08 - 2.600139759358532e-08 - 1.6213797129501127e-08
