Number: 369
Error: 6.28451586893644e-11
A1: [-0.012167813120545436, -0.014531977648933088, 0.01807134925838798, 0.00856769322341884] - [0.06587225672783231, 0.1895308740524399, -0.1452842945187186, -0.10996734123765287] - [-0.09632906166162944, 0.42175131031596735, -0.053496379802593606, -0.27207766209381845] - [-0.0013524699495442135, -0.018249028440924117, -0.003868072212353927, 0.023340946650093352]
A2: [0.16159102190174945, -0.1677505595478928, 0.008505545705739243, -0.002328880429602877] - [0.03547247026807806, 0.20750367992139432, -0.11722362335374223, -0.12580499571002937] - [-0.08618605470062465, 0.5815650432814228, -0.2353619841439233, -0.2599087690344106] - [-0.0038452498549781293, -0.004529403000829503, 0.0011000811473752974, 0.0072335554507125905]
B1: -4.0221900152697115e-06 - 3.7003524679691605e-05 - 1.81960476513527e-05 - 5.187474767821912e-06
B2: 1.2632053993559693e-05 - 9.403440833128047e-06 - 4.598309511334298e-06 - 3.874087896552372e-06
