Number: 6072
Error: 3.563318776471128e-15
A1: [0.08043296804323011, -0.18046652753747147, -0.019587575149342826, 0.11962625495007684] - [0.0374169926909229, 0.13359779780249956, -0.13472477631635532, -0.036284413183150205] - [-0.0017018443691018074, 0.22819109112995462, -0.1228274094283091, -0.10365793584067129] - [0.03886417649397214, -0.11448007913131993, -0.04641549993115391, 0.12203516943234181]
A2: [0.03530717048264037, -0.02927374912976231, -0.07569760911425304, 0.06966312246145334] - [0.10289336382434547, 0.28289631113546027, -0.3926067704035158, 0.006815590919106028] - [-0.011187605276408436, 0.5390140823878922, -0.35945149375548213, -0.16837699700228312] - [0.09786215118212674, 0.017462665321170096, -0.1688516275825166, 0.05352419795694995]
B1: -4.801953758718071e-08 - 6.444818594805181e-08 - -1.1110078660179532e-07 - 2.6421519251625132e-08
B2: 1.2091758762266669e-07 - 2.79219836196123e-07 - -3.223320543052117e-07 - -1.8930547633775438e-07
