Number: 4645
Error: 1.1387837179385976e-15
A1: [0.06621321133834489, -0.11395205071554791, -0.023983920646840285, 0.07172289775641294] - [0.03740261423290796, 0.1881933714466903, -0.14740894471000054, -0.07818700810848292] - [-0.06022946332104744, 0.3289507117694494, -0.12775319970579782, -0.14096841174715982] - [0.03904603668150003, -0.053322802297688376, -0.03741870886506215, 0.051695002907603205]
A2: [-0.00910869258118152, -0.34680330936970855, 0.24945497258659471, 0.1064565574368641] - [0.08003978514389505, 0.0362822132106411, -0.05025015665833552, -0.06607200427052694] - [-0.04245292336992712, 0.2308317764044892, -0.04053135690096068, -0.14784795389530406] - [0.06813462544296454, -0.29346802104337383, 0.14177107443639514, 0.08356168853648158]
B1: 3.09200170364444e-09 - 9.378098630957633e-09 - -1.2649366115663488e-08 - -2.433983691570232e-08
B2: 1.1146973728823923e-09 - -1.5561728557667497e-08 - 4.971168764443184e-08 - -4.4056959442825766e-08
