Number: 3021
Error: 1.3705382429017731e-08
A1: [0.06257508699247845, -0.04872730956316486, -0.02429421129330807, 0.007000104949658491] - [0.0442066703589232, 0.19179687688039743, -0.14200198353496907, -0.09191057020182677] - [-0.12301983847054569, 0.4152919958307161, -0.10442578693765946, -0.18663812552560355] - [0.035832594635161974, 0.01799538313530615, -0.03430510506579597, -0.02422075342259885]
A2: [0.06336600733417383, -0.17376302343193986, 0.08625298242022708, 0.02388124621985031] - [0.02913499194779585, 0.20014615928289425, -0.10186475091166951, -0.12802548611618073] - [-0.09289242832882516, 0.5141881991257777, -0.2250873541969326, -0.19459393317111542] - [-0.02562497972858011, 0.01881482949068286, -0.04999219251495167, 0.05727295901769591]
B1: 0.00021902899127172604 - -0.00025977273507589514 - -1.736105982123458e-05 - -0.00029964093720796336
B2: -9.729844828411044e-05 - -0.00010363457281554625 - 5.733145026441204e-05 - 0.00013199486722426215
