Number: 697
Error: 3.12207238230456e-15
A1: [-0.01215344448711759, -0.014517222122510418, 0.018087227413838173, 0.008583043217923539] - [0.06583553451512764, 0.18949554861367024, -0.1453222610230611, -0.11000822774303823] - [-0.09629273659409622, 0.42178641603899675, -0.05345696709201515, -0.2720353410897524] - [-0.001321716757034025, -0.01821945308799658, -0.0038353411959835067, 0.023376493339696786]
A2: [0.16158676516570003, -0.16775472974570796, 0.008501377351537167, -0.002333026250254892] - [0.03548566767639585, 0.2075166668214567, -0.11721047983155465, -0.12579208418641832] - [-0.08621354173997184, 0.5815381246577767, -0.23538872377245704, -0.25993556530395096] - [-0.003834887544836697, -0.004519211378467317, 0.0011103358166313988, 0.007243469069748491]
B1: 7.318903854617171e-09 - -2.8621994665829796e-07 - 2.54746994041518e-08 - -3.091058055124634e-08
B2: 5.450562507376354e-08 - -4.6269631382808307e-07 - 1.9908264256631115e-07 - 9.839281525236324e-08
