Number: 7351
Error: 7.94690378013907e-16
A1: [0.0804316547550258, -0.1804678406767188, -0.019588886867108954, 0.11962494181202768] - [0.03741557896308926, 0.13359638514507913, -0.1347261872269087, -0.03628582612749953] - [-0.0017028644181383585, 0.2281900711023898, -0.1228284279840706, -0.10365895561769137] - [0.03886321912033266, -0.11448103381825028, -0.046416456694816845, 0.12203421265365735]
A2: [0.03530738190433738, -0.029273537123068044, -0.07569740809847492, 0.06966334373703666] - [0.1028937038737766, 0.2828966540710506, -0.3926064415127556, 0.006815947000677713] - [-0.01118708438732168, 0.5390146063838515, -0.359451000723709, -0.16837644812307523] - [0.09786276621868158, 0.017463283155370025, -0.1688510421084134, 0.05352484354545726]
B1: -2.3621305959741317e-08 - -1.0298770367525466e-08 - 6.534256595790915e-09 - -8.069298950547983e-11
B2: -1.484775154531389e-08 - 3.659890176531975e-10 - -2.5619712712876714e-08 - -9.266616723517212e-10
