Number: 8984
Error: 0.0003253593713013967
A1: [0.06313108431573727, -0.1766121918304861, -0.017354374410878604, 0.12293963439087337] - [-0.08545418479499281, 0.04331251610531786, -0.20875759464463103, -0.11371578394511385] - [-0.14929432801447326, 0.08509678217078753, -0.24375924871751867, -0.21849705822614515] - [-0.04264476822071304, -0.17172058451772862, -0.11581254910545188, 0.05300022353838056]
A2: [-0.15542115761611777, -0.2423436403994005, -0.31133080606241936, -0.08480131689188491] - [0.059304021070051775, 0.2046651460064128, -0.46316625008732587, -0.008219832167690774] - [-0.18367830410242106, 0.3076366151942403, -0.5723871999798706, -0.3051041939972962] - [-0.03280011916049955, -0.16534687167582254, -0.34300054497722643, -0.03932711112983689]
B1: 0.014038824445771252 - -0.03131690624761715 - 0.006586174121854568 - -0.008016944797443698
B2: 0.045290911751320315 - -0.0014845490602274367 - -0.01657039317268042 - 0.010241498150957571
