Number: 2464
Error: 1.0268267343053529e-06
A1: [0.05784291755023774, -0.05347198855153726, -0.028965428885344265, 0.0023141316298258504] - [0.04386775629158938, 0.19145239605893694, -0.14238018331841487, -0.09230859651973128] - [-0.12454757084924345, 0.41369730229774543, -0.10601271525740837, -0.18824053652402406] - [0.034359988970491966, 0.016505615494931947, -0.035783825592532646, -0.025710824621512977]
A2: [0.059957577633520956, -0.17717467967623154, 0.08280611141335649, 0.020535717046319884] - [0.029052628395195942, 0.2000587797270582, -0.10195631531254944, -0.1281112074543459] - [-0.09424903503270546, 0.5129214204488742, -0.22644026107691634, -0.19587490880289884] - [-0.026372662026689964, 0.018117281288771662, -0.050726420284373325, 0.05658144833816289]
B1: 0.00023082467416969048 - -0.00018271542705963718 - -0.002190557239665375 - -0.0017892218043169018
B2: 0.001383062237090337 - -0.0004409824835177091 - -0.0012192565402975553 - -0.0002947686488511648
