Number: 3118
Error: 4.313254063095163e-06
A1: [0.05983028771903031, -0.051635196876756544, -0.027213324152761696, 0.004128326183302687] - [0.0420018390417826, 0.18957693342763735, -0.14435220616122887, -0.09443668087421628] - [-0.12721109342738426, 0.41091645578253133, -0.1088348580095963, -0.19101043515557303] - [0.030616301163793443, 0.012544921178101841, -0.039802823670405295, -0.029475514769916743]
A2: [0.05476341639934736, -0.18221857383601142, 0.07762894876605614, 0.015317038735523618] - [0.026644126283390523, 0.1976963346707081, -0.10431392678035775, -0.13045195641593293] - [-0.09084275148245999, 0.5162128484703826, -0.22305319905798968, -0.19257155103283907] - [-0.03492362477616713, 0.009560359949736402, -0.059325780906046455, 0.048097909157098884]
B1: -0.008159786573870918 - 0.0007717749766767399 - 0.0003609641947117954 - 0.0033291767384978936
B2: -0.0016884089813523123 - -0.0023870775622487675 - -0.0016641916111029852 - -0.002554764907354112
