Number: 854
Error: 6.781269138654924e-10
A1: [-0.012164936566464727, -0.01452902724063896, 0.018074524201672517, 0.00857076137460934] - [0.06585434875079495, 0.18951364708117316, -0.14530280868774165, -0.10998728003336757] - [-0.09631389365237367, 0.42176596708061054, -0.05347992521826569, -0.2720599910035492] - [-0.001339051418474816, -0.01823612395511585, -0.0038537939846617526, 0.023356457478864157]
A2: [0.16155592205558442, -0.16778499204897443, 0.008471155680107487, -0.0023630921723281958] - [0.03548799925898577, 0.20751896072426093, -0.11720815805835114, -0.1257898031593029] - [-0.08623187749914232, 0.5815201637983736, -0.23540656591971929, -0.25995344385838154] - [-0.0038479698419242726, -0.004532076623876111, 0.0010973872144891613, 0.007230953336891071]
B1: -1.5947991467607435e-05 - -2.3908103066909024e-05 - -2.1963242428899244e-05 - -9.427369210302872e-06
B2: 3.6001659298659466e-06 - 1.3280507381101944e-05 - 4.2713913634243106e-06 - 8.448879517499405e-06
