Number: 4461
Error: 9.972424797860634e-16
A1: [0.06621319393255595, -0.11395206773238035, -0.02398393803895848, 0.07172288037985806] - [0.03740262316131363, 0.18819337997717267, -0.14740893593268445, -0.07818699933039135] - [-0.0602294239871497, 0.328950749547505, -0.12775316121595467, -0.14096837346445207] - [0.03904616312526128, -0.053322682281970554, -0.03741858653490512, 0.051695124244522106]
A2: [-0.009108592074972268, -0.3468032027484386, 0.2494550739061087, 0.10645666281209042] - [0.08003979633948033, 0.03628222527147973, -0.05025014442224296, -0.06607199193049182] - [-0.0424527963387156, 0.23083191660382799, -0.04053122076951601, -0.1478478134037505] - [0.06813469400006071, -0.2934679455591552, 0.14177114875901248, 0.0835617654014591]
B1: -1.1555235090010008e-08 - -1.5783178287121286e-08 - 1.1368163962855095e-08 - -2.7106494239749486e-08
B2: 5.752364396773235e-09 - 6.141759871964764e-09 - -3.5129543607152966e-08 - 2.3295668321890686e-11
