Number: 940
Error: 6.439473119383073e-09
A1: [-0.012341219347558647, -0.01471023260000777, 0.017879571647361234, 0.008382254440767649] - [0.06575236748339205, 0.18941553286303603, -0.1454082338880142, -0.11010081958932634] - [-0.0957777771646025, 0.4222839983512615, -0.05289823219954233, -0.27143552906181145] - [-0.0008245840453642986, -0.017741365609525463, -0.0033061962074326205, 0.02395111755353044]
A2: [0.16166140915948893, -0.16768130844413373, 0.008574651613301724, -0.002260006886344838] - [0.03549287162405115, 0.20752376818485993, -0.11720327518959035, -0.12578500677401944] - [-0.08619141279936375, 0.5815599556003697, -0.2353670623439541, -0.25991379328201175] - [-0.0037195377315125152, -0.004405684455917035, 0.0012246100279430729, 0.007353924664854926]
B1: 3.117419288264364e-05 - 0.00010326480977269598 - -2.6725161725887062e-05 - -9.320342448518822e-06
B2: -0.00013287257667273636 - 3.9398980309459156e-05 - 0.0001770135300994354 - 2.63662480531941e-05
