Number: 8152
Error: 1.091942252816897e-15
A1: [0.08043166138610826, -0.1804678340464137, -0.019588880244001707, 0.11962494844232792] - [0.0374156472444525, 0.13359645337480078, -0.13472611908147525, -0.036285757883897145] - [-0.0017028137890234194, 0.22819012173041767, -0.1228283774290927, -0.10365890500209109] - [0.03886323218063375, -0.11448102079460987, -0.04641644364284731, 0.12203422570583614]
A2: [0.03530749660774606, -0.029273422102365807, -0.07569729903977974, 0.06966346378645392] - [0.10289375435674182, 0.28289670498246944, -0.39260639268626013, 0.006815999863679037] - [-0.011187199886052716, 0.5390144901961974, -0.3594511100459534, -0.16837656982792756] - [0.09786269214711349, 0.01746320874686336, -0.16885111261990238, 0.05352476579458696]
B1: 2.7369080168127134e-08 - -9.899863022763399e-09 - -9.517208988283445e-09 - 2.330233799253436e-08
B2: -1.4684333487439517e-08 - 4.210355695053199e-08 - 1.6794527855180646e-09 - 4.0228967766501455e-09
