Number: 9742
Error: 1.6904194186526402e-15
A1: [0.053172506499653355, -0.1480013146324689, -0.026999090913248647, 0.12182777832039145] - [0.00531385274414366, 0.13083682733510774, -0.11360061086539143, -0.022549630261596267] - [-0.014444497917306707, 0.2230915994809452, -0.1270412009206844, -0.08160595434732025] - [0.027146434425219263, -0.10002006370860884, -0.049424534124143014, 0.1222980946680673]
A2: [0.089254283720766, -0.0729135474788908, -0.1236275943795586, 0.1072862033007725] - [0.10884175896903182, 0.2498142112866133, -0.40484525996079834, 0.0461895107658053] - [0.036636095925614516, 0.46255528256047795, -0.3777172900610157, -0.12147310181460363] - [0.14342641250874846, -0.04460664393643943, -0.20149955568196004, 0.10267984149553828]
B1: -1.4305435880068454e-08 - -5.546641386014703e-09 - 9.991889016317355e-08 - 7.473240455896631e-09
B2: 5.093525670092537e-08 - 4.60596593677484e-08 - -1.2706865661650197e-08 - 9.381457695848211e-08
