Number: 5412
Error: 1.2874585510549375e-15
A1: [0.06621315573829663, -0.1139521050730316, -0.02398397620319242, 0.07172284224973023] - [0.03740252206238376, 0.1881932833841109, -0.1474090353205956, -0.07818709872710604] - [-0.06022932271798738, 0.32895084681084436, -0.12775306211970763, -0.14096827490095612] - [0.03904614593036643, -0.05332269860253147, -0.03741860317015678, 0.051695107744250755]
A2: [-0.00910856447978749, -0.3468031734741442, 0.24945510172411642, 0.10645669174418095] - [0.08003979044297259, 0.0362822189193692, -0.05025015086633855, -0.06607199842964029] - [-0.042452881617393384, 0.23083182248529624, -0.04053131215753035, -0.1478479077184604] - [0.06813465743980343, -0.29346798581314015, 0.1417711091239358, 0.08356172441128193]
B1: 3.086021642711591e-08 - 4.1051912268778894e-08 - -2.0910341934122575e-08 - -3.5689844828967317e-08
B2: -7.130285164205488e-09 - -1.662717921578097e-08 - 6.679437110390916e-08 - -1.0550030699318473e-08
