Number: 301
Error: 1.3547544310014635e-08
A1: [-0.012747789656458968, -0.01512770443672847, 0.017430296852161152, 0.007947991425906992] - [0.06550939570971666, 0.1891817955345878, -0.14565948601186557, -0.11037136336918547] - [-0.09647935327435594, 0.42160623463890406, -0.0536593053335526, -0.27225273187608595] - [-0.0015071184286920242, -0.018397598926186316, -0.004032566964472006, 0.023162205186858315]
A2: [0.16160052853980839, -0.1677412401776323, 0.008514976118021354, -0.002319509584282749] - [0.03552848834315261, 0.20755878664608612, -0.11716787069789479, -0.12575021755160748] - [-0.08628659322665842, 0.5814665333662353, -0.23545978533294437, -0.2600067659891086] - [-0.0038401288617735535, -0.004524311110027194, 0.0011053160895923273, 0.007238616317414635]
B1: -0.0001553097194953123 - -0.00010809102655529927 - -8.983208164650236e-05 - -8.997375849254144e-05
B2: -0.00023017039394804815 - -0.0005679052517450922 - 0.0003167219858879254 - 0.00025848783830730547
