Number: 7611
Error: 9.866855954173623e-16
A1: [0.08043173098784483, -0.1804677644525398, -0.019588810725451437, 0.11962501803613383] - [0.03741564644528185, 0.13359645257619326, -0.13472611987917843, -0.036285758682692335] - [-0.0017027803024709713, 0.22819015521626065, -0.12282834399156779, -0.10365887152447531] - [0.038863279703762445, -0.11448097340484477, -0.0464163961499971, 0.12203427319942838]
A2: [0.035307456524589324, -0.02927346229641989, -0.0756973371504428, 0.06966342183517847] - [0.10289373868186695, 0.28289668917456506, -0.392606407846818, 0.0068159834498273736] - [-0.01118703409891274, 0.5390146569722065, -0.3594509531245863, -0.16837639513247157] - [0.09786284837413549, 0.017463365684520813, -0.16885096390168453, 0.05352492978188216]
B1: -2.7819098230234866e-09 - -7.603208725201904e-09 - 9.247557377587072e-09 - 2.760789605844505e-09
B2: -1.5356673762657794e-09 - -2.282618760642489e-09 - 8.11665400759936e-09 - -1.110856204395368e-09
