Number: 6481
Error: 1.030442619932985e-15
A1: [0.08043169101696554, -0.1804678044188845, -0.0195888506485291, 0.11962497806982542] - [0.037415594036842664, 0.13359640020742156, -0.1347261721831948, -0.036285811062097634] - [-0.001702814974787609, 0.22819012054468846, -0.1228283786131163, -0.10365890618754002] - [0.03886323463178136, -0.1144810183503295, -0.046416441193247004, 0.12203422815546838]
A2: [0.03530744682966225, -0.029273472018171258, -0.07569734636827138, 0.06966341168840864] - [0.10289373691191861, 0.2828966873895829, -0.39260640955869197, 0.006815981596416355] - [-0.01118709089665156, 0.5390145998357112, -0.35945100688495385, -0.1683764549821521] - [0.09786280548070388, 0.017463322595982038, -0.1688510047334906, 0.05352488475778262]
B1: -4.385488419624529e-09 - -8.569445692227652e-10 - -3.1139043898970517e-09 - -5.853420419376669e-10
B2: -1.7607910456709343e-09 - -3.3636350648447473e-09 - 5.172073887230134e-10 - -3.806879298271014e-09
