Number: 2809
Error: 2.1847157195611565e-09
A1: [0.0634297575546792, -0.04787694178967879, -0.023448465841153406, 0.007850398463296757] - [0.04366352094666086, 0.19127253186124318, -0.14256253900426374, -0.09250991657446003] - [-0.123422169010109, 0.4148835093024352, -0.10483646995134523, -0.18705055603521473] - [0.03689109222104291, 0.019054282332392203, -0.03324526686550687, -0.023164135048737988]
A2: [0.06388816458728581, -0.17324121125566982, 0.08676924745631878, 0.024399008676144696] - [0.029548267560888554, 0.2005532273495341, -0.10145265302911323, -0.12762012731998829] - [-0.09320339744321035, 0.5138846308027125, -0.22539903084808693, -0.19489792353227453] - [-0.025221442536756365, 0.019222705625058272, -0.049580936646793194, 0.05766452889002653]
B1: 0.00011407143765539994 - 0.0002161591202605512 - -1.0641200589825168e-05 - -0.0001276200315776117
B2: 2.5636469925180586e-05 - 0.00013643557740846855 - 1.5101301950557951e-05 - 1.0124936418800191e-05
