Number: 8329
Error: 7.091851818445803e-16
A1: [0.08043166689149235, -0.1804678285416534, -0.01958887474521664, 0.1196249539470636] - [0.03741562094533884, 0.13359642709560182, -0.13472614532815247, -0.036285784168398526] - [-0.001702820743487578, 0.22819011477610196, -0.12282838437337357, -0.10365891195469674] - [0.038863210380831174, -0.11448104253323492, -0.04641646542877274, 0.12203420391956471]
A2: [0.03530754412678688, -0.029273374451877165, -0.07569725385916554, 0.06966351352016124] - [0.10289378640653159, 0.2828967373042815, -0.39260636168807794, 0.006816033424441492] - [-0.011187062062619955, 0.5390146288416494, -0.35945097959282596, -0.16837642459884475] - [0.0978627912214911, 0.017463308271862234, -0.16885101830735486, 0.05352486979024947]
B1: -4.1845600163971624e-08 - -2.312648958574661e-08 - -2.1473440476638738e-08 - -5.675543413988884e-09
B2: -3.017719012533639e-08 - -1.3275196955346337e-10 - -3.143327470003538e-08 - -2.7663889812187583e-08
