Number: 782
Error: 1.306270420031964e-13
A1: [-0.012152518476376726, -0.014516271014465424, 0.018088250932691, 0.008584032767945551] - [0.06583599568364354, 0.18949599223854677, -0.14532178421460373, -0.11000771427760507] - [-0.09629269306809737, 0.42178645810448984, -0.053456919866252804, -0.2720352903792018] - [-0.001322041363348981, -0.018219765264346117, -0.003835686726291895, 0.02337611815015056]
A2: [0.16158752236960114, -0.1677539868018446, 0.0085021192876515, -0.0023322880789555236] - [0.03548581670763293, 0.20751681345779086, -0.11721033142458895, -0.125791938395429] - [-0.08621327683004378, 0.5815383841325418, -0.23538846600522367, -0.2599353069789262] - [-0.0038341358534398793, -0.004518472184212074, 0.001111079806222043, 0.007244188240186769]
B1: -1.5773556691323492e-07 - 5.172621215830747e-07 - -1.6317888645106428e-07 - -9.445671119045384e-08
B2: -9.536703441415904e-08 - -8.040901689155095e-07 - -1.4807263299745277e-06 - 2.9587280802964657e-06
