Number: 344
Error: 1.6219535528057484e-10
A1: [-0.0121734773678048, -0.01453779587906588, 0.018065092159766823, 0.008561656528240324] - [0.06583647213899785, 0.1894964500831048, -0.1453212936152125, -0.11000718437902426] - [-0.09631279539452019, 0.42176703690914896, -0.053478727411815946, -0.27205871866265624] - [-0.0013984933563240482, -0.018293287451365062, -0.003917060498885744, 0.023287742024662165]
A2: [0.16157695152933563, -0.1677643675734646, 0.008491758278777949, -0.0023425995485645687] - [0.03548479974521468, 0.20751580912083292, -0.11721134961531687, -0.12579293635689404] - [-0.08621010858064253, 0.5815414861255624, -0.2353853834390613, -0.25993222295755114] - [-0.0038389836422637828, -0.004523228164514511, 0.0011063046655779827, 0.0072395686855608295]
B1: 1.3714033792942509e-05 - -9.1699529057112e-05 - 1.663615197868609e-05 - 1.8268372826459956e-05
B2: 8.517422269580983e-05 - -2.2848062998779433e-05 - -4.0713912381567014e-05 - -4.812822800628753e-05
