Number: 7423
Error: 6.297111468634498e-16
A1: [0.08043168296760525, -0.18046781246733706, -0.019588858688268828, 0.1196249700213832] - [0.03741558763800226, 0.13359639381342533, -0.1347261785692814, -0.03628581745739318] - [-0.0017027996202772194, 0.2281901358988684, -0.12282836328108702, -0.10365889083712299] - [0.03886323623341836, -0.11448101675319196, -0.046416439592638165, 0.12203422975610531]
A2: [0.03530715841021127, -0.02927376123532981, -0.07569762059398127, 0.0696631098263414] - [0.10289368735172318, 0.2828966374087804, -0.3926064574926771, 0.0068159296996883134] - [-0.0111870988228201, 0.5390145918622562, -0.3594510143872289, -0.1683764633342515] - [0.09786274652640482, 0.017463263373526043, -0.16885106085419974, 0.0535248228749959]
B1: -3.153251822179773e-08 - 2.8396810300089322e-08 - 7.066709677984036e-08 - 3.0999307633020465e-08
B2: 1.4083409451935533e-08 - 1.07247439624343e-08 - 3.738683327088452e-08 - 1.9032606352352365e-08
