Number: 9193
Error: 1.6798404294292946e-07
A1: [0.05300343920600698, -0.14817355934472246, -0.027170350695296976, 0.12165761022835346] - [0.004354529676595427, 0.12988103554098346, -0.11456044661050838, -0.02350284560374444] - [-0.015768953266378827, 0.2217711706991395, -0.12836455308916053, -0.08292421138562121] - [0.026613080647272275, -0.10055386466244512, -0.049959549022281974, 0.12176555634674852]
A2: [0.08512670242203543, -0.07703465033928125, -0.12765538734027995, 0.10311410379650983] - [0.10640848883625703, 0.24737514174110872, -0.4072321936563752, 0.04371622264568732] - [0.03159163495544156, 0.4575307403668716, -0.38263747205657134, -0.1265663340740239] - [0.14188545787933174, -0.04614282066116444, -0.20300316475872576, 0.10111594591900566]
B1: -0.0007584990786775286 - 1.3503324874584627e-06 - 0.0001628675880461789 - -7.417862650090199e-05
B2: -8.982452123519124e-05 - 0.0004743943371444878 - 5.006376838049141e-05 - -0.0002599609245454834
