Number: 5754
Error: 0.0010241513412658516
A1: [0.07942993278865107, -0.19173983304650874, -0.02628167274885123, 0.11485752085634393] - [0.09152876106465675, 0.1632861789076374, -0.09349746579665506, 0.009321356616403176] - [-0.1387066536518892, 0.10655165755919145, -0.25504691968941584, -0.2374107935414107] - [-0.08956017108384885, -0.21812122422670152, -0.16364669825035957, 0.0005785702785458813]
A2: [-0.010613002599926187, -0.07733564622209291, -0.10207614684100824, 0.023183619925548876] - [0.2334503223091976, 0.41952213705266866, -0.2782117891693345, 0.13032963790984728] - [-0.007940793646543515, 0.5451584028279667, -0.3511166282648486, -0.17404426396005748] - [0.08436578070641083, 0.005183845171730139, -0.17301400084825885, 0.03384937675010411]
B1: -0.014926937333351074 - -0.022369056284996757 - -0.011952481856745628 - -0.008061391752095316
B2: 0.03322710739252953 - 0.06376688680643208 - -0.033098985245957856 - -0.07159352792814806
