Number: 9009
Error: 6.211151437822562e-05
A1: [0.1897524081394377, -0.03562871735927859, 0.10949572672552142, 0.2512188648217866] - [0.08016863548417985, 0.2031398663241812, -0.04143989920660093, 0.05057072419765482] - [0.08529352555662495, 0.3299409949328221, -0.004329880260921067, 0.024438959801030672] - [0.12039406312862365, -0.007971911961128855, 0.04896632634656037, 0.21598138159031718]
A2: [0.04002525155786827, -0.10250542456429787, -0.1516584637230148, 0.07617421290531536] - [0.07940722519467903, 0.20473902990454856, -0.4477586034892898, -0.0006455169643607185] - [-0.004670575467702823, 0.43645177983637745, -0.42961937290802843, -0.15662127889547334] - [0.09559767937248603, -0.08228980709992625, -0.24593526053630296, 0.06114214445920949]
B1: 0.0009119481084207482 - -0.0017436489952378353 - -0.0034507083992778237 - -0.004082940183367257
B2: 0.009073898225744236 - -0.003830358422358289 - -0.0020387024629206184 - 0.0006562588649765225
