Number: 8572
Error: 1.323402043949389e-15
A1: [0.08043166037490819, -0.18046783505744718, -0.019588881253961198, 0.11962494743128134] - [0.03741552362952558, 0.1335963298534543, -0.13472624244999862, -0.03628588143029408] - [-0.0017028189856278875, 0.22819011653391824, -0.1228283826180909, -0.10365891019730332] - [0.038863209509652, -0.11448104340188385, -0.04641646629935294, 0.12203420304900474]
A2: [0.03530736068697598, -0.029273558399077047, -0.07569742827183132, 0.06966332153088484] - [0.10289366361048574, 0.28289661346610334, -0.3926064804549387, 0.006815904839236442] - [-0.01118712776570883, 0.5390145627467294, -0.35945104178240633, -0.16837649383227188] - [0.09786271495599849, 0.017463231659501317, -0.16885109090735548, 0.053524789736513485]
B1: 8.097794741215988e-09 - 2.71081694972342e-08 - -1.3226225173103674e-09 - 2.008270778746006e-08
B2: -5.973661922180449e-09 - -3.443435684924781e-08 - 7.515280311901706e-09 - -4.475965423379786e-09
