Number: 392
Error: 2.3628522132989598e-11
A1: [-0.012094872159876093, -0.014457059316617754, 0.018151969643480065, 0.008645636056465037] - [0.06582154302701652, 0.1894820894405273, -0.14533672718997315, -0.1100238059680428] - [-0.09630361807918007, 0.42177590061116066, -0.05346877283881086, -0.27204801807260914] - [-0.001324993650136068, -0.018222603486899674, -0.003838826893245763, 0.023372706132481047]
A2: [0.1615875922682569, -0.16775392164920833, 0.00850218605418929, -0.002332221738075907] - [0.03548546827970151, 0.20751647016837152, -0.11721067898233208, -0.12579227990292816] - [-0.08621298041929423, 0.5815386714288378, -0.23538818104198583, -0.2599350218834943] - [-0.0038183833726299064, -0.004502982863154933, 0.0011266700109936125, 0.007259257922298644]
B1: 1.7490312814195777e-06 - -9.73114813119248e-06 - -3.07128381422847e-06 - -4.072696186969074e-06
B2: -8.503287695254436e-06 - -2.6205164733209994e-05 - 1.6136582523336835e-05 - 9.311243165109042e-06
