Number: 9995
Error: 1.0339698534348524e-15
A1: [0.053172461934285944, -0.1480013592141387, -0.026999135429398365, 0.12182773373362245] - [0.005313650184318201, 0.13083662456297268, -0.11360081339431624, -0.022549833106939546] - [-0.014444506123683068, 0.22309159127166847, -0.12704120912048206, -0.08160596255654128] - [0.027146403581668133, -0.10002009455236383, -0.04942456503300157, 0.12229806374595423]
A2: [0.08925455486386832, -0.07291327696263657, -0.12362732934543393, 0.1072864777868442] - [0.10884182404276564, 0.24981427637187587, -0.40484519617596354, 0.046189576934421946] - [0.036635946366094095, 0.4625551337790924, -0.37771743597870006, -0.12147325292531073] - [0.14342647809655792, -0.044606578592819135, -0.20149949164112885, 0.10267990805639891]
B1: 1.126638123380735e-08 - 1.0576785894223688e-08 - 3.8689178336864805e-09 - 4.336133200873254e-09
B2: -1.876956957871204e-09 - -1.074343336681454e-08 - 1.4514833448722471e-08 - 5.838994270650948e-09
