Number: 5051
Error: 9.495573031093537e-16
A1: [0.0662132010725089, -0.1139520607519381, -0.023983930904587197, 0.07172288750783469] - [0.03740255825165276, 0.18819331796040292, -0.14740899974385316, -0.07818706314720926] - [-0.06022927322016174, 0.32895089435101305, -0.1277530136841791, -0.14096822672602113] - [0.03904608542013288, -0.053322756036766845, -0.03741866171197964, 0.051695049677785924]
A2: [-0.009108495170170244, -0.3468030999477584, 0.24945517159489644, 0.10645676441140615] - [0.08003983585143792, 0.03628226783718659, -0.05025010123785064, -0.06607194837947718] - [-0.04245279633470096, 0.23083191660824537, -0.040531220765114194, -0.14784781339939376] - [0.06813479604436956, -0.29346783320405007, 0.141771259384594, 0.08356187981182114]
B1: 3.508070651360302e-08 - 1.4039043505933133e-10 - 6.1203700162724865e-09 - 1.0576823400670082e-08
B2: 2.431838741299197e-08 - 4.483312847156629e-08 - -6.999117796252057e-08 - 6.382749772215436e-08
