Number: 9020
Error: 0.0001951190611277612
A1: [0.017182103813716054, -0.20557609546906894, -0.06370155440311621, 0.07939316676894483] - [-0.07292282915873705, 0.04927758090489516, -0.19467433815242421, -0.10305383738320195] - [-0.057771143482290614, 0.18768028608815404, -0.1476588414718542, -0.11821855241525156] - [-0.04750567773281571, -0.1754394961852006, -0.11958754991668237, 0.0476641018626612]
A2: [0.10345371510807554, -0.04607107414878603, -0.09210473365814847, 0.1361338502179982] - [0.23161630099507147, 0.3507613186574173, -0.3008308441460306, 0.15045447503446638] - [-0.005697579581125807, 0.43062398818947495, -0.4323007691184062, -0.16057823752581257] - [0.19445142767756102, 0.008932177605124995, -0.1524365767720607, 0.15693554869914286]
B1: 0.00906330458298224 - -0.012750592845338122 - 0.03329257511278882 - 0.00495436529665346
B2: 0.017812624428043527 - 0.004937872649943107 - -0.006483301270226997 - 0.008974420748478934
