Number: 532
Error: 1.1611256825338862e-13
A1: [-0.012153239254965514, -0.014517011328364401, 0.01808745425955, 0.008583262535117155] - [0.06583653391510587, 0.18949650999411816, -0.14532122773084094, -0.11000711501124322] - [-0.09629143544668772, 0.42178767358220315, -0.053455555183372756, -0.2720338251824395] - [-0.0013222815090797304, -0.0182199962148937, -0.0038359423530006332, 0.02337584058232718]
A2: [0.16158653080461874, -0.16775495969055465, 0.008501147722710009, -0.002333254711831744] - [0.03548596224474473, 0.2075169566568084, -0.11721018649719936, -0.12579179602099677] - [-0.08621384767923491, 0.5815378249928155, -0.23538902145997972, -0.25993586363833576] - [-0.003835439189826266, -0.004519753853227229, 0.001109789822579196, 0.007242941289945063]
B1: 1.8788640701758196e-07 - 4.5626729927925347e-07 - 5.9394095448098835e-08 - -2.429576970160662e-07
B2: 1.0368022695254584e-06 - 8.666921686849183e-07 - 4.508949921957055e-08 - -7.555776825777685e-07
