Number: 6737
Error: 1.1335340521358912e-15
A1: [0.0804316519922024, -0.18046784343922787, -0.01958888962663033, 0.11962493904951921] - [0.03741556429583704, 0.13359637048892667, -0.13472620186494125, -0.03628584078662893] - [-0.0017028443396494188, 0.22819009118045058, -0.12282840793498222, -0.10365893554456422] - [0.03886320598500445, -0.11448104691671095, -0.04641646982177068, 0.12203419952649526]
A2: [0.03530741325854274, -0.029273505682144107, -0.07569737828725553, 0.06966337655258262] - [0.10289375340787513, 0.2828967040255432, -0.3926063936040213, 0.006815998870097578] - [-0.011187156300210697, 0.5390145340420436, -0.3594510687908229, -0.16837652390019053] - [0.09786276914646999, 0.017463286096474896, -0.1688510393213208, 0.05352484661865564]
B1: -9.557733266076314e-09 - 4.514694340193079e-09 - -2.0020967316248688e-08 - -1.3941471054974697e-08
B2: -1.4178759764188996e-08 - -8.052219748423054e-09 - -9.648818558995394e-09 - -8.166933697311954e-09
