Number: 3568
Error: 1.993000098355184e-11
A1: [0.06620587297686374, -0.11395922522249094, -0.02399125352545392, 0.07171557172580502] - [0.037398648686872586, 0.18818958258098925, -0.14741284323539317, -0.07819090669919891] - [-0.06023264932300419, 0.3289476518737878, -0.12775631679346997, -0.14097151292503202] - [0.03905189524871929, -0.05331724148653485, -0.037413041003167516, 0.0517006247549088]
A2: [-0.009108676366155487, -0.3468032920781981, 0.2494549890393782, 0.10645657436898741] - [0.08005033368774819, 0.036293577119264, -0.05023862769657465, -0.06606037745469587] - [-0.04245167330463151, 0.23083315603068008, -0.0405300178387991, -0.14784657129101966] - [0.06816662292384452, -0.2934327904225358, 0.14180576338375595, 0.08359756394434022]
B1: 1.006954547420567e-06 - -1.939749707083905e-06 - 2.4250640552506206e-06 - -1.1927104376956845e-05
B2: 4.268987658972953e-07 - -1.9871977741520674e-06 - -6.960087706897147e-06 - -1.4586549259965385e-06
