Number: 7084
Error: 1.0795125338288299e-15
A1: [0.080431695779874, -0.18046779965651483, -0.019588845891313104, 0.11962498283219052] - [0.03741559760698049, 0.13359640377485896, -0.13472616862016792, -0.03628580749393714] - [-0.001702800033866192, 0.22819013548528716, -0.12282836369407193, -0.10365889125060648] - [0.03886324044087198, -0.11448101255753884, -0.046416435387857474, 0.12203423396094851]
A2: [0.03530755980281639, -0.029273358732549222, -0.07569723895480814, 0.06966352992704007] - [0.10289367087693026, 0.28289662079415595, -0.39260647342687727, 0.0068159124481529405] - [-0.011187125216475696, 0.5390145653111719, -0.3594510393694073, -0.16837649114616815] - [0.09786286059510835, 0.01746337796108073, -0.16885095226813213, 0.05352494260995113]
B1: 1.6126901115683397e-08 - -5.931159104879127e-09 - -1.1115209342534849e-08 - 5.71175411030731e-09
B2: 2.56447618296745e-09 - 2.813676142043942e-09 - 9.072260954699587e-09 - 1.1684755968177943e-09
