Number: 6288
Error: 6.882896775733099e-16
A1: [0.08043165169196356, -0.18046784373942892, -0.01958888992650909, 0.11962493874931733] - [0.03741556015958243, 0.13359636635580568, -0.13472620599295354, -0.036285844920588825] - [-0.0017028358508745765, 0.22819009966904913, -0.12282839945863851, -0.10365892705805332] - [0.03886320918168207, -0.1144810437290031, -0.04641646662713057, 0.12203420272118919]
A2: [0.035307439491446393, -0.029273479376686038, -0.07569735334534652, 0.0696634040081654] - [0.1028937831337594, 0.2828967340037162, -0.3926063648535416, 0.006816029997450935] - [-0.0111869441076659, 0.5390147475002408, -0.3594508679460652, -0.16837630030538508] - [0.09786285210667964, 0.017463369434044813, -0.16885096034859912, 0.0535249336999014]
B1: -4.0157971113694515e-08 - 8.284005754336123e-09 - -4.719822379958067e-09 - 5.911485025108542e-10
B2: -1.7841266013882267e-08 - -1.6412054449807634e-08 - -3.0460301311619485e-10 - -7.3819317298503585e-09
