Number: 9273
Error: 2.616552596517181e-09
A1: [0.053570776366059634, -0.14760292968507835, -0.02660122687537703, 0.12222626179383589] - [0.00562500894064587, 0.13114832454816616, -0.11328955507130269, -0.02223803786193459] - [-0.01399175395197434, 0.2235445066981825, -0.12658876175755734, -0.08115301972806324] - [0.02741823030231057, -0.09974829701406354, -0.04915210007745441, 0.12257068217327376]
A2: [0.08929123457975563, -0.07287654128108094, -0.12359149926477568, 0.10732367539271774] - [0.10883693721553685, 0.24980942116509952, -0.40485003721634083, 0.04618468278052105] - [0.03669109490262355, 0.46261009424871813, -0.37766362848955715, -0.12141749470104102] - [0.14371496565416486, -0.04431914038520741, -0.2012177627361528, 0.10297262048390632]
B1: -3.995991070264092e-05 - 1.0163792026010028e-05 - 6.637265610414586e-05 - -1.1792555921448744e-05
B2: 2.3150339550775203e-05 - 0.00011790454666337521 - 7.757134302627424e-06 - -2.9748689196082373e-05
