Number: 1258
Error: 1.0607245538945803e-08
A1: [-0.007867291907523619, -0.015679578017204432, 0.002291529233193183, 0.018756277547796667] - [0.06705775708971086, 0.19010678541587703, -0.14649664880810098, -0.1096052971127729] - [-0.11327365609783009, 0.4411115138317665, -0.0715047740370526, -0.2588459205693891] - [-0.02400717192859422, 0.01471790308548942, -0.03058430917503822, 0.0382374115558574]
A2: [0.13197128757838075, -0.22424968085024502, 0.023046004291288967, 0.07053740776480351] - [0.03280423757535031, 0.20390456795078488, -0.11473092640737931, -0.12130273824572649] - [-0.09345307378714583, 0.5566938649876665, -0.23405290006986518, -0.22448469938345475] - [-0.021039793516477917, -0.01948657776612149, 0.007908553991206822, 0.03197831502363707]
B1: -0.00012087066298918634 - -0.00045542067859505114 - 0.0002662668298343151 - -0.0001727367781321874
B2: 2.2907049143657994e-05 - -0.00020750304454995085 - -0.00012643580787426555 - -5.326838992426411e-05
