Number: 5246
Error: 1.1329060902814936e-15
A1: [0.06621319187785041, -0.1139520697411272, -0.02398394009205012, 0.07172287832857922] - [0.03740258168095766, 0.18819334034556703, -0.14740897671101125, -0.07818704011233855] - [-0.06022946684702997, 0.3289507083826333, -0.1277532031562213, -0.14096841517894187] - [0.039046176531988996, -0.05332266955664708, -0.037418573564222145, 0.051695137109790706]
A2: [-0.009108861445995603, -0.34680348850804776, 0.24945480235543285, 0.10645638039208953] - [0.08003997479306181, 0.036282417516932196, -0.05024994938275033, -0.06607179523499403] - [-0.04245287880200567, 0.23083182559248447, -0.040531309140214036, -0.14784790460478] - [0.06813467911530587, -0.29346796194762725, 0.14177113262240468, 0.08356174871332286]
B1: -1.0221588755290549e-07 - -4.930349110395242e-08 - 5.686311528660034e-08 - 4.600015674788071e-08
B2: -5.741539141416675e-09 - -2.224346618598703e-08 - -8.574235979944867e-09 - -4.8097329321821075e-09
