Number: 7069
Error: 7.596709343847364e-16
A1: [0.08043170169679037, -0.18046779374026886, -0.019588839981471696, 0.11962498874843108] - [0.037415603001923925, 0.1335964091657191, -0.13472616323597406, -0.03628580210198218] - [-0.0017027944134944066, 0.22819014110553884, -0.12282835808192927, -0.10365888563173468] - [0.03886323847649885, -0.1144810145163988, -0.04641643735097868, 0.1220342319977964]
A2: [0.03530737759971245, -0.029273541439599298, -0.0756974121912265, 0.06966333923176171] - [0.102893813750467, 0.28289676488027066, -0.3926063352414472, 0.006816062057604857] - [-0.011187107827701322, 0.5390145828036624, -0.35945102291055125, -0.1683764728230126] - [0.09786277261768607, 0.01746328958348131, -0.16885103601695747, 0.05352485026231371]
B1: 3.326448653287857e-08 - -3.581882465506115e-08 - -1.1183803759813647e-09 - 1.7147562500501874e-08
B2: 4.712832620274133e-09 - 1.0664915078022734e-09 - 8.469855994773905e-09 - -2.6310035214387525e-09
