Number: 7871
Error: 1.0972941706885748e-15
A1: [0.0804316797993416, -0.18046781563524772, -0.019588861852737244, 0.11962496685348394] - [0.03741561084952327, 0.13359641700736463, -0.1347261554040087, -0.03628579425873341] - [-0.001702819661490637, 0.22819011585807866, -0.12282838329295218, -0.10365891087298645] - [0.03886322713540096, -0.1144810258256844, -0.04641644868485279, 0.12203422066374388]
A2: [0.03530735971460576, -0.02927355937415065, -0.07569742919624571, 0.06966332051314354] - [0.10289369468724736, 0.2828966448065751, -0.3926064503978572, 0.006815937381068193] - [-0.01118709540094178, 0.5390145953045398, -0.35945101114833217, -0.16837645972851084] - [0.09786277366610228, 0.017463290636674556, -0.1688510350189578, 0.05352485136284078]
B1: -1.2859917396305184e-08 - -8.285237550493622e-09 - 1.9637100128476205e-08 - 1.3432358930341608e-09
B2: -7.668289684353572e-09 - 1.3936226700917367e-08 - -1.7646966876156182e-09 - -5.828000787905525e-09
