Number: 5366
Error: 1.4647181767570445e-15
A1: [0.06621319489083552, -0.11395206679544705, -0.02398393708140088, 0.07172288133653215] - [0.0374026233976966, 0.1881933802031739, -0.1474089357001931, -0.07818699909789051] - [-0.06022974054632726, 0.3289504455091668, -0.12775347098238635, -0.14096868156467296] - [0.03904606632236953, -0.053322774163580416, -0.037418680188369954, 0.05169503135137458]
A2: [-0.009108651851970285, -0.34680326616208007, 0.24945501364510095, 0.10645660013948414] - [0.08004004832180284, 0.03628249672833425, -0.05024986902013938, -0.0660717141900587] - [-0.04245305960967863, 0.23083162604280233, -0.04053150290029909, -0.14784810457032113] - [0.06813451419065727, -0.2934681435360194, 0.1417709538288311, 0.08356156380336209]
B1: -2.1399759840109385e-08 - 2.0417030205410492e-09 - -2.0442957311988442e-08 - -3.287649474653152e-08
B2: 1.0101621008057153e-08 - 4.749513494796258e-09 - 1.133952560248983e-08 - -5.7526739732555864e-08
