Number: 9398
Error: 1.541290225491663e-12
A1: [0.053171976680151334, -0.14800184423120688, -0.02699961994177089, 0.12182724874528482] - [0.005317077856093907, 0.13084005580259567, -0.11359738624294724, -0.022546400487374618] - [-0.01444246238808417, 0.22309363561781526, -0.1270391670736276, -0.08160391812860128] - [0.02714663244307822, -0.10001986472188595, -0.049424335017837814, 0.12229829440585935]
A2: [0.0892523688542022, -0.0729154582646832, -0.12362946605748308, 0.10728426515380922] - [0.10884401400144564, 0.2498164668918037, -0.40484304960790973, 0.04619180361705667] - [0.03663334652122456, 0.4625525472683703, -0.3777199724354981, -0.12147587991429448] - [0.14341757691861262, -0.04461544665836304, -0.20150818279237775, 0.10267087432404577]
B1: 5.237602536440098e-06 - -1.108642407729538e-05 - 4.148163756801637e-07 - -4.489176037812102e-06
B2: -4.1702836600989285e-06 - -2.5245129723837904e-06 - -1.9178098500117522e-07 - -2.413015965203586e-07
