Number: 1879
Error: 4.2668467129701566e-07
A1: [-0.006370606072836795, -0.01413124875827893, 0.0038838950751359843, 0.020293301043951793] - [0.06754332768359655, 0.19057780926655313, -0.14599019481274453, -0.10906616315973616] - [-0.11381638251635558, 0.440575899917141, -0.07212834429683665, -0.2594483485474487] - [-0.02436274554389619, 0.014393459492731164, -0.03102077233479564, 0.03786056671301891]
A2: [0.13306212544176935, -0.22323566308920084, 0.02406192377717484, 0.07156310489256625] - [0.03311444358037452, 0.2042227948289769, -0.11441613942266514, -0.1209868551398829] - [-0.09391705634005858, 0.5562215707361743, -0.23449042210411217, -0.22487079366481805] - [-0.02094635081479285, -0.01944129867465777, 0.007953923005342641, 0.032031048996392066]
B1: 0.0006250954147512356 - 0.00022473580899328723 - 0.0009381865587173323 - 8.322212811932197e-05
B2: 7.791518702255165e-05 - 0.0007823747953500898 - -0.0004976497867197899 - -0.0005708867326543977
