Number: 1645
Error: 1.7069456094210292e-08
A1: [-0.007313715386253692, -0.01512251585149244, 0.002865942964016174, 0.019315710751783535] - [0.06676629618803438, 0.18982634455527084, -0.146798809732992, -0.10992882764244902] - [-0.11289497516977917, 0.4414749351148272, -0.07111309035041027, -0.2584472711317986] - [-0.024407994297774297, 0.014320555238831325, -0.03099550848108657, 0.03781094180967962]
A2: [0.13090841453471733, -0.22529717135173957, 0.02199158198658351, 0.069492793616429] - [0.03299752621419547, 0.20409523329916918, -0.11453807445950906, -0.12111358313870209] - [-0.09537676513803693, 0.5548010007462463, -0.23594792757105182, -0.22637803618665034] - [-0.020911213007465405, -0.01936946635471127, 0.008029857822611888, 0.03209428230629428]
B1: -5.223939338810674e-05 - -0.0002587396605033268 - 0.00016973539877430775 - 8.200638054823905e-05
B2: 0.0002047606005485399 - 2.800270722627809e-05 - -0.000343229234800967 - 0.00026045723956027186
