Number: 3799
Error: 1.2248707343669975e-15
A1: [0.06621320461449058, -0.1139520572891341, -0.0239839273653954, 0.07172289104387178] - [0.03740264454156061, 0.18819340040453944, -0.1474089149142817, -0.07818697831011046] - [-0.060229390628879935, 0.32895078158637187, -0.12775312857347254, -0.1409683409976052] - [0.03904622767301883, -0.0533226210157733, -0.03741852408716609, 0.05169518618517416]
A2: [-0.009108624801791204, -0.3468032374665349, 0.24945504091454165, 0.10645662849979494] - [0.08003981721983425, 0.03628224776556822, -0.050250121601240635, -0.06607196891573135] - [-0.042452823485454094, 0.23083188664301527, -0.04053124986106172, -0.14784784342707122] - [0.06813476925855308, -0.2934678626963259, 0.14177123034647177, 0.08356184978006943]
B1: -4.640067759258752e-09 - 3.100264386453848e-08 - -9.60994206957826e-09 - 1.5355960403510064e-08
B2: 8.836277626758098e-09 - 1.2710496085117625e-08 - -9.524720087950656e-10 - -1.0779233978985179e-08
