Number: 2577
Error: 2.4599410794492578e-08
A1: [0.06386419748611316, -0.047438696472185335, -0.02301542774442871, 0.008283836412541636] - [0.0439740056527776, 0.19157244227977505, -0.14224313551635911, -0.09216945383605675] - [-0.12335189583000124, 0.4149632574642765, -0.10475521981258096, -0.18696840826020072] - [0.03714357502931202, 0.019314799433751376, -0.03298862058600955, -0.022908817275979234]
A2: [0.06426048239477183, -0.1728757717156705, 0.08714676220104026, 0.024767532316503582] - [0.029046835648419537, 0.20005891700917408, -0.10195226377886697, -0.1281113169981123] - [-0.09304180155512383, 0.5140421665420418, -0.22524084794706223, -0.19474182336200904] - [-0.0254807288030135, 0.018966822334996854, -0.049849159921566404, 0.0574101718904059]
B1: 0.00014972920778224654 - -0.00026636322546326957 - 0.00027032135729516634 - 0.0003909038680227927
B2: 0.00018320878270735458 - 0.00010541324517666977 - -0.000135589514455414 - 0.00012429640824078181
