Number: 14
Error: 0.0013467167926682004
A1: [0.05941021142938041, 0.06805386493102472, 0.08381941752445393, 0.057401685187447295] - [0.17444079471569726, 0.3108428573038299, -0.050647598851763724, -0.042500576229559266] - [-0.04520256897226435, 0.47023016857099786, -0.006785949740132496, -0.2141914076746366] - [0.2652992367663055, 0.26048196665276097, 0.2704116480832957, 0.28135522464686324]
A2: [0.4490759136162861, 0.11549968005407721, 0.2835626236559693, 0.2815464021624478] - [0.20807847328800694, 0.3744571499156361, 0.04510068715273999, 0.039081169593941444] - [0.31120912973506637, 0.9784812283516873, 0.14733439262553563, 0.13868366510763258] - [0.6228891867956577, 0.6234018250185953, 0.6202555541748862, 0.6191178459000766]
B1: 0.0577466116672614 - 0.48174370735882166 - -0.051088175443254176 - -0.08194322666310759
B2: 0.07640601362381869 - 0.5810608046850338 - -0.07811451050542474 - -0.050708474324962595
