Number: 2318
Error: 1.671054191023717e-05
A1: [0.027244545265785083, -0.08686702193768743, -0.06609015500594366, -0.03032953515241534] - [0.015664812338411452, 0.16451728813300198, -0.1710489141070862, -0.12179397372446894] - [-0.1553174552706264, 0.3851853898666554, -0.1361453491310143, -0.21669415748000573] - [0.013371712963141538, -0.0020597253872635004, -0.053953560003230865, -0.04422632143343134]
A2: [0.04915652631944051, -0.1864375622184017, 0.07475357076911658, 0.010858416994430195] - [0.040869249500655576, 0.21109163094026562, -0.0903287942200396, -0.11674663160761056] - [-0.06795244942658492, 0.535142675878773, -0.2013393593802653, -0.172645980150589] - [-0.0021159602103136502, 0.041000390210734504, -0.026025741982148392, 0.08061368999290161]
B1: -0.011063061376999504 - 0.013138245574818339 - -0.010931452152059661 - 0.0004308568271773937
B2: -0.014192738994095247 - 0.026231774883102032 - -0.010508616650479393 - -0.007756627808473938
