Number: 3809
Error: 8.96013742273119e-16
A1: [0.06621319158287295, -0.11395207002953493, -0.023983940386784763, 0.07172287803412616] - [0.037402662925459795, 0.18819341796910366, -0.14740889684150105, -0.07818696023573178] - [-0.06022942701443742, 0.328950746640067, -0.12775316417822177, -0.14096837641085108] - [0.03904625806253452, -0.053322592171205066, -0.037418494686333945, 0.05169521534727469]
A2: [-0.009108598685986933, -0.3468032097617307, 0.24945506724165287, 0.10645665588080248] - [0.08003981368750866, 0.03628224396024062, -0.05025012546187294, -0.0660719728091448] - [-0.04245283623406015, 0.23083187257284937, -0.04053126352298017, -0.14784785752656296] - [0.06813476302077837, -0.2934678695643942, 0.1417712235841168, 0.08356184278636399]
B1: -1.2243505891169245e-09 - 2.9711769428231374e-08 - -2.32757570620532e-09 - 1.0996054318714628e-08
B2: 2.725319794459378e-08 - 2.0378372390851077e-08 - -5.6226608905918326e-09 - -1.62463964024405e-08
