Number: 6926
Error: 1.1011267415316815e-15
A1: [0.0804316759815221, -0.18046781945262452, -0.01958886566599395, 0.11962496303609924] - [0.03741559726541603, 0.13359640343355153, -0.1347261689610539, -0.036285807835313294] - [-0.0017028094144219876, 0.22819012610493183, -0.12282837306089085, -0.10365890062865828] - [0.038863235671367936, -0.11448101731365923, -0.04641644015432358, 0.12203422919440794]
A2: [0.035307325687723566, -0.02927359349517246, -0.07569746154847846, 0.06966328490022637] - [0.10289370421392273, 0.2828966544140775, -0.39260644118376953, 0.006815947356840918] - [-0.011187031167740608, 0.5390146599208717, -0.35945095035022756, -0.16837639204373053] - [0.09786277003228706, 0.017463286986320863, -0.16885103847808722, 0.05352484754848141]
B1: -1.3128967176154384e-08 - -2.7176102315195188e-08 - 3.676426528574635e-08 - -8.245412683022649e-09
B2: -1.1196436979651956e-08 - -1.3411875928483433e-09 - 8.899617345203604e-10 - -1.1583939306199583e-09
