Number: 8363
Error: 1.3263795107319402e-15
A1: [0.0804316632409033, -0.18046783219181903, -0.01958887839143181, 0.1196249502969056] - [0.03741563138704142, 0.13359643752939315, -0.13472613490726154, -0.03628577373249004] - [-0.0017028190907620803, 0.2281901164287982, -0.12282838272306235, -0.10365891030240318] - [0.03886320546104085, -0.11448104743920842, -0.04641647034541887, 0.12203419900284686]
A2: [0.03530744027515932, -0.029273478590747623, -0.07569735260017808, 0.06966340482838401] - [0.1028936962104733, 0.2828966463427464, -0.3926064489246152, 0.006815938976127004] - [-0.011187126544658879, 0.5390145639750182, -0.3594510406266145, -0.168376492545669] - [0.09786278123222475, 0.017463298237166355, -0.16885102781651123, 0.0535248593047975]
B1: 2.5197718227465948e-08 - 1.3845393855229045e-08 - 9.123185896526154e-09 - -4.3286825517996034e-10
B2: -1.6189587787413745e-08 - 3.0956225322954934e-08 - 2.064076242701082e-09 - -2.052254342589912e-08
