Number: 1251
Error: 1.0030887202684406e-08
A1: [-0.007868943627205834, -0.015681317657618415, 0.002290765256910843, 0.018754494512478175] - [0.06705355200503771, 0.19010281219442418, -0.14650097555511815, -0.10960994561816156] - [-0.11378092284192212, 0.44061371980821806, -0.07203209605312702, -0.2593952757776866] - [-0.025032043680090137, 0.01371037914039067, -0.03162916770839998, 0.03715502135806819]
A2: [0.13223744374828814, -0.22398709467810438, 0.023307290415165726, 0.07079722092187464] - [0.032520567198039585, 0.2036254711766819, -0.11501336814804122, -0.12158017248874213] - [-0.09430559470695528, 0.5558556759045189, -0.23489137332030577, -0.22532290426216836] - [-0.02085263023182499, -0.0193015680856571, 0.00809363819249882, 0.032157773652145484]
B1: 1.8801074157162573e-07 - -0.0006630505811645713 - 0.00016791651474908385 - 0.00017605960263739138
B2: 1.576601700658217e-05 - -5.287406158165246e-05 - -1.1041624017685118e-05 - -2.3816146027276646e-05
