Number: 6254
Error: 1.2125708034749315e-15
A1: [0.08043165864729908, -0.18046783678488088, -0.019588882979489686, 0.11962494570385866] - [0.037415559682548366, 0.1335963658791326, -0.134726206469037, -0.036285845397358636] - [-0.0017028315716495356, 0.22819010394818323, -0.12282839518567862, -0.10365892277997009] - [0.038863213892971406, -0.11448103903093519, -0.046416461918842994, 0.12203420742955057]
A2: [0.035307439649181, -0.02927347921851512, -0.07569735319537357, 0.06966340417325134] - [0.10289371510711338, 0.2828966653997166, -0.3926064306480088, 0.0068159587635846924] - [-0.011187148983079202, 0.5390145414028208, -0.3594510618649866, -0.16837651618989483] - [0.097862785824567, 0.017463302850434573, -0.16885102344484818, 0.053524864125222366]
B1: 8.371318146767945e-09 - -7.897299127568514e-09 - -4.226750612121232e-09 - -3.5923102038046557e-09
B2: -8.99333787339026e-09 - -6.637853074037034e-09 - 2.9855909746721314e-09 - -1.6727329995977756e-09
