Number: 2163
Error: 0.0002797997751891025
A1: [0.023198160628641877, -0.05438985011321819, -0.008565561321425483, 0.014922221529471466] - [0.0532970755477021, 0.17983766884854463, -0.1649897152950369, -0.10908963456550047] - [-0.2135350810185868, 0.32384731207674017, -0.17422488663224953, -0.31976384353123555] - [0.0553544319371191, 0.06920667755559952, 0.026449539296032203, 0.035413839001933456]
A2: [0.05462672037118252, -0.2730346374716074, 0.024026838332021752, -0.010732509244225037] - [0.02713937328238205, 0.19628642437844604, -0.10135487032811859, -0.13349030396811584] - [-0.08844596542997779, 0.5626761961436745, -0.19934041856863444, -0.1751354138341218] - [-0.1410266673692079, -0.06031370532107827, -0.12001776530151773, -0.046062956156212545]
B1: -0.018996619781684484 - 0.00020984463989977666 - 0.00978081520121171 - 0.0029159409404404917
B2: -0.01040830003065036 - 0.006463042543501248 - 0.035127184909079304 - -0.02828249335102287
