Number: 5152
Error: 1.7912366624152587e-15
A1: [0.0662130856678858, -0.1139521735777175, -0.023984046218684094, 0.07172277229684734] - [0.0374026539066821, 0.18819340935235734, -0.147408905707585, -0.0781869691026281] - [-0.06022953682644853, 0.3289506411713279, -0.12775327163388162, -0.14096848328834394] - [0.03904604966256693, -0.05332278997656521, -0.03741869630632347, 0.05169501536431974]
A2: [-0.009108469008227963, -0.3468030721940554, 0.249455197968378, 0.10645679184073871] - [0.08003981868800344, 0.03628224934726708, -0.050250119996465205, -0.0660719672973962] - [-0.042452848134531686, 0.23083185943887585, -0.04053127627580248, -0.1478478706878516] - [0.06813476501432136, -0.2934678673694196, 0.1417712257449896, 0.08356184502155405]
B1: -2.001490657781627e-08 - 6.12552399492309e-09 - 1.7556071686005235e-08 - 9.119075904962863e-09
B2: 3.0136197521660956e-08 - -3.9124261480811616e-08 - 9.551399503202201e-08 - 1.7134232216123776e-08
