Number: 6287
Error: 9.896615617718318e-16
A1: [0.08043165295029941, -0.1804678424812356, -0.019588888669677906, 0.11962494000750945] - [0.03741556121683332, 0.13359636741225636, -0.13472620493780935, -0.03628584386392362] - [-0.0017028354747153675, 0.22819010004520032, -0.12282839908303005, -0.1036589266819945] - [0.03886320998412888, -0.11448104292880827, -0.046416465825195125, 0.12203420352313726]
A2: [0.03530744747708417, -0.02927347136896082, -0.07569734575270834, 0.06966341236600618] - [0.1028937779100732, 0.2828967287356957, -0.3926063699058214, 0.006816024527486068] - [-0.011186951911284545, 0.5390147396500764, -0.35945087533235565, -0.16837630852833557] - [0.09786284835888182, 0.01746336566919937, -0.16885096391625826, 0.05352492976593158]
B1: -3.7060139249275275e-08 - 7.542007091907564e-09 - -7.695108862097665e-09 - 4.3248972380121546e-10
B2: -1.9333859616120676e-08 - -1.8130517873949917e-08 - -2.372155111941039e-09 - -9.096253772453698e-09
