Number: 6219
Error: 8.25709543831177e-16
A1: [0.08043165884125239, -0.1804678365909496, -0.019588882785768473, 0.11962494589778978] - [0.03741557188634577, 0.13359637807369346, -0.13472619428955632, -0.036285833200321416] - [-0.0017028293210576719, 0.22819010619872704, -0.122828392938382, -0.10365892052997891] - [0.03886322027568396, -0.11448103266613496, -0.04641645554019767, 0.12203421380829614]
A2: [0.03530735670445023, -0.029273562392662603, -0.07569743205811623, 0.0696633173625417] - [0.10289370728277844, 0.282896657508975, -0.3926064382156013, 0.00681595057035919] - [-0.011187076436583473, 0.5390146143820305, -0.3594509931981938, -0.16837643974506936] - [0.09786277102020871, 0.01746328797873562, -0.16885103753763103, 0.05352484858545632]
B1: -3.13961240775742e-08 - -1.1224017141451674e-08 - 4.3354668899064357e-11 - -1.0674675955112682e-08
B2: -1.738872057465863e-08 - -2.3604807569426544e-08 - -3.531789783718875e-09 - -1.0926078736636853e-08
