Number: 8386
Error: 8.926595716067297e-16
A1: [0.08043170772854157, -0.1804677877092103, -0.0195888339569804, 0.11962499477947207] - [0.03741553110482687, 0.1335963373230578, -0.1347262349896784, -0.03628587395917438] - [-0.0017028298226173775, 0.22819010569717088, -0.12282839343920533, -0.10365892103139522] - [0.03886326289392878, -0.11448099016748482, -0.04641641294911887, 0.12203425640005189]
A2: [0.035307374878854374, -0.02927354416792589, -0.07569741477829797, 0.0696633363842105] - [0.10289381374476733, 0.28289676487453697, -0.3926063352468602, 0.006816062051520925] - [-0.01118707609682297, 0.539014614723743, -0.35945099287652865, -0.16837643938714664] - [0.09786283678024729, 0.017463354037852614, -0.16885097493827741, 0.05352491761201245]
B1: -8.404307249608247e-09 - -2.295447977396953e-09 - 7.938032131416052e-09 - 2.5901659207756757e-08
B2: 2.1741204262154806e-08 - -3.335607328094903e-08 - 3.896239602013246e-09 - 2.6005288179320507e-08
