Number: 6151
Error: 8.912702642137724e-16
A1: [0.08043162464823433, -0.1804678707800955, -0.01958891693790204, 0.11962491170867733] - [0.03741553992799679, 0.1335963461395316, -0.13472622618422783, -0.036285865140966635] - [-0.0017029388987347862, 0.228189996623388, -0.12282850235561808, -0.10365903007841491] - [0.03886310279870392, -0.11448114981342736, -0.04641657294231939, 0.12203409640432783]
A2: [0.03530749561547285, -0.029273423097425224, -0.07569729998337713, 0.06966346274808467] - [0.10289381098666539, 0.2828967620930149, -0.3926063379145853, 0.006816059163531304] - [-0.011187022158429786, 0.5390146689839357, -0.359450941822784, -0.1683763825502484] - [0.09786282968132527, 0.017463346906684874, -0.16885098169607934, 0.05352491016056997]
B1: -2.8599811248050807e-08 - 2.605373242561036e-09 - -4.47752141805518e-08 - -1.9237661292781717e-08
B2: 3.811972507527908e-08 - 3.745317543171373e-08 - -1.1632139749139789e-07 - -1.517442887428432e-08
