Number: 8951
Error: 0.0047487243218760095
A1: [0.05923411930460791, -0.20610034913383504, -0.03823700056001102, 0.10375737070206678] - [0.01921445209822173, 0.12025334246250413, -0.12858034540384794, -0.03235169821119804] - [0.01446789591615364, 0.24041445068401257, -0.11118665070056084, -0.0898615537993727] - [0.0007222844950711058, -0.1655958984809099, -0.09266571192699172, 0.07639995147158686]
A2: [0.12128459948243903, 0.06907538183827486, -0.008614056231113311, 0.17430851558264604] - [0.18719888235928722, 0.3649832409145251, -0.3170656661020557, 0.11196925398308083] - [0.09386333114061562, 0.6216592579776504, -0.25575273604217763, -0.04178708997997853] - [0.2159536052878255, 0.11923426590318859, -0.05249396564980301, 0.19669037761995192]
B1: 0.09404346790553 - 0.09122976876153874 - 0.09118796178993327 - 0.08708476207441067
B2: 0.032589185063323374 - 0.040463592968921124 - 0.024338082280170044 - 0.05214450353569155
