Number: 3
Error: 0.007392327376010466
A1: [0.0332964368498319, 0.03912096085179194, 0.045370547310768394, 0.028620146843183106] - [0.20174900201156573, 0.3336348177431267, -0.03383117330870283, -0.012107621298221287] - [0.03445886404443706, 0.5422363069207579, 0.05112578676593123, -0.1353887210135845] - [0.2511481245427025, 0.2510948704681737, 0.25102705744380727, 0.25115266434324196]
A2: [0.263738089404123, -0.07003281277355171, 0.09602653176163709, 0.09787672870802712] - [0.2500476316151527, 0.4161083196917321, 0.08197616200879158, 0.08459135033208864] - [0.2527471590970902, 0.9189709131337499, 0.08498798256013128, 0.08716351957083303] - [0.2082339431901749, 0.20822810911014447, 0.20808088600082267, 0.20846968569438437]
B1: 0.08339142961688659 - 0.5814567671558334 - 0.0893868438719081 - -0.061116396472547865
B2: 0.23271892233495403 - 0.7788289780219301 - 0.06711430692304017 - 0.13378697284229224
