Number: 8759
Error: 1.7000802703684216e-09
A1: [0.08041962637558116, -0.18047986662076013, -0.01960089931119094, 0.11961291524270119] - [0.03742811733016194, 0.13360891491387428, -0.134713671964417, -0.03627329421973401] - [-0.0017200493598846806, 0.2281728875133654, -0.12284558654427984, -0.10367613560544228] - [0.03883859361069347, -0.11450558883012306, -0.046441064619789044, 0.12200960300254682]
A2: [0.03534560477194188, -0.029235211336309238, -0.07566106502031367, 0.06970334855276841] - [0.10294574045572609, 0.28294913122767745, -0.39255611173998434, 0.006870436894633166] - [-0.011180314836462306, 0.5390214157550277, -0.359444592842899, -0.16836931476103273] - [0.09789909187930011, 0.017499771956976336, -0.1688164614372772, 0.053562973922973586]
B1: -1.3754108642019044e-05 - 1.651995180235102e-05 - 3.4602872065225695e-06 - -5.719247485535955e-06
B2: -3.670021147691221e-05 - -6.951846516252697e-05 - -2.3359271925500954e-05 - -3.480546122866504e-05
