Number: 7494
Error: 7.920579951416456e-16
A1: [0.08043171866607268, -0.18046777677291576, -0.019588823032489492, 0.11962500571577027] - [0.03741562393327996, 0.13359643008122987, -0.13472614234632566, -0.036285781182223725] - [-0.0017027877455542606, 0.2281901477733374, -0.12282835142375112, -0.10365887896557001] - [0.03886326245672398, -0.11448099060348159, -0.046416413386045616, 0.12203425596310978]
A2: [0.03530742951523182, -0.02927348938047972, -0.07569736283062035, 0.06966339356698177] - [0.10289370845494514, 0.28289665869110636, -0.39260643708191123, 0.0068159517978384826] - [-0.0111870776768679, 0.5390146131343333, -0.35945099437211286, -0.1683764410520355] - [0.0978627708217845, 0.017463287779416043, -0.1688510377265594, 0.05352484837722396]
B1: 7.486217577473183e-09 - 2.694137528403241e-08 - 4.408401764131369e-09 - 2.3677683057635424e-08
B2: 1.1965448151292168e-08 - 7.3544146189005e-09 - 1.6784851262657916e-08 - 1.1345454520728919e-08
