Number: 520
Error: 5.639455844823564e-13
A1: [-0.01215177839601967, -0.014515510878296169, 0.01808906894880536, 0.008584823632635127] - [0.06583558869851046, 0.18949560073554964, -0.14532220500245777, -0.11000816741549391] - [-0.0962911375154357, 0.42178796152971276, -0.05345523189047678, -0.2720334780764329] - [-0.0013180074341678735, -0.018215885763339316, -0.0038313927333498096, 0.02338078070691565]
A2: [0.16158680457617605, -0.1677546910739842, 0.008501415977458399, -0.002332987817331906] - [0.03548577698599028, 0.20751677437530403, -0.11721037097949864, -0.12579197725106736] - [-0.08621350719854125, 0.5815381584911465, -0.23538869016113736, -0.25993553161805444] - [-0.0038347639830683808, -0.004519089872568166, 0.0011104581138831119, 0.007243587282702201]
B1: 6.61726802113056e-07 - 1.0397932783120227e-06 - 2.2081765769085618e-07 - 2.8695165639260897e-08
B2: -8.762238020877869e-07 - -9.071041400142343e-07 - 1.1499369601375231e-07 - 9.373245313456086e-07
