Number: 3015
Error: 1.713043849071273e-08
A1: [0.06404741609991499, -0.04725975925738704, -0.022834823415050644, 0.008462245250620046] - [0.04414823483907988, 0.1917405453199496, -0.14206231925106602, -0.091974934410006] - [-0.123030865530443, 0.41528043660313513, -0.10443766921003435, -0.18665028113792773] - [0.03709358776452015, 0.019259500910029037, -0.03304436586359734, -0.022965387932359162]
A2: [0.06403274347781389, -0.1731001783160659, 0.08691652403870599, 0.024540007590272077] - [0.029337124025551452, 0.20034529103044862, -0.10166332725956115, -0.1278276623426049] - [-0.09275191686427017, 0.5143263556173988, -0.2249463846348272, -0.194458317257645] - [-0.025633590149975106, 0.018806977996583315, -0.049999682824375065, 0.05726398122959355]
B1: 0.00031007163363002956 - -8.201425009211673e-05 - 0.00018860546881601504 - -5.361183860359104e-05
B2: 0.00023429061371874426 - 2.546516291359947e-05 - -0.00015363026672585956 - 0.0002814155609252971
