Number: 6183
Error: 8.836696091994629e-16
A1: [0.08043162104763282, -0.18046787438028886, -0.01958892053419738, 0.11962490810848682] - [0.03741552059299799, 0.13359632681916744, -0.13472624548070009, -0.036285884465255526] - [-0.0017028088161446936, 0.22819012670320274, -0.1228283724634916, -0.10365890003053845] - [0.03886323038421181, -0.11448102258597546, -0.04641644543811105, 0.12203422391054122]
A2: [0.03530741040207001, -0.029273508546520218, -0.07569738100313653, 0.06966337356295972] - [0.10289372245286323, 0.2828966728078111, -0.3926064235432974, 0.006815966455661432] - [-0.011187110336123466, 0.5390145802802923, -0.35945102528482603, -0.16837647546622525] - [0.09786278417935515, 0.017463301197739325, -0.16885102501098254, 0.05352486239828449]
B1: -2.0744946121687493e-09 - 1.9335343507922473e-09 - 3.1923088702247403e-09 - 1.2639573107955489e-09
B2: -2.3064096910869262e-08 - -3.243988897313705e-08 - 2.8422252538387914e-08 - 1.7550381497367742e-08
