Number: 296
Error: 4.436311464416891e-09
A1: [-0.012378823581941605, -0.014748753024056295, 0.017838125678458622, 0.008342295987449615] - [0.06533600968907512, 0.18901500287294937, -0.14583874939711108, -0.11056440586104285] - [-0.09645712829478656, 0.4216277678453736, -0.053635131172038164, -0.2722268260634934] - [-0.0016062594490596409, -0.018492893261293997, -0.004138068740277748, 0.02304762039908628]
A2: [0.16161882433964855, -0.16772329403426195, 0.008532950395703086, -0.002301633712903186] - [0.035573108220454876, 0.20760268479689278, -0.11712345033815727, -0.12570657968390056] - [-0.0861356691304019, 0.5816143479429154, -0.23531293358665173, -0.25985957923127423] - [-0.003827784557422556, -0.004512173101143463, 0.0011175833867289933, 0.007250472515175088]
B1: -5.1381957715148236e-05 - 0.00013500084947110487 - 6.5791749183636095e-06 - -4.562010548914005e-05
B2: -0.00026050075990291435 - -0.00018503397743498536 - 0.00022576505587791685 - 0.00016068147215551337
