Number: 5538
Error: 1.2718364702246117e-10
A1: [0.06621309034789445, -0.11395216897072216, -0.02398404151160174, 0.07172277699714984] - [0.03741033897668198, 0.1882007520009438, -0.1474013506584182, -0.07817941339580367] - [-0.060228034732014345, 0.3289520832519513, -0.1277518019991958, -0.1409670214527856] - [0.03905766470929132, -0.053311765962184746, -0.03740745930742133, 0.05170616121334385]
A2: [-0.009109145378529231, -0.3468037896203727, 0.24945451486695422, 0.10645608118023275] - [0.08004302362177941, 0.03628570202353613, -0.05024661738166677, -0.06606843500598701] - [-0.04245413693249992, 0.23083043715416565, -0.040532658170968565, -0.147849297072739] - [0.06813679586631986, -0.2934656312126737, 0.14177342652353256, 0.0835641208674725]
B1: -1.248207833039255e-05 - -6.954983612293919e-06 - -8.225086767859897e-06 - -1.0394753947805052e-05
B2: 2.7817512686327184e-06 - -2.344806011984137e-06 - 9.436828434783954e-07 - 5.5982534979339695e-06
