Number: 122
Error: 0.00016299343379445896
A1: [-0.007852265984175572, -0.010362816256231215, 0.023465978341139546, 0.014174022150566627] - [0.08464453767330868, 0.2084926495818179, -0.1266818893384204, -0.09007783331132677] - [-0.08605012633523715, 0.43277010480532524, -0.04181465863991414, -0.2590996918626245] - [0.01641699358484106, 0.00010761961233240244, 0.016047730094544292, 0.04509459098025605]
A2: [0.21852458724879725, -0.11243881347646845, 0.06432463888830836, 0.05279698665108239] - [0.047640639733861234, 0.2181774071041267, -0.10669710034509225, -0.11550583707679846] - [-0.042636038142786714, 0.6244805392319829, -0.19314064517473817, -0.21796759943944366] - [0.05605671047920212, 0.05533664983545118, 0.06031247894090523, 0.0643037619692805]
B1: 0.0009546243497077456 - 0.19175855957315666 - 0.005231321201020314 - 0.0013429730652359572
B2: 0.0055263243735238655 - 0.1803118168165475 - -0.0004806981849498045 - -0.000779951582564335
