Number: 9235
Error: 4.145857885267723e-09
A1: [0.05378002548975289, -0.1473949066976789, -0.026393079629464078, 0.12243584118390184] - [0.00595839201941419, 0.1314823591312507, -0.11295559295954839, -0.02190337100384448] - [-0.013682802289181032, 0.22385343067359614, -0.12628002571831196, -0.0808433200597204] - [0.02801055134130365, -0.09915762506002927, -0.04855984976133967, 0.12316498150905726]
A2: [0.08942535818110628, -0.07274085599685677, -0.12345908148155291, 0.10745944681666092] - [0.10939415753668624, 0.2503659535196585, -0.4043042017464085, 0.04675155805357247] - [0.03672020899545048, 0.4626384116241422, -0.377635231143428, -0.12138753482511813] - [0.14309550722147227, -0.04493490235093185, -0.20182146773714224, 0.10234390636845205]
B1: 4.833480501382329e-05 - 6.977330253093381e-05 - -0.00018104922578475354 - -3.382499361535866e-05
B2: 3.228096968484736e-05 - 0.00027762907273991424 - -8.807138586756037e-05 - -0.00017069704880936902
