Number: 334
Error: 1.0525896944144392e-09
A1: [-0.012204126842443668, -0.014569278682994902, 0.018031220454338852, 0.008528912281601228] - [0.06576856397190955, 0.18943112496054984, -0.14539150687222502, -0.11008279460792171] - [-0.0965065212817074, 0.4215798101249263, -0.05368893798593277, -0.2722844212721935] - [-0.001498175405815946, -0.018389149209080677, -0.004023167104681787, 0.023172520988079495]
A2: [0.16151627053965684, -0.16782390903833486, 0.008432302645044822, -0.002401756340456782] - [0.03547811355819337, 0.2075092324919, -0.1172180071365115, -0.12579947451241508] - [-0.08628142348988012, 0.581471635241056, -0.23545476681747987, -0.2600017582782061] - [-0.0038781414129019985, -0.004561726849743182, 0.00106756173590671, 0.00720211913994085]
B1: 4.824765732219674e-05 - -0.00019384955354486523 - 4.7070849421686846e-05 - 1.2355764075913753e-05
B2: 7.924495219956964e-05 - -0.0001767782252095099 - -6.510555099390077e-06 - -2.4892748245442553e-05
