Number: 7264
Error: 7.629638334955564e-16
A1: [0.0804316803887065, -0.1804678150459392, -0.019588861264076652, 0.11962496744278091] - [0.037415583097878125, 0.1335963892767396, -0.13472618310035747, -0.0362858219950011] - [-0.0017028261907372014, 0.22819010932897857, -0.12282838981263752, -0.10365891740049181] - [0.03886322521831654, -0.11448102773737696, -0.04641645060071581, 0.122034218747852]
A2: [0.03530751081643158, -0.02927340785442438, -0.07569728553044258, 0.06966347865746773] - [0.1028937160510738, 0.282896666351697, -0.39260642973503007, 0.006815959752081468] - [-0.011187130404013536, 0.5390145600926924, -0.3594510442795302, -0.16837649661244883] - [0.09786282335452949, 0.01746334055110692, -0.16885098771875973, 0.05352490351946954]
B1: 9.223581488695263e-09 - -2.1712155170160637e-08 - -2.4599475474257463e-08 - -2.8148639983817936e-09
B2: -6.73995120600823e-09 - -6.3900765909748715e-09 - -6.344066718050599e-09 - -7.704381910177868e-09
