Number: 3920
Error: 1.229325471601986e-15
A1: [0.06621312139000121, -0.11395213865381684, -0.023984010524567567, 0.07172280795906126] - [0.03740254628424375, 0.18819330652635666, -0.1474090115087493, -0.07818707491312148] - [-0.06022929685458555, 0.3289508716513583, -0.1277530368114877, -0.1409682497291773] - [0.039046069339071406, -0.05332277130032433, -0.03741867726994152, 0.051695034246218054]
A2: [-0.009108665530833303, -0.346803280673702, 0.24945499985594743, 0.10645658579760474] - [0.08003976639800861, 0.0362821930158887, -0.05025017714661337, -0.06607202493276677] - [-0.04245297650384888, 0.23083171776229813, -0.04053141384170081, -0.14784801265977768] - [0.06813466494852487, -0.293467977546303, 0.14177111726426542, 0.08356173282913092]
B1: -3.138248283333327e-08 - -3.860882805234346e-08 - -2.2783641923623925e-09 - 4.9420794788941955e-08
B2: -9.074963405127125e-09 - -2.137943665113122e-08 - -3.096935743445826e-08 - 2.7248328996862927e-09
