Number: 6900
Error: 8.712329645668163e-16
A1: [0.08043166500959287, -0.18046783042331122, -0.01958887662480527, 0.11962495206542274] - [0.03741557984764617, 0.13359638602896493, -0.1347261863441193, -0.03628582524343469] - [-0.0017028297599478346, 0.22819010575984064, -0.12282839337662797, -0.10365892096875404] - [0.0388632226361115, -0.1144810303123334, -0.04641645318127402, 0.12203421616725324]
A2: [0.035307504038804234, -0.029273414650797084, -0.07569729197454717, 0.06966347156397944] - [0.10289377314623438, 0.2828967239314242, -0.3926063745133381, 0.006816019539043519] - [-0.011187176524196808, 0.5390145136974276, -0.35945108793327435, -0.168376545210905] - [0.09786282277562926, 0.01746333996957448, -0.16885098826983935, 0.05352490291182116]
B1: 4.017765313654352e-09 - 1.963637692175932e-08 - -4.057291663547001e-08 - -3.3745436247205707e-09
B2: -1.0885393213206022e-08 - -4.656139883892625e-09 - 2.8439523419301668e-09 - -4.1639299518693605e-09
