Number: 8819
Error: 0.0001091724288175905
A1: [0.08254226089866477, -0.17839211305852376, -0.017348891527239008, 0.12172084144596887] - [0.04394280455972798, 0.1400748842416258, -0.128061591111437, -0.029781508379112635] - [-0.007319831366190001, 0.22254623322122494, -0.12830118566424056, -0.1092850143852331] - [0.042091304933385636, -0.11129302631370917, -0.04306052910102536, 0.1252467389649376]
A2: [0.039099718072447984, -0.025521291013770722, -0.07199198625744072, 0.07362889004277391] - [0.10877095819382057, 0.28881100889278766, -0.38686150779203626, 0.012970923142761933] - [-0.01865863768882626, 0.531406167831633, -0.366436682469087, -0.17624952082311762] - [0.10320298163150647, 0.022788970981725852, -0.16367608132279038, 0.059127292806281186]
B1: 0.0047422146615718214 - 0.0035822359539388737 - 0.008605901495317703 - 0.0041623918040234725
B2: -0.005787999011475742 - -0.00805547600814738 - 0.00010133028577922858 - -0.006040484995641624
