Number: 3626
Error: 3.183039811093362e-13
A1: [0.06621608074521297, -0.11394924541954599, -0.023981053497873956, 0.07172576234635765] - [0.03740465161512751, 0.18819531802972345, -0.14740694180134029, -0.078185005027414] - [-0.06022660656165234, 0.32895345554682764, -0.12775040423193665, -0.1409656313277312] - [0.039045823521475884, -0.05332300463581702, -0.037418915108224156, 0.05169479834890047]
A2: [-0.009102880310987894, -0.3467971434777836, 0.2494608318797207, 0.10646265125024226] - [0.0800387880268725, 0.036281139033026766, -0.05025124645002224, -0.06607310330538625] - [-0.04245306226539702, 0.23083162309115943, -0.040531505764155394, -0.1478481075084338] - [0.068139040607006, -0.2934631597660673, 0.14177586090460026, 0.08356663874116882]
B1: 1.1852825995475e-07 - 7.610333605185382e-07 - 6.203316954785268e-07 - 3.3201787479612954e-07
B2: 1.800285429810322e-06 - -2.4986286997443803e-06 - 1.5468243810573503e-06 - 2.6914277739978586e-06
