Number: 7003
Error: 1.3684567053904721e-15
A1: [0.08043169403008389, -0.1804678014061067, -0.019588847639010195, 0.11962498108260057] - [0.03741558769295513, 0.13359639386833638, -0.1347261785144399, -0.03628581740247098] - [-0.001702808195154029, 0.22819012732417424, -0.12282837184340879, -0.10365889940971569] - [0.03886321397198469, -0.11448103895214538, -0.04641646183988037, 0.12203420750851118]
A2: [0.035307412479299846, -0.029273506463540242, -0.07569737902815256, 0.06966337573702663] - [0.1028937043283734, 0.28289665452950313, -0.3926064410730741, 0.006815947476694083] - [-0.01118706185218261, 0.5390146290534044, -0.35945097939371873, -0.16837642437700828] - [0.09786280030520039, 0.01746331739693605, -0.16885100966023198, 0.053524879325185716]
B1: -5.0933813246503475e-09 - 3.1428990139297063e-10 - 1.2952883515769154e-08 - -2.4191130311691453e-09
B2: 6.4481422903510605e-09 - 2.411455232024137e-11 - 8.355862590795632e-09 - -1.1223628214225864e-08
