Number: 2863
Error: 1.2251244876646607e-08
A1: [0.0632318462118208, -0.04807396614957579, -0.02364434531899999, 0.007654355696764572] - [0.04359788907677926, 0.19120897111015828, -0.14263027723619007, -0.09258205087995762] - [-0.12376186236137471, 0.4145442250035313, -0.10517822334928209, -0.18739113615186756] - [0.03635094570220831, 0.018512565628164262, -0.03378531972832855, -0.02370161615618569]
A2: [0.06320076627510678, -0.17392559430587468, 0.08608153597706644, 0.0237175075854541] - [0.029343693832649256, 0.20035172310280358, -0.10165662622122681, -0.12782047263760243] - [-0.09311908367951102, 0.5139674139535253, -0.22531488030110766, -0.1948168652922635] - [-0.025365157031511383, 0.019079658378053782, -0.04972508237431277, 0.05752394149035104]
B1: -0.00014522595101339924 - 0.00029479924300330356 - 0.00023707285502079614 - -0.0001580533858994905
B2: 4.780683491911308e-06 - -4.559346300544564e-07 - -3.391223400755687e-05 - -7.904206149721403e-05
