Number: 5620
Error: 1.0320725460547419e-07
A1: [0.06649984028572119, -0.11367187991992253, -0.02369845502205598, 0.07200762133418691] - [0.03740152652781726, 0.1881921418341905, -0.14741066844807463, -0.07818966823418068] - [-0.059717066355776116, 0.3294420461320308, -0.1272532226850496, -0.14047073414165862] - [0.03945925852175095, -0.05293094465133585, -0.03701955444957705, 0.052091153745800395]
A2: [-0.01024116373113868, -0.3480049851217327, 0.24831342741673704, 0.10526966822883199] - [0.08028609364610446, 0.03654758463088613, -0.049980894701369356, -0.06580038153840323] - [-0.04280300547495853, 0.23044523414043105, -0.040907215325593216, -0.14823580255785784] - [0.0675839431862596, -0.2940742899463968, 0.14117235852804708, 0.0829427222365262]
B1: -3.518493147286486e-05 - -0.0004606791873842077 - 0.00010049376948893758 - 0.00018504502029333293
B2: 0.0003463729754474667 - -8.942752736754476e-05 - 0.00031505580676578716 - 0.0003260202179189571
