Number: 3287
Error: 4.2709932520960645e-05
A1: [0.10987723481059375, -0.07138164537648428, 0.01837593009374361, 0.11437930119321163] - [0.01769484642876519, 0.16768822948713963, -0.16626489838577993, -0.09714337442345314] - [-0.0370083516697558, 0.35189566822992174, -0.10439088603165017, -0.11779566880023319] - [0.05771961927080659, -0.03512364881508879, -0.019586312609738567, 0.06950659103475658]
A2: [0.04758556207535347, -0.29032513188754433, 0.3063884096320889, 0.16468390170926872] - [0.09166504819693823, 0.049873076752247274, -0.038055305911895924, -0.05386286010775772] - [0.013506854554505211, 0.2874306297399523, 0.016595024497599618, -0.08834941859367865] - [0.10974767773014628, -0.2518826238734332, 0.18443222975485632, 0.12817059451380713]
B1: 0.01187595423655898 - -0.009883850508810889 - 0.0014894401839108205 - -1.4598565784789894e-05
B2: -0.003333970824703223 - -0.0034079836923106444 - 0.004922681316721414 - 0.0109992304405898
