Number: 693
Error: 1.5771183459560172e-14
A1: [-0.012153284954195523, -0.014517058265869803, 0.018087403745890438, 0.008583213697330732] - [0.06583569822646995, 0.1894957060970669, -0.14532209175985586, -0.1100080454668872] - [-0.09629220217344583, 0.42178693254766897, -0.05345638718164446, -0.272034718463754] - [-0.0013212854708761093, -0.018219038312741593, -0.0038348821059747303, 0.023376991834012255]
A2: [0.16158652816852404, -0.16775496227967823, 0.00850114513260912, -0.0023332572897417723] - [0.035485735589766365, 0.2075167336435099, -0.11721041220268094, -0.12579201774956075] - [-0.086213578275038, 0.5815380888717899, -0.23538875932237968, -0.25993560093119367] - [-0.0038347305224016325, -0.0045190569666342766, 0.001110491230869832, 0.007243619297969565]
B1: 8.771112005765197e-08 - -2.2492481121242836e-07 - -8.012914634214033e-09 - -3.464250735271932e-08
B2: -5.8882416248984684e-08 - -5.9099075641943e-07 - 1.3729547316739153e-07 - -5.947305546289406e-08
