Number: 9487
Error: 1.892366354960342e-13
A1: [0.05317288314413225, -0.14800093787503993, -0.026998714700965865, 0.12182815514666812] - [0.005313409477547356, 0.13083638358309554, -0.1136010540840578, -0.022550074157752707] - [-0.014444242499038404, 0.22309185498105805, -0.12704094571725674, -0.08160569884772009] - [0.027145445191262777, -0.10002105288397813, -0.049425525387726356, 0.12229710298121647]
A2: [0.08925083999437965, -0.07291698322227468, -0.12363096047656263, 0.10728271718361829] - [0.10883958355096984, 0.24981203549162542, -0.40484739229362626, 0.04618729875025988] - [0.036634238655687566, 0.4625534349702205, -0.377719102096268, -0.12147497833526172] - [0.1434257275883055, -0.04460732629950966, -0.20150022443597865, 0.10267914642337632]
B1: 9.844108227309127e-07 - -6.623318285274442e-08 - 9.5668714240763e-08 - -1.3051488116015145e-07
B2: -5.4006362143124246e-08 - 5.780413798722349e-09 - 1.1284910909239177e-07 - 3.705399022088957e-07
