Number: 9066
Error: 0.00024398558241337892
A1: [0.03666947520715919, -0.16962958299745437, -0.045512228753178105, 0.10293057987395748] - [0.013836201328245201, 0.1362765981963738, -0.10815813362681512, -0.0164149110730571] - [-0.033957789201480494, 0.20894426159993745, -0.1389176706594147, -0.09579293817011164] - [0.031077319702325235, -0.09635116615271212, -0.04412586881266227, 0.1261177740387447]
A2: [0.12164996731371241, -0.04126668678192662, -0.08342408658172636, 0.1412471218895062] - [0.28446584776078604, 0.422102034093604, -0.23714182428748265, 0.22167204154956194] - [0.07831468646568177, 0.5049748827202482, -0.3417349896551676, -0.08095250997833663] - [0.2199048133066342, 0.031072795558011693, -0.1296017187782087, 0.17950896969880903]
B1: 0.010321674635759144 - -0.026940139789975896 - 0.010518468961279758 - -0.003979911711394019
B2: -0.018601638419142315 - -0.007503569487049066 - -0.0027846837207514833 - -0.007007469924119884
