Number: 6497
Error: 1.0744304819965335e-15
A1: [0.08043168793349964, -0.18046780750200123, -0.0195888537283081, 0.11962497498671164] - [0.03741558916500945, 0.13359639533927564, -0.13472617704532072, -0.03628581593123215] - [-0.0017028156411257038, 0.22819011987836457, -0.12282837927847877, -0.10365890685370027] - [0.038863230446154085, -0.11448102252421034, -0.046416445376207136, 0.12203422397244253]
A2: [0.03530744006486409, -0.029273478801680044, -0.0756973528001525, 0.06966340460831089] - [0.10289373379838586, 0.28289668424962516, -0.3926064125700597, 0.006815978336091701] - [-0.011187095961900215, 0.5390145947402503, -0.35945101167931975, -0.16837646031958373] - [0.09786280260586845, 0.017463319708069885, -0.1688510074701468, 0.05352488174014014]
B1: -2.7959157812280934e-09 - -8.054759199927487e-10 - -1.2506456122723957e-09 - -3.05505388743851e-11
B2: -6.732126749591037e-10 - -2.1290318941915876e-09 - 2.376224199299313e-09 - -3.07194909179729e-09
