Number: 4500
Error: 1.0781358910628908e-15
A1: [0.06621318972132666, -0.11395207184950366, -0.023983942246883796, 0.0717228761756898] - [0.037402633198238375, 0.1881933895667727, -0.14740892606561734, -0.07818698946245344] - [-0.06022968619867234, 0.32895049770776025, -0.12775341780067065, -0.1409686286691256] - [0.039046227732163714, -0.05332262095951391, -0.037418524029870004, 0.05169518624202804]
A2: [-0.009108376950018777, -0.34680297453464964, 0.2494552907715492, 0.10645688835874495] - [0.08003981066728628, 0.03628224070663034, -0.05025012876276157, -0.06607197613805126] - [-0.04245282776743619, 0.2308318819171753, -0.0405312544496895, -0.14784784816269853] - [0.06813462110848406, -0.29346802581588954, 0.14177106973749132, 0.08356168367662338]
B1: -8.50498303212015e-08 - 1.1369860999205232e-08 - 3.754536529969898e-08 - -1.929701943007976e-08
B2: -8.167320395283486e-09 - -2.552050079838242e-08 - 2.3967524412041497e-08 - -3.2367474532870724e-08
