Number: 9790
Error: 1.1395141051337467e-15
A1: [0.05317247404870478, -0.14800134709533722, -0.02699912332843132, 0.1218277458537972] - [0.00531380931620423, 0.13083678386167685, -0.11360065428661577, -0.022549673750732184] - [-0.01444455965627471, 0.22309153771941312, -0.12704126261077206, -0.08160601610829354] - [0.027146557409203628, -0.1000199407248966, -0.04942441088080924, 0.12229821796450363]
A2: [0.08925452597695033, -0.07291330578277971, -0.12362735758150886, 0.10728644854398722] - [0.1088416318024032, 0.24981408409758088, -0.40484538460864555, 0.046189381459563056] - [0.03663577122846314, 0.4625549595527335, -0.3777176068517091, -0.12147342987939184] - [0.14342655321129305, -0.04460650375788589, -0.20149941829808302, 0.10267998428557754]
B1: 9.462338691012908e-08 - -1.632823961294113e-08 - -4.948893876404441e-08 - -9.088066131856862e-09
B2: -1.12891145849409e-08 - 1.979172790145772e-08 - -5.3843211491023854e-08 - 6.01411780709536e-08
