Number: 3564
Error: 2.3222272901776553e-11
A1: [0.06620542930346958, -0.11395965899031994, -0.023991696901891853, 0.07171512884031879] - [0.03740072488744244, 0.18819156622971206, -0.147410802180661, -0.07818886542259679] - [-0.060222731769973066, 0.3289571771446769, -0.1277466118711672, -0.140961860584974] - [0.0390424245040891, -0.05332623073251638, -0.037422203723856864, 0.051691536529895644]
A2: [-0.009103517896453356, -0.3467978197037413, 0.2494601893373641, 0.10646198275147785] - [0.08005018172555681, 0.036293413435288885, -0.0502387937833787, -0.06606054498320646] - [-0.04247616897833662, 0.23080612098455836, -0.04055626866114001, -0.14787366278383235] - [0.06816689718191805, -0.2934324884393217, 0.14180606091055312, 0.08359787161592928]
B1: 5.188995989334947e-07 - -3.2310009091676946e-06 - -9.779454403555821e-06 - 6.543897052238018e-06
B2: 9.679046583802444e-07 - 1.5284543754494196e-06 - 6.988358416630863e-07 - -1.4201983771057062e-06
