Number: 6018
Error: 5.574456212778423e-13
A1: [0.08043224295704283, -0.18046725254850815, -0.019588299372764736, 0.11962552994445509] - [0.03741813921910136, 0.13359894343256842, -0.134723632117962, -0.036283267315482974] - [-0.0017005666930993862, 0.2281923688030685, -0.12282613358819512, -0.1036566584862032] - [0.03886453802547448, -0.11447971860753084, -0.04641513861862415, 0.12203553074541143]
A2: [0.03530718089840659, -0.029273738704663523, -0.0756975991837629, 0.06966313337536562] - [0.10290004851436124, 0.2829030525653357, -0.3926003050705352, 0.006822590769046662] - [-0.011185373266520535, 0.5390163277322148, -0.35944938112389974, -0.16837464505723868] - [0.09786380165412176, 0.017464323305879, -0.16885005643552478, 0.053525930420592255]
B1: 6.913975877780932e-07 - -1.9181293328087903e-06 - 1.99554151268185e-07 - 5.786449340888231e-07
B2: -9.645495091258854e-07 - -9.677770984351236e-07 - 1.742980606560426e-06 - 1.0324372895106647e-07
