Number: 8892
Error: 0.0006906605096948737
A1: [0.09932992900122445, -0.15798135152001405, 0.003624831834166781, 0.1432907884244896] - [0.04828324935920432, 0.14858854621819712, -0.11737643639316253, -0.02010504473814837] - [0.02281920409543564, 0.255513044550945, -0.0950947429223592, -0.07687571704937075] - [0.06519196688429912, -0.08289856051438131, -0.015080602331614332, 0.15390214452888823]
A2: [0.004771186613606725, -0.05907006979736963, -0.1076082561652311, 0.035777524338275496] - [0.0856808879395959, 0.2658113305671835, -0.4090590764785331, -0.011963500957694752] - [-0.07449285023839872, 0.47374379087513185, -0.4189109280702614, -0.23215866537559354] - [0.031003413350320475, -0.04951874996754685, -0.23100843631757417, -0.013737375393682784]
B1: -0.0038051695258721173 - -0.01290758772249247 - -0.011882296784407512 - -0.012546539224873952
B2: 0.01122572595030082 - 0.01121962507187432 - 0.025573357875021515 - 0.0061387793196402765
