Number: 3274
Error: 7.178121389301122e-05
A1: [0.06214163188511025, -0.11850827133726646, -0.03143606429714251, 0.06496591826734735] - [-0.012135074275019017, 0.13707255098967594, -0.19475819440855766, -0.12575879360915] - [-0.059672767192164605, 0.33149853219044545, -0.12430967058088149, -0.13783730398913055] - [0.07290526660456115, -0.018320235120728445, -0.005286591255281314, 0.08398463249112723]
A2: [0.009160208443423917, -0.33310890009416144, 0.26851345215009637, 0.12423921844825536] - [0.06564293347025278, 0.024278334791704357, -0.06798628629550066, -0.08417341275724133] - [0.014670137664211845, 0.2829110376388079, 0.01184412050335092, -0.09035557530555831] - [0.11480865319831408, -0.2509886003476803, 0.18436424526374495, 0.13089543615867777]
B1: 0.01917807627426276 - 0.005542743156169989 - -0.010544068122737267 - -0.011107432031877765
B2: -0.006194011090818655 - 0.004218573158235033 - 0.002276643852514878 - -0.010859466575188555
