Number: 4633
Error: 1.217528815566364e-15
A1: [0.06621320018832375, -0.11395206161640511, -0.023983931788111708, 0.07172288662510376] - [0.03740260837886935, 0.1881933658535522, -0.1474089504649703, -0.07818701386396149] - [-0.06022937067015022, 0.328950800755586, -0.1277531090430654, -0.14096832157204267] - [0.03904609983668515, -0.0533227423531367, -0.03741864776451091, 0.05169506351204017]
A2: [-0.00910857308983, -0.34680318260819515, 0.24945509304475372, 0.10645668271691765] - [0.08003983378054277, 0.03628226560622203, -0.05025010350127657, -0.0660719506621011] - [-0.04245285057311469, 0.23083185674745882, -0.040531278889089306, -0.14784787338489036] - [0.06813478415033265, -0.29346784629988004, 0.14177124649029926, 0.0835618664764755]
B1: -1.6949847189466815e-08 - 2.7545133050268387e-09 - -1.269490124545302e-08 - 9.481901622459886e-11
B2: 1.99082663212154e-08 - 1.2568703686619893e-08 - -1.262193932725204e-08 - -2.0909376489507116e-08
