Number: 3258
Error: 0.0004899433918733781
A1: [-0.05877780704967389, -0.23752250156841634, -0.1575909721435762, -0.05967089053371153] - [0.04719736815911978, 0.18893679755560194, -0.13773231023011004, -0.06770653539202205] - [-0.11398163311668202, 0.29393729112380435, -0.16746057287609972, -0.18050876564418006] - [-0.05204513380413761, -0.12885979094030442, -0.12335809536847353, -0.032728594281189544]
A2: [-0.10407156674783806, -0.47034976318538735, 0.15858251082998462, 0.004028050333678323] - [0.13136434982584955, 0.10884774508581316, -0.0019653908622932134, -0.017023526786803526] - [-0.173257250684281, 0.06424081004011502, -0.21118228121755306, -0.3135581123938999] - [-0.048543010380004234, -0.4388642869608982, -0.014741334716653374, -0.06714881128259963]
B1: 0.007221606006767574 - -0.12486837443066229 - -0.005125210897548372 - -0.005709343302752945
B2: -0.06439008907125182 - -0.09499604276614358 - 0.02672156032152301 - 0.01996038957252195
