Number: 71
Error: 0.0005996295888598721
A1: [0.025291815529414445, 0.025426942288044645, 0.06060078340849832, 0.047782582249113935] - [0.11828100970195803, 0.24475738076602047, -0.09510320718734744, -0.06523886645806956] - [-0.07967402450142226, 0.44194122013907416, -0.035117407501095106, -0.25368103147343646] - [0.021166691580945897, 0.008746107178421083, 0.020343643940735748, 0.04592556178469089]
A2: [0.2929559689056674, -0.03981064094528559, 0.13626370723142658, 0.12467164782593451] - [0.12215806947705667, 0.289858532976244, -0.03604044217132612, -0.04573689893663751] - [0.04826527080334057, 0.7146723509774054, -0.10479163350376552, -0.12924721898811573] - [0.2861535705686757, 0.2843603576389738, 0.2892156607648149, 0.2852719885097787]
B1: 0.023364183956803956 - 0.3746600747127618 - -0.009791287817157454 - -0.02218574826140134
B2: 0.01283109940305714 - 0.39274821556834066 - 0.010054680543246515 - 0.015230408782655715
