Number: 3595
Error: 8.852059786518108e-12
A1: [0.06621254068695241, -0.11395270643472195, -0.023984590898275274, 0.07172222818773699] - [0.03740303959858295, 0.18819377785099983, -0.14740852654218173, -0.07818658986243689] - [-0.060225211974742766, 0.32895479496164254, -0.12774903942626684, -0.1409642741197628] - [0.03905232720709834, -0.05331683159312044, -0.037412623046404914, 0.05170103928946648]
A2: [-0.009108221456671728, -0.34680280951484227, 0.24945544753826418, 0.1064570513742858] - [0.08004633074609716, 0.036289264741986564, -0.0502430026882113, -0.06606478956130829] - [-0.04243291932970902, 0.23085385407834774, -0.04050991984229406, -0.14782583018203485] - [0.06812948912259119, -0.2934736764157498, 0.14176550621167158, 0.08355592982967545]
B1: 1.1882242284340077e-06 - -4.460739808163787e-07 - 7.825603393362643e-06 - -5.755474324397295e-06
B2: 2.40794462389603e-06 - 1.254471577099134e-07 - 9.221020251550735e-07 - -8.866378609207854e-07
