Number: 9137
Error: 8.428241416813406e-07
A1: [0.05034720512096884, -0.15098546209172822, -0.029947705447575582, 0.1188343328002739] - [0.0063522524367327, 0.13183277024887552, -0.11269377185511548, -0.021520576468611045] - [-0.015212634545507005, 0.22244247697871405, -0.1277653514659675, -0.08215507812435921] - [0.025194662882195948, -0.1019993682351592, -0.05138167083862752, 0.12034195753854225]
A2: [0.11178739409997807, -0.05027763681921875, -0.10129201459491437, 0.13021611955363574] - [0.1200282214904283, 0.2610268222425586, -0.393873165426331, 0.05754817551458329] - [0.03917213520757883, 0.46513566660076144, -0.37518411845521377, -0.11896990906787583] - [0.15340434748482507, -0.03463416086168747, -0.19182816861264537, 0.11278117179946515]
B1: 0.0003127463527453566 - -0.0004374985482489909 - 0.002558766856667955 - -0.0025460309675520007
B2: 0.000796816250896647 - -0.0003920392671680445 - -0.00043161767023095854 - 3.518419115087514e-05
