Number: 3153
Error: 2.3058774622999047e-05
A1: [0.061015116463237304, -0.0503206931519841, -0.0256719898752223, 0.005822135373338091] - [0.03856923061695567, 0.18635181103442133, -0.14777319540383718, -0.09813318645989567] - [-0.130949645241317, 0.4073384988047265, -0.11219006484843606, -0.19417389876762794] - [0.024404145394026414, 0.006229188780581716, -0.04605360060526653, -0.03547997743324417]
A2: [0.09485622157591797, -0.1426534029078525, 0.11744409967252363, 0.05397327631303485] - [0.02678314826509394, 0.19778261574228356, -0.10421019624164043, -0.13041232746685166] - [-0.0950943063958942, 0.5121732383366473, -0.22728222092550565, -0.1965763133050911] - [-0.03803720097457316, 0.0068621002473494095, -0.0623008233661368, 0.045522185068943705]
B1: 0.012094691209112435 - 0.0007044742765196566 - 0.0026007392321987497 - 0.00016792805553795132
B2: 0.002619337772411071 - -0.0015830795668790253 - 0.00364565100011687 - 0.003224393132523799
