Number: 3285
Error: 4.0440435279594594e-05
A1: [0.11360429686872936, -0.06761744540361489, 0.021935394512535223, 0.11800680800440265] - [0.010027518822954154, 0.16009871926347005, -0.173699943978732, -0.10461461562363464] - [-0.043994337195724834, 0.34516948928656216, -0.1110796339935353, -0.12449292107675416] - [0.049735809129940065, -0.04265980541165731, -0.02732055858514998, 0.06181102845201112]
A2: [0.04677069258317966, -0.2914585538203527, 0.3055333228173978, 0.16378031901918344] - [0.0880981069996039, 0.04628561890502152, -0.042042725141702916, -0.05789436353820599] - [0.020259913214993062, 0.2941920111818997, 0.023314434969149547, -0.08119676670976511] - [0.11487126993131322, -0.2467718804090586, 0.1895275674734758, 0.1336431947514452]
B1: 0.014545750188774659 - -0.011281583972305649 - -0.003028992410829107 - -0.004535459656209084
B2: -0.010191471658471368 - 0.003140503228157686 - 0.004301390136131032 - 0.010205329248448256
