Number: 3624
Error: 1.6455098563955055e-13
A1: [0.06621579096572966, -0.1139495287229412, -0.02398134305154621, 0.07172547305335925] - [0.037404742239455155, 0.18819540461444145, -0.14740685271156803, -0.07818491592880326] - [-0.060226600122646086, 0.32895346173324314, -0.127750397928197, -0.1409656250613031] - [0.03904630550134845, -0.05332254715827136, -0.037418448809065995, 0.05169526086000214]
A2: [-0.009102565244273733, -0.34679680924214856, 0.24946114949689216, 0.10646298157842903] - [0.08003868447196887, 0.03628102747635856, -0.05025135962974712, -0.0660732174457789] - [-0.042452854978336466, 0.23083185186569372, -0.04053128363040157, -0.14784787825848544] - [0.0681388919122851, -0.29346332348641535, 0.1417756997070639, 0.08356647202802463]
B1: 2.61935895193319e-07 - 1.0397657052369587e-06 - 6.461961893985225e-07 - 6.321081065973085e-07
B2: 1.3470216281357572e-06 - -2.3674266032910236e-06 - 1.1904066369548696e-06 - 2.2324367742240527e-06
