Number: 1526
Error: 6.712764587009392e-09
A1: [-0.006978706039172786, -0.014783199929402606, 0.003213783278838344, 0.019668912180359426] - [0.06655802209474372, 0.18962583647773093, -0.14701292914636163, -0.11016132546846526] - [-0.11232968119547025, 0.44203564515809474, -0.07052320223438091, -0.2578228482783315] - [-0.023007257156505263, 0.01569972747089167, -0.029564983130332758, 0.039294089300927974]
A2: [0.13134213253321037, -0.22486858583995778, 0.022426418273769923, 0.06992207637154296] - [0.03268551615838746, 0.20378777194605938, -0.11484914200242272, -0.1214191604109023] - [-0.09479098619258866, 0.5553740348550695, -0.23536827606527339, -0.22580134162395746] - [-0.020926547926901035, -0.019373645172220517, 0.008019148718355715, 0.03208634903410446]
B1: -4.93984271688153e-05 - -1.0183225122461397e-06 - -2.0609730118766747e-05 - 3.8177684607403635e-05
B2: 1.0081567937933536e-05 - -0.0002680622099451717 - 2.742106509882079e-05 - -7.224743777933251e-05
