Number: 7035
Error: 1.1392327540186398e-15
A1: [0.08043169890730856, -0.18046779652943454, -0.019588842767617933, 0.11962498595926793] - [0.03741559356454244, 0.13359639973547982, -0.13472617265455178, -0.03628581153413614] - [-0.0017028068651899586, 0.22819012865410976, -0.12282837051539272, -0.10365889808010681] - [0.03886322733929392, -0.11448102562234916, -0.046416448481087426, 0.12203422086751312]
A2: [0.03530747758486091, -0.029273441177906985, -0.07569731712660849, 0.0696634438770498] - [0.10289368850203916, 0.28289663856884983, -0.39260645638009883, 0.006815930904211839] - [-0.011187149544390863, 0.5390145408381515, -0.3594510623963102, -0.16837651678133983] - [0.09786280230034083, 0.017463319401151697, -0.16885100776098724, 0.05352488141943358]
B1: 1.6079281191493203e-08 - -2.093986296382766e-08 - -1.4503326763109004e-08 - 2.1060352388870647e-09
B2: -2.597288563988216e-09 - -6.853344754971247e-09 - 5.391021410917606e-09 - -1.491473262950705e-08
