Number: 9032
Error: 0.00010293718537421296
A1: [0.037092260848930136, -0.1871868727498868, -0.04329078152919662, 0.09913381836502949] - [-0.02713074388753758, 0.09299826324936895, -0.1483553423246039, -0.05790031025661512] - [-0.07963140207563438, 0.16686324965507535, -0.17248359520425527, -0.13967385911608976] - [-0.008842665066505911, -0.13861920870719635, -0.08049624308969255, 0.08588200760787239]
A2: [0.06955204414632023, -0.08072057145762372, -0.12366937760548155, 0.10165180441237887] - [0.18371462738448072, 0.3034403227764828, -0.34922517456083857, 0.10231982745454271] - [0.11850984101485998, 0.5517212315365428, -0.3068011162309904, -0.03614610754503191] - [0.1562044312632152, -0.0292363100920007, -0.1891067690678086, 0.11848481812833868]
B1: -0.015396081084291717 - 0.027730368442044045 - -0.007692825692045106 - -0.00479580025273761
B2: 0.008821058186712308 - -0.0012774116613738437 - 0.011080448904414753 - -0.0011411658072214333
