Number: 3165
Error: 8.113512007766752e-05
A1: [0.0526869821329778, -0.0581529231237373, -0.03342868374540458, -0.0017714164770915614] - [0.04002548293031017, 0.18784725455578163, -0.1461436047637024, -0.09635335896644388] - [-0.143259580460758, 0.3959934843432337, -0.1236731842645924, -0.20530418868614236] - [0.02739175259393221, 0.010529239480403923, -0.042004269884694335, -0.03109649436935255]
A2: [0.06141227965237604, -0.176610748661635, 0.08497580312573333, 0.022192905825072645] - [0.023236704320107177, 0.1942538856093701, -0.10774461031822112, -0.13390207135686277] - [-0.0793815699591291, 0.5276958917819508, -0.2116080553735476, -0.18098958763745762] - [-0.004187971298319777, 0.040833217433489485, -0.028747233128114336, 0.0787200279784752]
B1: 0.02200574156499211 - 0.0012076103875729143 - -0.004148016241476395 - -0.010408809067974133
B2: -0.0076348653560925125 - -0.012371556657222806 - -0.0043887976034787885 - 0.0027103590028918264
