Number: 1782
Error: 3.1731116356172013e-07
A1: [-0.007687992912441186, -0.015507947599474053, 0.002489507486531055, 0.018920518573905483] - [0.06603176506971747, 0.18912700610327693, -0.14756258390207516, -0.1107446290950002] - [-0.11138668775626367, 0.44296912865106497, -0.06958819079385313, -0.2567920735744991] - [-0.02039428742362598, 0.01828933741273616, -0.026945249879160457, 0.042057876913957376]
A2: [0.13112074305479324, -0.22508464999255814, 0.022233438761076953, 0.06973350413910669] - [0.034271194888440215, 0.20535211386532576, -0.11327058703302427, -0.1198651300332826] - [-0.09705370443158987, 0.5531717667081677, -0.23752156076841768, -0.22794544995896243] - [-0.020572358399378866, -0.019035097139482163, 0.008373819450908346, 0.0324349338973211]
B1: 0.00010084980605977963 - 0.00046883721723700947 - 0.0009128511691430091 - -0.00018696272380804956
B2: 0.0004355014387400324 - 0.0006826544129091543 - -0.00016001369877055197 - -0.0007624700677251881
