Number: 5651
Error: 2.6893146860192405e-05
A1: [0.0670090136452758, -0.1132004357032755, -0.023205359393481683, 0.07246670618129658] - [0.04143313874552565, 0.19202384823294724, -0.14345841324289724, -0.07424752321628356] - [-0.05998068250400698, 0.329098894589888, -0.12755761515388053, -0.14082135445280494] - [0.03159791418875522, -0.060408418023534784, -0.044636867677652674, 0.04447322930952252]
A2: [0.0009853774336574081, -0.33607419939929406, 0.25947060299930647, 0.11713239615522683] - [0.08588050064747454, 0.04258010660073558, -0.043917643879124085, -0.05961535116320266] - [-0.03431550018388965, 0.23982472100402408, -0.03192898350387977, -0.13879227749007006] - [0.07940597744175838, -0.2810558679830711, 0.15386762928811643, 0.09634830815947862]
B1: -0.00039822530777150955 - -0.001835645847771452 - -0.0011098948821406476 - -0.0020728357616947735
B2: 0.0026449317230402137 - 0.005971180291216712 - 0.00041901256565122233 - 0.005964703815267239
