Number: 2968
Error: 1.7433761167353563e-08
A1: [0.06385653260033576, -0.047450520829223665, -0.023024254993175557, 0.008274016531937134] - [0.043109688358463176, 0.19073782575945764, -0.1431326970053346, -0.09311811778768436] - [-0.12372566069906177, 0.414585876881065, -0.10513789450730182, -0.18734902002463621] - [0.03678297843846682, 0.018949426061629027, -0.0333521639946311, -0.023269006150009753]
A2: [0.06356205569503419, -0.17356651577632307, 0.08644618635370256, 0.024076935719715902] - [0.02922551582000707, 0.2002351144970314, -0.10177477263654312, -0.12793644880491503] - [-0.09394936894390375, 0.5131533219826044, -0.22614366938361333, -0.19561763923856945] - [-0.026633925418828235, 0.0178168813163396, -0.050994437637346554, 0.056291190088254395]
B1: 5.342588632568069e-05 - -0.0001288091323668303 - 0.00017318152480835206 - 6.946259061586167e-05
B2: 0.0003272420307390416 - -1.3073043927053985e-05 - 3.558186264868192e-05 - 0.00011723186734137096
