Number: 6776
Error: 8.418487757461625e-16
A1: [0.08043162133112573, -0.18046787409683127, -0.01958892025104615, 0.11962490839194412] - [0.03741554422606561, 0.1335963504343457, -0.13472622189472358, -0.03628586084528309] - [-0.0017028665908096117, 0.22819006892976537, -0.12282843015356366, -0.10365895778978625] - [0.03886318393682947, -0.11448106890300982, -0.046416491855896753, 0.12203417749202336]
A2: [0.03530746250951024, -0.029273456294954845, -0.07569733146007157, 0.06966342809907033] - [0.10289375226551598, 0.28289670287348867, -0.3926063947088959, 0.006815997673880242] - [-0.011187079650666693, 0.5390146111487706, -0.3594509962403749, -0.16837644313187475] - [0.09786283000434061, 0.017463347231167714, -0.1688509813885756, 0.05352491049961807]
B1: -1.083570108060076e-08 - -1.4645638630526417e-08 - -8.073989673889169e-09 - -1.126421292269118e-08
B2: -2.372896776507944e-08 - -1.243624472357409e-08 - -1.2268890618707616e-08 - -1.1047005352024386e-08
