Number: 6906
Error: 9.84348535356843e-16
A1: [0.08043166848735944, -0.18046782694593858, -0.01958887315119677, 0.11962495554279218] - [0.037415579745284824, 0.133596385926681, -0.13472618644627662, -0.036285825345739355] - [-0.0017028319609745653, 0.22819010355886085, -0.12282839557443226, -0.10365892316919342] - [0.038863223552239194, -0.11448102939877675, -0.046416452265730046, 0.12203421708281155]
A2: [0.03530746887317159, -0.02927344991369319, -0.07569732540958173, 0.06966343475932983] - [0.10289379164628382, 0.28289674258848546, -0.3926063566203319, 0.006816038911298908] - [-0.011187220560207864, 0.5390144693987603, -0.35945112961431597, -0.16837659161318913] - [0.09786280843131542, 0.017463325560013232, -0.16885100192469757, 0.053524887854960984]
B1: 2.2534651665468812e-08 - 1.9884467532530277e-08 - -3.711563172021996e-08 - 3.4563162618887617e-09
B2: -4.9338815762707194e-09 - -1.63089098809956e-10 - 7.137552816118187e-09 - -9.176224482628937e-10
