Number: 5668
Error: 2.1662230550005905e-05
A1: [0.06725098499511836, -0.11254266924540454, -0.0227704863746092, 0.07289265140701552] - [0.022328732478484988, 0.17400029632817252, -0.16215230843139222, -0.09304666319673158] - [-0.09772969373927531, 0.29138928415927895, -0.16540743284729031, -0.1796523286154187] - [0.0404034682322946, -0.0505135888893002, -0.03535569364731429, 0.054034195823888916]
A2: [-0.022969628737888246, -0.3619531341367336, 0.23421036498180467, 0.09357316302430045] - [0.0825055016553366, 0.03892309822018904, -0.047912232132170086, -0.06312423231392408] - [-0.03979918361322891, 0.23350852723318108, -0.03850526102373497, -0.1439588270031071] - [0.07267304258345123, -0.28853101587586016, 0.14582821830430232, 0.08930929032332147]
B1: 0.001552805032338932 - 0.009761995553639023 - 0.004453538266069222 - 0.00832695589223322
B2: 0.005463054759738963 - -0.0066745584120338815 - 0.0127102055725287 - 0.00849499471036382
