Number: 7435
Error: 9.782423021106958e-16
A1: [0.08043170861616508, -0.1804677868216836, -0.01958883307037878, 0.11962499566701214] - [0.03741561734209537, 0.13359642349503517, -0.1347261489243759, -0.036285787769755884] - [-0.0017027893070206183, 0.22819014621190487, -0.12282835298293077, -0.10365888052661894] - [0.038863261241329036, -0.11448099181546416, -0.0464164146006646, 0.12203425474847174]
A2: [0.03530729565852008, -0.029273623607415967, -0.07569749009995651, 0.0696632534714985] - [0.10289371077836006, 0.28289666103423966, -0.39260643483473306, 0.006815954230790313] - [-0.011187094451981844, 0.5390145962591641, -0.3594510102501322, -0.16837645872854967] - [0.0978627780203236, 0.017463295010698016, -0.16885103087401, 0.05352485593333874]
B1: -1.988317200303844e-08 - 1.4571609503916086e-08 - 3.6221701184407416e-08 - 1.2610566965434614e-08
B2: 1.4076610481974283e-08 - 1.0498143095165234e-08 - 3.385733600455802e-08 - 1.6406299689345053e-08
