Number: 716
Error: 1.9997084029838346e-15
A1: [-0.012153317301948099, -0.014517091490223854, 0.018087367991828796, 0.008583179129931203] - [0.06583510778056709, 0.18949513811308735, -0.14532270222921334, -0.11000870286909196] - [-0.096292902882978, 0.4217862553237967, -0.053457147535457626, -0.27203553482399306] - [-0.001321457004782791, -0.01821920327953479, -0.0038350646982819063, 0.02337679356979975]
A2: [0.1615866407045185, -0.167754851863132, 0.008501255399656312, -0.002333147582611531] - [0.035485574980614186, 0.2075165756151975, -0.1172105721390654, -0.1257921748668929] - [-0.08621382583844121, 0.5815378463837708, -0.23538900021058287, -0.2599358423428162] - [-0.003835028848782178, -0.004519350333400117, 0.0011101959594620695, 0.00724333387977043]
B1: -6.415467392409923e-08 - 9.988779414119556e-08 - -8.073575092491938e-09 - 8.275676217650651e-08
B2: 4.5787130010994746e-08 - 4.761898731964129e-08 - -6.204634956497212e-08 - 5.466480868584545e-08
