Number: 4745
Error: 7.323463125772133e-16
A1: [0.06621321360790092, -0.1139520484966995, -0.023983918379058146, 0.07172290002215738] - [0.03740264071820862, 0.18819339675161098, -0.14740891867291234, -0.07818698206909715] - [-0.06022933188442951, 0.3289508380071616, -0.1277530710896218, -0.14096828382271553] - [0.039046174185689224, -0.05332267178381319, -0.037418575834290424, 0.0516951348581867]
A2: [-0.009108462011212563, -0.34680306477130723, 0.2494552050221172, 0.10645679917665561] - [0.08003992878527655, 0.0362823679534837, -0.050249999666556175, -0.06607184594571412] - [-0.04245282203043431, 0.23083188824889192, -0.04053124830164674, -0.14784784181782037] - [0.06813473633956982, -0.29346789894152886, 0.14177119465892402, 0.08356181287185782]
B1: -9.168776487637016e-09 - 6.280241298473689e-08 - 1.6469040195995612e-08 - 2.395021046747928e-09
B2: 6.525565903705283e-09 - -1.6953599221371384e-09 - 1.1244586508634538e-08 - 2.355800931688962e-08
