Number: 3164
Error: 8.131846563621018e-05
A1: [0.05153870735495296, -0.059367414038779105, -0.03461666153453175, -0.00297482444304629] - [0.03884708333937201, 0.1866879420236172, -0.1473812657893327, -0.09768152631104815] - [-0.14448032627964522, 0.39465277408491434, -0.12497690998471611, -0.20662488431494105] - [0.022915883430110022, 0.005889018428894572, -0.046556989898300136, -0.03564854674197054]
A2: [0.08191453663289654, -0.15608576694536977, 0.10528981022490996, 0.042369940848276624] - [0.022101535466944468, 0.19312960626934866, -0.10886871923112196, -0.13500821645566802] - [-0.09360371847148595, 0.5137173091808223, -0.2258284552412505, -0.19480276444225555] - [-0.02888085389180737, 0.016215402652804668, -0.05338083676448979, 0.054637620737147216]
B1: 0.013136430340707755 - -0.00842429101280575 - -0.00827033415682895 - -0.012659859579097427
B2: 0.00148285059653765 - -0.002347126582267686 - 0.004490022669961278 - 0.010752625775345448
