Number: 9360
Error: 4.225074558667307e-11
A1: [0.05316282985842739, -0.1480109921930334, -0.027008755458123427, 0.12181809952551666] - [0.005351517963164729, 0.13087452931219004, -0.11356295228825425, -0.022511912613824125] - [-0.014433309419188247, 0.22310279267440994, -0.12703002045737982, -0.08159476035416154] - [0.0271416745043907, -0.10002482177678827, -0.049429302434665826, 0.12229332529318188]
A2: [0.08926041520132738, -0.07290743241287737, -0.12362160278400701, 0.10729241036385082] - [0.10886059019281132, 0.24983304839313206, -0.40482680239747626, 0.04620866080833661] - [0.0366287619377943, 0.4625479865583989, -0.3777244463877275, -0.12148051163366262] - [0.14340479195928774, -0.044628182739659406, -0.2015206668605098, 0.10265790092199036]
B1: -7.431177140301716e-06 - -9.417736952361721e-06 - -1.958670268276703e-06 - 3.850732062442871e-06
B2: 2.6753647175268164e-06 - -1.1023279297376389e-05 - -6.169566446415491e-06 - 5.364318062990136e-06
