Number: 3365
Error: 1.8012315163652458e-07
A1: [0.06635539251751667, -0.11381664968309944, -0.02384888005944645, 0.07186035486052014] - [0.041151121890503434, 0.19176908092445755, -0.14372971681199145, -0.07450690339435764] - [-0.06858750964593532, 0.32096871105366187, -0.1358922592174547, -0.14907587778783873] - [0.039987692728000304, -0.052437288401018474, -0.036513889047965854, 0.05259005531307963]
A2: [-0.009674153918469826, -0.3474062867669701, 0.24895869496554815, 0.10586309395630075] - [0.08105391147422285, 0.037376983267276134, -0.04915051125903912, -0.06495732808946973] - [-0.041398554222981956, 0.23199293845719246, -0.03939292332247981, -0.14669317691799877] - [0.06954139344233903, -0.2919175587231877, 0.14332834782038323, 0.08513628010193418]
B1: 0.0006742554776840412 - 0.00039979094264124844 - 3.951627346366347e-05 - 4.47500459324909e-05
B2: -0.00033994455740404356 - 0.00011518610598972674 - 0.0005281108444511737 - 0.0006549634255931442
