Number: 3212
Error: 0.02304101389447495
A1: [-0.4706045319493204, -0.6132901876896872, -0.5719489696722692, -0.5119066846138138] - [-0.4156695869034452, -0.26118737955251553, -0.6063612234926505, -0.5499699111869045] - [-0.5979859518181652, -0.07239843227046133, -0.5750032789401581, -0.6015849470860806] - [-0.47364475549102797, -0.4914368786034036, -0.5139886569987963, -0.43391510234342795]
A2: [0.28215979204863856, -0.036491998971122874, 0.2787777068129176, 0.16044987514528047] - [-0.034467976028254244, 0.09777102982235109, -0.17452025313592304, -0.21930724222298928] - [-0.11035199818383551, 0.4133237516987798, -0.28684057812128183, -0.32299823131141614] - [-0.13550166376871456, -0.1750538239904098, -0.2198465080614468, -0.19402279221572852]
B1: -0.5483979491904655 - -0.7007036190698019 - -0.5732238669622489 - -0.5463091334152499
B2: -0.023472014353347517 - -0.08222818174226941 - -0.034885052368388535 - -0.04246552606879746
