Number: 1495
Error: 1.581152070146271e-08
A1: [-0.007529938598938936, -0.015339459773036511, 0.002640844383458746, 0.01910275643575203] - [0.06663664212929635, 0.1897015064015089, -0.14693162743424062, -0.11007383341728921] - [-0.11223444808873459, 0.44212938138144964, -0.07042361026039384, -0.2577195345597375] - [-0.024423575332455007, 0.014308055017136044, -0.031010532856281695, 0.03779883964321586]
A2: [0.1316272394739772, -0.22458792463777882, 0.022707023352897784, 0.07020079158105874] - [0.03269575392313501, 0.20379794771380008, -0.11483898219101328, -0.12140905959376178] - [-0.09463569878149024, 0.5555269603292284, -0.23521548247513763, -0.22564861820741927] - [-0.02094689249919315, -0.019393794400670034, 0.007999248057199313, 0.03206648418825555]
B1: 2.9261596039920822e-05 - 1.3381892607191909e-06 - 5.5564120767384535e-06 - 1.1287489755282697e-05
B2: -0.00013458695727579023 - -8.641779638982629e-05 - -0.00022861940378850136 - 0.0002342518694282116
