Number: 7109
Error: 1.0605932287800078e-15
A1: [0.08043169675518556, -0.18046779868131357, -0.019588844917167673, 0.11962498380739076] - [0.03741560218398507, 0.13359640834839978, -0.13472616405228302, -0.03628580291946788] - [-0.0017028023413122235, 0.2281901331778898, -0.12282836599814012, -0.103658893557437] - [0.038863240748904584, -0.11448101225037083, -0.046416435080021266, 0.1220342342687896]
A2: [0.035307300727075726, -0.029273618524854696, -0.07569748528076957, 0.06966325877622881] - [0.10289378615594336, 0.2828967370515505, -0.3926063619305103, 0.0068160331621080995] - [-0.01118704368081544, 0.5390146473331553, -0.35945096219411526, -0.16837640522921282] - [0.09786275877906193, 0.017463275681910143, -0.16885104919043692, 0.053524835736268206]
B1: -4.2768357066127995e-08 - 3.214225898193095e-08 - 2.4185255301022476e-08 - -1.2842508969976616e-08
B2: -3.51001886174939e-09 - -3.186796274680291e-09 - 6.3803508311146e-09 - -4.014264093235959e-09
