Number: 3037
Error: 1.3985897834467077e-08
A1: [0.06420668120948612, -0.0471031058860579, -0.022679212256826096, 0.008617411846975674] - [0.04467968838639289, 0.19225348502249895, -0.1415142764676593, -0.09139042147589964] - [-0.12370257469244042, 0.4146129479634005, -0.10510864456085232, -0.18731796548434265] - [0.03819259858930178, 0.02035761312324138, -0.03195061381294527, -0.021877873094158756]
A2: [0.0628390490562079, -0.17428770720516945, 0.08572794173844853, 0.0233600276846659] - [0.02884328129873036, 0.1998588392078652, -0.10215510889282294, -0.12831099932599224] - [-0.09338182035151214, 0.5137065424887166, -0.22557848847212283, -0.19506746973668487] - [-0.026414461261751277, 0.018028922597112335, -0.050783713930260196, 0.0565051789419283]
B1: 0.00036688235682728854 - -6.87321063232057e-05 - -8.55156367830391e-06 - -0.00036941426946209796
B2: 6.985146236192385e-05 - -5.227326024437098e-05 - -0.00032815497666839464 - 7.864185098730202e-05
