Number: 4625
Error: 6.977914735609832e-16
A1: [0.06621319763449399, -0.11395206411316837, -0.023983934339939117, 0.07172288407555719] - [0.03740261714045228, 0.18819337422464974, -0.1474089418516634, -0.0781870052498932] - [-0.06022956670655877, 0.32895061247334656, -0.12775330087277173, -0.14096851236998867] - [0.039046120459769566, -0.053322722778473435, -0.037418627812360536, 0.05169508330218596]
A2: [-0.009108624118514009, -0.34680323674159624, 0.2494550416032136, 0.10645662921617526] - [0.08003986416468482, 0.0362822983386341, -0.050250070293156285, -0.06607191717200395] - [-0.04245282607466707, 0.23083188378543135, -0.04053125263560608, -0.1478478462905666] - [0.06813482121484271, -0.2934678054902928, 0.14177128667175826, 0.08356190803257305]
B1: 1.1679404618485943e-08 - 1.5564308757427878e-08 - -6.28702931435733e-09 - 1.568991648831285e-08
B2: 2.1919706373898613e-08 - 1.9378887540061995e-08 - -2.492925562439378e-08 - 6.9910394575080915e-09
