Number: 3675
Error: 1.3453968713031983e-14
A1: [0.06621408038691831, -0.11395120108630691, -0.02398305227964179, 0.07172376534647923] - [0.03740219221044641, 0.18819296823206746, -0.14740935959096693, -0.07818742302558992] - [-0.06022928665767049, 0.32895088144470785, -0.12775302683341178, -0.14096823980467532] - [0.039045226125299023, -0.05332357164891274, -0.037419493051470756, 0.051694225089661]
A2: [-0.009107407882744114, -0.34680194650685464, 0.2494562676787326, 0.10645790437071609] - [0.08003916021770306, 0.0362815399866123, -0.050250839667268114, -0.06607269307779963] - [-0.042452442381904903, 0.23083230725303805, -0.04053084145491744, -0.14784742194049913] - [0.06813596466632754, -0.29346654650065296, 0.1417725262842355, 0.08356319005206095]
B1: -4.537096295544457e-08 - -9.581656688559438e-08 - 3.1590621094605776e-07 - 6.473019746916129e-08
B2: 1.6726006035668302e-07 - -1.959199626396176e-07 - 1.7190141898976468e-07 - 2.9239468216912657e-07
