Number: 482
Error: 1.1490641645429583e-12
A1: [-0.012151336142502479, -0.014515056630632017, 0.018089557786665593, 0.008585296241468187] - [0.06583623062228805, 0.18949621823713703, -0.14532154131160754, -0.11000745270068214] - [-0.09629393701057389, 0.42178525589671734, -0.053458269657831424, -0.2720367396054719] - [-0.0013237451851332545, -0.018221403809087256, -0.0038375003530281746, 0.02337414885253458]
A2: [0.16158599496235387, -0.1677554854511799, 0.008500622714143606, -0.002333777037887137] - [0.03548775667390854, 0.20751872225277845, -0.11720839958562568, -0.12579004060385388] - [-0.08621752940747103, 0.581534218756191, -0.23539260389694686, -0.2599394538650769] - [-0.0038354821233702444, -0.004519796067828631, 0.0011097473372576497, 0.007242900225434789]
B1: -7.437931640617438e-07 - -2.068317667755689e-06 - 4.139352794180867e-07 - -1.620122711413077e-07
B2: 1.0647200192502934e-06 - -2.4761228896428377e-07 - 3.025200327479595e-07 - 2.1347843552239558e-08
