Number: 41
Error: 0.001859316258396581
A1: [-0.06638998768568068, -0.07343214247186333, -0.04084275849542175, -0.04298795903122769] - [0.10117103348938479, 0.23038690459428265, -0.11610502168725817, -0.09590888189288191] - [-0.20197841386795493, 0.31592646095438753, -0.16646555076829322, -0.3791064591003266] - [-0.02436274189824017, -0.03666373698607265, -0.027798487337013792, -0.0028760244170326467]
A2: [0.40888680626975127, 0.07669368334148867, 0.24746837224957693, 0.23800259956736408] - [0.12707507945159788, 0.29500243267152854, -0.0327925797743196, -0.04178065999634554] - [0.1999610173191202, 0.8672818101960984, 0.04144616972348253, 0.020328928897099207] - [0.5137231368544033, 0.51331535187864, 0.5128802196108082, 0.5043219957814395]
B1: 0.03578551092314769 - 0.4341439416853497 - -0.04734116846413103 - -0.061844590578858986
B2: 0.03391382737849561 - 0.46966377930456055 - -0.0025977280036318666 - -0.006424446009084233
