Number: 3389
Error: 1.4340306503528467e-07
A1: [0.0650626591757943, -0.1150758857509168, -0.025133642369621425, 0.07057534696534903] - [0.03668660770138215, 0.18750954242849935, -0.14811270217492722, -0.07889061546207128] - [-0.05840874577464814, 0.33069776639189935, -0.12597510651987245, -0.13920565330021853] - [0.03740668580817097, -0.054878436991584206, -0.039005161169754075, 0.05011804603618338]
A2: [-0.0107877601092492, -0.34858271200134555, 0.24778023329580737, 0.10469902753193253] - [0.07994348689884861, 0.036178627399823686, -0.050355210867199365, -0.06618179974643777] - [-0.04289971870902292, 0.23033879666768445, -0.04100696211020802, -0.14834563962110853] - [0.06735499379524074, -0.294323989278025, 0.14094295863143325, 0.08269263807757496]
B1: -0.00022526239896994256 - -0.00016501481714028383 - 9.48746573353458e-05 - 9.046084373123199e-05
B2: 0.0005383475825853751 - 0.00045530973595481 - -0.0005236407801763307 - 8.714284690066254e-05
