Number: 1412
Error: 2.437808463097464e-10
A1: [-0.007299557374911472, -0.015106803399201795, 0.0028807031024146003, 0.01933972419990245] - [0.06686217897052918, 0.1899185352211775, -0.1466984839269078, -0.10982290768755856] - [-0.11279937884216985, 0.441575456520528, -0.07101251169617015, -0.25833159310223924] - [-0.023515602701676918, 0.01520041477570909, -0.030084007564892584, 0.03875714183449272]
A2: [0.13163919245538058, -0.2245762606997194, 0.022718775743343054, 0.07021241495774101] - [0.03270138402665586, 0.2038034997046215, -0.11483338193379952, -0.12140351583214702] - [-0.09441256031099361, 0.5557468511802298, -0.23499575511121223, -0.2254285512480212] - [-0.021188563389765016, -0.019631974988495064, 0.007759818541398019, 0.0318346107269034]
B1: 6.787165486656091e-05 - -6.836937128773887e-05 - 2.5510746016029745e-05 - 1.8075407907101453e-05
B2: -2.2345236251498857e-05 - 4.432763272790489e-06 - 2.7399689534397577e-05 - 2.63264863047769e-05
