Number: 7924
Error: 1.3723266775493012e-15
A1: [0.08043172709613752, -0.1804677683438102, -0.019588814612501882, 0.11962501414487443] - [0.03741550770482953, 0.13359631394074684, -0.13472625834314864, -0.0362858973462742] - [-0.0017028127641586168, 0.22819012275526432, -0.12282837640571817, -0.10365890397749462] - [0.03886324193577083, -0.11448101106684935, -0.046416433893914276, 0.12203423545491499]
A2: [0.035307325820729145, -0.029273593361762874, -0.07569746142214936, 0.06966328503957007] - [0.10289365056373106, 0.28289660030858427, -0.3926064930735711, 0.0068158911773387254] - [-0.011187093843836747, 0.5390145968709202, -0.3594510096745019, -0.16837645808773766] - [0.09786274577041917, 0.01746326261410331, -0.16885106157387522, 0.05352482208149016]
B1: -2.8704483675113934e-08 - -1.2673215957275967e-08 - 1.0963369766969754e-08 - -7.38569850799443e-09
B2: 2.4158113575359335e-08 - -7.529633781385449e-08 - 1.3624028255602215e-08 - -1.5111053235035868e-09
