Number: 1421
Error: 2.061395407343346e-10
A1: [-0.00726830441663016, -0.01507527607791338, 0.0029131919284414816, 0.019371821163939817] - [0.06685771121947584, 0.18991423752305417, -0.14670309646076443, -0.10982788421383806] - [-0.11266222149777755, 0.4417099027940059, -0.07086959627069517, -0.25818306647749806] - [-0.023650412724518448, 0.015067959753879194, -0.030221588840421473, 0.03861480485611839]
A2: [0.13171456541386795, -0.22450206943353035, 0.022792875413438617, 0.07028611907176104] - [0.0327072255375735, 0.20380924532232048, -0.11482756305881418, -0.12139780289293726] - [-0.09437906318312884, 0.5557798336017038, -0.23496284764651812, -0.22539560177356105] - [-0.02108089424498598, -0.019525787991554196, 0.007866610357599986, 0.031938077295845364]
B1: 7.94473195843913e-05 - -0.00011172941530761606 - 3.098463909238566e-05 - 3.948001991932537e-05
B2: 2.385379592910919e-05 - -9.412232579446005e-06 - 9.625609804779826e-06 - 1.5111115851450818e-05
