Number: 8628
Error: 8.080129675311226e-16
A1: [0.08043170427361832, -0.18046779116370645, -0.019588837407742494, 0.11962499132498121] - [0.03741556037602682, 0.13359636657215251, -0.13472620577671468, -0.03628584470414153] - [-0.0017027332371705277, 0.22819020228055545, -0.122828296995179, -0.10365882447172109] - [0.03886322709535451, -0.1144810258655283, -0.04641644872485821, 0.12203422062378223]
A2: [0.0353074536596274, -0.029273465169286847, -0.07569733987437281, 0.06966341883659097] - [0.10289382462419817, 0.28289677584629647, -0.39260632472437385, 0.006816073443802501] - [-0.011187101419000619, 0.5390145892505734, -0.3594510168445979, -0.16837646606990636] - [0.0978628425013522, 0.017463359784983718, -0.16885096949212325, 0.0535249236172562]
B1: 4.597716204347813e-09 - 5.322903460578276e-08 - 1.76340695721208e-08 - 7.134136888425047e-09
B2: 1.4814789543528771e-08 - 6.079002896454582e-08 - -2.0403672827138344e-08 - 2.8786252914652267e-08
