Number: 2053
Error: 2.042414925679039e-05
A1: [0.09479382859001431, 0.08423194536014063, 0.10362008836626307, 0.12235802177056312] - [0.036672975811953085, 0.1622001494758816, -0.17767589441745588, -0.14516013564871572] - [-0.2065207540368444, 0.33553549976774333, -0.17563994601497646, -0.3534699340793876] - [0.02678457257851397, 0.0707811492898591, 0.024734333889725568, 0.08459393637236329]
A2: [0.20415874913840432, -0.1503015929165192, 0.08494512125943204, 0.1465466766755333] - [-0.005817862077592986, 0.16229068021845, -0.1554677893217641, -0.16050507396196137] - [-0.08825854796696024, 0.5634413927286361, -0.21564614515778974, -0.2236399223502726] - [-0.049641729094635094, -0.033627179555758877, -0.024883798557128828, 0.018899471178094138]
B1: 0.0004545923950784146 - -0.02242797537178317 - 0.029908783414893766 - 0.03057669625573787
B2: -0.007880963799285273 - 0.06014476436047325 - -0.01976268497425592 - 0.017016102170330092
