Number: 931
Error: 6.387155683637368e-09
A1: [-0.011928348297874987, -0.014286179774492237, 0.01833592268081219, 0.008823412950299425] - [0.06582216877481438, 0.18948268239556987, -0.14533607058835463, -0.11002310770074653] - [-0.09644629631732572, 0.4216379118418915, -0.053623626421995224, -0.27221429081418247] - [-0.0015397799097419966, -0.01842912706735394, -0.004067453838278341, 0.02312460297799543]
A2: [0.16159143872883203, -0.16774998934780355, 0.008506045272636013, -0.0023283038171333895] - [0.035486328264743745, 0.20751731967676304, -0.11720980877637543, -0.12579143834220766] - [-0.08609744314542112, 0.58165197883943, -0.2352756580597687, -0.2598222156871103] - [-0.0035932481172943065, -0.004281518266942208, 0.0013495739144944337, 0.00747469666233466]
B1: 4.9687889711889e-05 - 8.983746821997684e-05 - 4.404313101916968e-05 - 3.0870567616018106e-05
B2: -1.472214002678891e-06 - 1.4762414915807148e-05 - -9.570098086349823e-05 - 9.564792353531229e-06
