Number: 4951
Error: 1.1588743623373637e-15
A1: [0.06621320808137464, -0.11395205389970048, -0.02398392390122476, 0.0717228945049349] - [0.03740263288345641, 0.1881933892660478, -0.1474089263750653, -0.07818698977193057] - [-0.0602293500928554, 0.32895082051897556, -0.12775308890728534, -0.1409683015445568] - [0.03904618778191254, -0.053322658878749554, -0.03741856268033515, 0.05169514790533413]
A2: [-0.009108616441592613, -0.34680322859754337, 0.24945504934229878, 0.1064566372651086] - [0.08003984956022157, 0.03628228260546116, -0.0502500862549473, -0.06607193326934908] - [-0.042452822727543645, 0.23083188747955072, -0.04053124904865564, -0.1478478425888018] - [0.06813475408985978, -0.2934678793976716, 0.14177121390197486, 0.08356183277320976]
B1: 4.8076596779756534e-09 - -3.5142671686308057e-09 - 2.400975916011371e-09 - 4.9028524472632575e-09
B2: -2.9284557979161918e-09 - 2.3905605822184037e-08 - -4.833149596510548e-09 - -1.6081199170033692e-08
