Number: 2793
Error: 5.582463712614811e-09
A1: [0.06345591341120535, -0.04785098036255245, -0.023422602309971167, 0.007876187766052138] - [0.043694402427657306, 0.19130223921302722, -0.1425308501193671, -0.09247625565403444] - [-0.12312605791305185, 0.41517936345716905, -0.10453832856695514, -0.18675308553902373] - [0.03717886696365587, 0.01934305096379897, -0.03295716691414392, -0.022877184628849582]
A2: [0.06385539011206906, -0.17327388904469987, 0.08673745780340072, 0.024367423346729335] - [0.029503632669361016, 0.20050924515900984, -0.10149718170260648, -0.12766385563635194] - [-0.0933110138231397, 0.5137790241802507, -0.22550700041202276, -0.19500233333172923] - [-0.025594696292042782, 0.018851646421596358, -0.049955170589445624, 0.05730049148946479]
B1: 0.00013210504129016154 - 3.2119045446768644e-05 - -5.630585810218446e-05 - -0.000111784374351308
B2: 6.161786892116102e-05 - -1.4038965157064055e-05 - 8.61019943714599e-05 - 5.3300947917451626e-05
