Number: 4355
Error: 1.0535277972516831e-15
A1: [0.06621312667205646, -0.11395213348983421, -0.023984005246667276, 0.0717228132322368] - [0.03740266264904775, 0.18819341770502546, -0.14740889711321653, -0.07818696050748802] - [-0.06022947127629998, 0.3289507041288871, -0.12775320749031607, -0.1409684194899739] - [0.03904621183588367, -0.05332263604768292, -0.037418539409009195, 0.051695170987774854]
A2: [-0.00910847997189154, -0.3468030838246302, 0.24945518691624055, 0.10645678034601155] - [0.08003984636404922, 0.03628227916224945, -0.05025008974826253, -0.06607193679225906] - [-0.042452726848452776, 0.23083199329756385, -0.040531146301041265, -0.14784773655018071] - [0.06813471429636565, -0.29346792321205856, 0.14177117076217338, 0.08356178815731866]
B1: -3.7081583655757857e-08 - 5.135822013614031e-09 - 1.365905038140874e-08 - -3.690508928542049e-08
B2: 2.704937842151458e-09 - 2.1497767481789095e-08 - 6.992615277773334e-09 - -9.098057382878697e-08
