Number: 9661
Error: 2.5640782507837812e-14
A1: [0.053172631683963266, -0.1480011894033165, -0.026998965868055242, 0.12182790356541144] - [0.00531385165386225, 0.1308368262418129, -0.1136006119580664, -0.02254963135279746] - [-0.014444203765478975, 0.2230918937391398, -0.12704090700341011, -0.08160566009037354] - [0.027146632540194275, -0.10001986559541594, -0.04942433559281646, 0.12229829328635142]
A2: [0.08925364703174352, -0.07291418269654726, -0.12362821672431668, 0.10728555876035516] - [0.1088424163660257, 0.24981486879968304, -0.40484461558417995, 0.04619017922437811] - [0.036636122175979384, 0.46255530867477984, -0.37771726444875386, -0.12147307529128408] - [0.1434246497752115, -0.04460840010606172, -0.20150127683977748, 0.10267805260844909]
B1: -6.595650895289755e-08 - -2.0747358201710733e-07 - -1.5174316755063355e-07 - 2.377363667544268e-07
B2: -1.3983556002390168e-07 - 1.9080638431436742e-08 - 2.7885529300691046e-08 - -2.077989911279699e-08
