Number: 9370
Error: 2.37497725173853e-11
A1: [0.053177464806004306, -0.1479963520652812, -0.02699413680878325, 0.12183274141766351] - [0.005304996457489272, 0.13082796045863648, -0.11360946633060279, -0.022558499584919636] - [-0.014459136129888922, 0.22307695604686525, -0.1270558270782632, -0.08162059686592282] - [0.027156831410970035, -0.10000966454640899, -0.04941411336043509, 0.12230852121234292]
A2: [0.08927905957190649, -0.07288883162027687, -0.12360337827112797, 0.10731128459880816] - [0.10882030602150154, 0.2497927563678218, -0.4048662873387047, 0.04616769795368433] - [0.03663571358307727, 0.4625549021182319, -0.3777176634068807, -0.12147348813284442] - [0.14341097275608986, -0.044622024114190785, -0.20151463073653197, 0.10266417307161582]
B1: 1.2504823666040965e-05 - -2.858139214083364e-06 - 2.179331878827073e-06 - -9.531180559792397e-06
B2: 6.347513734579777e-07 - 8.799868461349217e-06 - -5.6224832031505365e-06 - 6.711050751998597e-07
