Number: 784
Error: 1.70671576026739e-12
A1: [-0.012152962072243888, -0.014516726633162865, 0.018087760625058673, 0.008583558734364921] - [0.06583585633756894, 0.18949585819348405, -0.1453219282862473, -0.11000786942546] - [-0.09629670102055596, 0.42178258448265865, -0.05346126897395422, -0.27203995983468393] - [-0.001314073890510318, -0.018212102804311424, -0.0038272056134139344, 0.02338532720117526]
A2: [0.16158724737418115, -0.16775425661828633, 0.00850184983653035, -0.002332556160987923] - [0.03548588402313076, 0.20751687969163696, -0.11721026439121403, -0.12579187254327004] - [-0.08621332300954457, 0.581538338899699, -0.23538851093901073, -0.2599353520118544] - [-0.0038343449995474578, -0.004518677852922972, 0.0011108728020089087, 0.007243988144279832]
B1: -2.465399484492334e-07 - 5.562773275998317e-07 - -2.2841012172086255e-07 - -1.2878674986689263e-07
B2: -2.3916250318890164e-07 - -1.0496970414075023e-06 - -2.3387483981545426e-06 - 3.346124234370905e-06
