Number: 4039
Error: 8.796345417049957e-16
A1: [0.06621319755379514, -0.11395206419204466, -0.023983934420541014, 0.07172288399503093] - [0.03740260792527973, 0.18819336542018092, -0.14740895091088269, -0.0781870143098953] - [-0.06022936821460688, 0.32895080311401276, -0.1277531066401809, -0.1409683191822836] - [0.03904616585812866, -0.05332267968811392, -0.037418583890993534, 0.05169512686693398]
A2: [-0.009108661333836487, -0.3468032762213224, 0.24945500408690452, 0.10645659019795586] - [0.08003984996102778, 0.036282283037216645, -0.05025008581697259, -0.06607193282761543] - [-0.0424529395268225, 0.2308317585724956, -0.04053137421561646, -0.147847971764518] - [0.06813480440217765, -0.2934678240016675, 0.141771268445526, 0.08356188918256335]
B1: 4.044959393197099e-08 - -4.7859405797283574e-09 - -2.5788022257266762e-08 - 2.7090466681202696e-08
B2: 4.41153869623377e-09 - 1.4163797471757164e-08 - 5.488408443622854e-10 - -2.039718557668753e-09
