Number: 629
Error: 7.146477108970804e-14
A1: [-0.01215234978015706, -0.014516097747538727, 0.018088437397102124, 0.008584213039387164] - [0.06583533873911349, 0.18949536028559463, -0.1453224634383415, -0.11000844572009101] - [-0.09629265262213679, 0.42178649719956707, -0.053456875970603876, -0.2720352432574153] - [-0.001320403078988275, -0.018218189701341838, -0.0038339428267474694, 0.023378011732015896]
A2: [0.1615869042117386, -0.16775459331555997, 0.008501513598405876, -0.002332890698757472] - [0.035485596246412586, 0.2075165965391996, -0.11721055096254743, -0.12579215406348193] - [-0.08621335031938526, 0.5815383121562184, -0.2353885375101387, -0.25993537863889865] - [-0.003834857072071066, -0.00451918141016334, 0.0011103659808216486, 0.007243498224883551]
B1: 3.690740528934874e-07 - 3.437416938902509e-07 - 3.7481282340737237e-07 - 1.1860668862783694e-07
B2: 2.6412669080764775e-07 - -2.1011540278528785e-07 - 1.2355512545987142e-07 - 1.9210833022653393e-07
