Number: 1364
Error: 1.421630402005163e-09
A1: [-0.007383183212374235, -0.015191223405171459, 0.002793782391012441, 0.019253828069748964] - [0.06686362165588244, 0.18991990714339152, -0.14669704092982583, -0.10982129265968564] - [-0.11260044214295599, 0.441770559112602, -0.07080516904487924, -0.25811615576078495] - [-0.023447882428409787, 0.015266970201847615, -0.030014862373535126, 0.0388286896814752]
A2: [0.13170854893443587, -0.2245080587880964, 0.02278703772572784, 0.07028020836801013] - [0.03264677575609742, 0.20374974026902842, -0.11488780472921661, -0.12145696916863971] - [-0.09474950701601041, 0.5554151982245286, -0.2353268504883702, -0.22575977632141025] - [-0.020822771580823896, -0.019271306332572156, 0.00812263046701503, 0.032186114958044486]
B1: 6.432914251298485e-05 - -0.00018937331250887891 - -3.234140739298176e-05 - 6.269465223495689e-05
B2: -0.00012945805225063564 - -2.951287646834328e-05 - -3.0452601130690865e-05 - -1.3696839227305114e-05
