Number: 9171
Error: 1.0635421080776997e-07
A1: [0.05325217071221312, -0.14792350146984068, -0.02693487339898793, 0.1219183423290767] - [0.006666151165540296, 0.13219076368779709, -0.11226616326399416, -0.021188251434997602] - [-0.014569940470409786, 0.22298133566788292, -0.12716569406388453, -0.08170743635820336] - [0.028521514293808052, -0.0986465924022464, -0.04805477072146185, 0.12368510465260478]
A2: [0.08969043365352972, -0.07249790396657935, -0.12318876628826238, 0.10773247824439712] - [0.10773490095416988, 0.24870473818017982, -0.40593208598022434, 0.04506550679993123] - [0.03807262914983893, 0.46397839315452527, -0.3763219802234487, -0.12002373704365284] - [0.14028064762998818, -0.047735307711648696, -0.20456488584198734, 0.099489863265003]
B1: 0.0010435767325268255 - -0.00046694940104750665 - -0.0006425772268091453 - -5.663278788568018e-05
B2: 0.0004602462720336737 - 4.301909231219352e-05 - 0.0002894025388165133 - 0.0002211590599902497
