Number: 5204
Error: 9.188883592314484e-16
A1: [0.06621312721953236, -0.11395213295459422, -0.02398400469963695, 0.07172281377876764] - [0.03740254941741704, 0.18819330951990923, -0.14740900842856428, -0.07818707183269288] - [-0.06022942517559501, 0.3289507484058686, -0.12775316237892909, -0.14096837462097764] - [0.039046090703731516, -0.05332275102174524, -0.037418656600291006, 0.05169505474794689]
A2: [-0.009108530889677103, -0.34680313784045685, 0.24945513558623644, 0.10645672696156422] - [0.08003973101737849, 0.03628215490099799, -0.05025021581533719, -0.0660720639298733] - [-0.042452862339337, 0.23083184376163993, -0.04053129149820139, -0.14784788639776628] - [0.0681347540210125, -0.293467879473482, 0.1417712138272045, 0.08356183269608143]
B1: -3.270549493003376e-09 - -2.6606806199915015e-08 - -9.398953655546623e-09 - -7.417892935064174e-09
B2: -1.973529723467355e-08 - -9.978562597302148e-09 - 4.787098760799509e-08 - -4.4522619058600785e-08
