Number: 2368
Error: 1.8138937545637257e-06
A1: [0.055228524127817244, -0.05707256588568241, -0.03289684862057604, -0.0007026718761243064] - [0.042609938533436, 0.19018389255096818, -0.14401674851293345, -0.09363660634467436] - [-0.12283755473081749, 0.4160725161072561, -0.10364222120834063, -0.1863510425722011] - [0.039334521713155796, 0.021865305450049444, -0.03022522006017371, -0.02073024650672785]
A2: [0.06373560262906632, -0.17303587967270895, 0.08682487188837791, 0.024066548285586107] - [0.02450084979807832, 0.1955443543369989, -0.10652380416087638, -0.13260166915572327] - [-0.10245204325517338, 0.5054384222378588, -0.2340843250050743, -0.2032354298684906] - [-0.02815229814823834, 0.01662840358174887, -0.05196478976300373, 0.055031291732678705]
B1: -0.0029092642678279447 - -0.0005593061784594554 - 0.002973117518074194 - -0.0010698363419135073
B2: -0.001811046284185281 - 0.0005962593822206907 - -0.0004340195156281113 - 0.0007412532422454476
