Number: 8915
Error: 0.00023271670617613016
A1: [0.11374545847037267, -0.13511699543541802, 0.03604714912271831, 0.17550877493097836] - [0.05518324375738919, 0.16634597929991743, -0.08673669396326686, 0.010272616072435172] - [0.021463039913970475, 0.25806172515734993, -0.08774396767636529, -0.07001772032116056] - [0.08398429267282019, -0.054087643114413074, 0.020163067673791203, 0.18876087748285839]
A2: [-0.0038827979068793844, -0.06491043339225641, -0.12311467143737674, 0.03632834413167368] - [-0.012494261207006252, 0.1663390183333191, -0.5048641986428637, -0.1086104137717439] - [-0.1320926851105873, 0.4104551582218735, -0.47130584716289153, -0.28340845719033025] - [-0.007697269378063906, -0.0938131226757774, -0.2649758146001286, -0.044872214338102144]
B1: 0.021781079994676777 - 0.016057309878159294 - 0.002079257896553305 - 0.0013089794301252376
B2: 0.010361078062413487 - 0.015014829036940572 - 0.005925781908498139 - 0.01068364102630276
