Number: 2222
Error: 0.00011593419996728553
A1: [0.03765012489114545, -0.059750187877815664, -0.03258554601907408, 0.004187510277452407] - [0.025472312286691178, 0.1599376762644512, -0.1844241984917086, -0.13804637714756762] - [-0.16619289977580526, 0.38222884787872013, -0.1349898948708794, -0.22353264465526543] - [0.010936323721728987, 0.014844806464489893, -0.02893543673086394, -0.02905250751706833]
A2: [0.10104282977890816, -0.18553685223208366, 0.10760029316977224, 0.05402312867117323] - [0.0764473849314952, 0.24411365966436344, -0.053679236484078616, -0.0843831079708787] - [-0.08401518200415466, 0.5416379737406964, -0.20154189905167633, -0.1880990762833648] - [0.02136384991210247, 0.09593377079311907, 0.012646912235198655, 0.11617589394805462]
B1: -0.009042595974286298 - -0.034431744897413935 - 0.008454125393423186 - -0.003040937851023995
B2: -0.02576675968562208 - 0.0009785468532336559 - -0.004143841186645146 - -0.021751988873844982
