Number: 1185
Error: 1.1801318072149102e-07
A1: [-0.008132601893171986, -0.015940429130142483, 0.0020119247020169363, 0.018475759046270853] - [0.0679645608499341, 0.19097957539208218, -0.14555928522984984, -0.10859481247158156] - [-0.11357407282554106, 0.4408234470312757, -0.0718145034171027, -0.2591758485711439] - [-0.02674775576558242, 0.012032994802397043, -0.033368054805808095, 0.03533428945255286]
A2: [0.13101504740206046, -0.2251884785115844, 0.02210729526589462, 0.0696067718081288] - [0.032708142202202334, 0.20381147511827763, -0.11482592751362831, -0.1213981817239817] - [-0.09471248552625862, 0.5554493659736355, -0.23529450810778507, -0.22573497478275875] - [-0.02328496486209256, -0.021704987089103456, 0.005679737822536472, 0.029822121213825038]
B1: -0.0005383903842933421 - -0.0005698569589340867 - 0.0005773959449558282 - 9.993752806202599e-05
B2: 3.980016410783571e-05 - 0.000266010184168421 - -0.0005800190349178887 - -0.0004511920344161813
