Number: 7390
Error: 7.10694657377669e-16
A1: [0.08043170395403543, -0.1804677914832836, -0.019588837726932186, 0.1196249910054165] - [0.03741552701654808, 0.1335963332378546, -0.13472623906994352, -0.03628587804526498] - [-0.0017028015428498333, 0.22819013397633456, -0.12282836520084789, -0.10365889275918479] - [0.03886317861101959, -0.11448107421387965, -0.046416497178316744, 0.12203417216952099]
A2: [0.03530744257676412, -0.02927347628281939, -0.07569735041188042, 0.069663407237293] - [0.10289378414588692, 0.2828967350244357, -0.392606363874601, 0.0068160310572798226] - [-0.011187030530361346, 0.5390146605620394, -0.3594509497468956, -0.16837639137214913] - [0.09786283785699418, 0.017463355119539014, -0.16885097391334367, 0.05352491874232769]
B1: -2.38473928366015e-08 - -1.181306057825555e-08 - -3.107336396804501e-09 - -1.0337767521864523e-08
B2: 1.2019139416752961e-08 - -4.528630984095514e-08 - 1.639444259069163e-08 - -3.647036808518275e-08
