Number: 9635
Error: 7.353472356376749e-15
A1: [0.05317178610479177, -0.14800203529477812, -0.02699981051605181, 0.12182705757846125] - [0.005313369910307747, 0.13083634399296745, -0.11360109362867182, -0.022550113775109785] - [-0.014444706480269296, 0.22309139084066562, -0.12704140931987307, -0.08160616298380657] - [0.027146124277412132, -0.10002037385695457, -0.04942484492741383, 0.12229778373231216]
A2: [0.08925451171289514, -0.07291332001391213, -0.12362737152375938, 0.1072864341049111] - [0.10884230150687893, 0.24981475391966804, -0.4048447281693951, 0.046190062432015594] - [0.03663651927825054, 0.4625557037108136, -0.3777168770163272, -0.12147267407024409] - [0.14342758474846787, -0.044605476064635864, -0.20149841109344008, 0.10268103112629595]
B1: 1.6843496590268364e-07 - 4.474513938361346e-08 - 5.252462188346276e-08 - -1.517861316777683e-07
B2: -1.0737215113660731e-07 - 5.123467118723591e-09 - 8.697670625970553e-09 - 1.0454329768495643e-07
