Number: 5108
Error: 1.2717829648863577e-15
A1: [0.06621322592648769, -0.11395203645339008, -0.023983906070152907, 0.07172291232006645] - [0.03740263072586724, 0.1881933872046394, -0.14740892849611825, -0.078186991893175] - [-0.060229385319967375, 0.32895078668516287, -0.12775312337852401, -0.1409683358303842] - [0.03904614784151258, -0.05332269678867532, -0.03741860132134226, 0.051695109578074466]
A2: [-0.009108791629428332, -0.3468034144439186, 0.24945487273702602, 0.10645645359067434] - [0.08003981106803329, 0.03628224113838439, -0.050250128324672114, -0.06607197569629182] - [-0.04245287323386543, 0.23083183173779817, -0.04053130317316807, -0.14784789844669585] - [0.06813471559796495, -0.29346792177878805, 0.1417711721731068, 0.08356178961687531]
B1: 1.2175747464755879e-08 - -9.342357765126853e-09 - 3.789551919172576e-08 - 4.121062388322121e-08
B2: 3.217183577886319e-08 - 1.0693535183998069e-08 - -5.6212277735267055e-08 - 5.066303642604075e-08
