Number: 3807
Error: 9.237185728251732e-16
A1: [0.06621318119991103, -0.11395208018047048, -0.023983950761598358, 0.07172286766858971] - [0.03740265632339372, 0.18819341166127884, -0.1474089033318376, -0.07818696672664231] - [-0.06022942838685995, 0.32895074532193125, -0.1277531655211933, -0.14096837774659932] - [0.03904627091911054, -0.05332257996823248, -0.037418482248029246, 0.0516952276845826]
A2: [-0.009108602054011998, -0.3468032133346811, 0.24945506384637658, 0.10645665234961052] - [0.08003981632990735, 0.03628224680686192, -0.05025012257388046, -0.0660719698966296] - [-0.042452835103544286, 0.230831873820558, -0.04053126231147398, -0.14784785627625374] - [0.068134765728678, -0.29346786658287577, 0.14177122651974358, 0.08356184582242332]
B1: -5.748239912640562e-09 - 2.621892622166495e-08 - -7.221429628916812e-09 - 7.990760556171903e-09
B2: 2.8749626251768846e-08 - 1.8449548254961878e-08 - 4.845775284545934e-09 - -2.3534291429200757e-08
