Number: 654
Error: 5.279602996598884e-14
A1: [-0.012153615955118359, -0.014517398238158395, 0.018087037889778983, 0.008582859984672868] - [0.06583517636805516, 0.18949520409148388, -0.1453226313158314, -0.11000862650390855] - [-0.0962917932394863, 0.42178732777793115, -0.05345594343748918, -0.27203424203436016] - [-0.0013223624210485989, -0.01822007403347028, -0.003836028483675811, 0.02337574706017334]
A2: [0.1615869277675402, -0.16775457020447582, 0.008501536677844701, -0.002332867735837273] - [0.035485762084038246, 0.20751675971183295, -0.11721038581967651, -0.1257919918314381] - [-0.08621346958134452, 0.5815381953378918, -0.23538865355829944, -0.2599354949383995] - [-0.003834557895266461, -0.0045188872085317, 0.0011106620920594936, 0.007243784456026985]
B1: 1.4978447245451315e-07 - 2.454124259363055e-07 - 2.5244835126072962e-08 - 7.996296622329293e-08
B2: -3.9079026272438085e-07 - -1.0501438618909673e-07 - 8.076858020564793e-07 - 1.8926337663790208e-07
