Number: 5935
Error: 7.622631204651971e-10
A1: [0.08049919792377651, -0.18040031025382816, -0.01952142272216587, 0.11969247800707117] - [0.03752515751189933, 0.13370587471038656, -0.13461681373867898, -0.03617629968259822] - [-0.0016139090624765174, 0.22827902407900832, -0.12273959133955907, -0.10357001780589256] - [0.03887320117303873, -0.11447107185065138, -0.04640647560404641, 0.12204418988941741]
A2: [0.035454197519361595, -0.02912632386364599, -0.07555782075677431, 0.06981700351460368] - [0.10303180813698802, 0.2830359188526393, -0.39247287962702376, 0.0069605497663559925] - [-0.011259633779212982, 0.5389416172229403, -0.35951967874119983, -0.16845290061564278] - [0.09787759817130975, 0.01747817564205871, -0.168836928911873, 0.05354041080482748]
B1: 5.2913699785993725e-05 - -3.839291610061296e-05 - -5.6982596435864684e-05 - -7.565923981361411e-06
B2: 1.8440590543189497e-05 - -7.948940450034416e-05 - -3.0443718671898003e-05 - 2.2881836176202423e-05
