Number: 2070
Error: 4.2204400648789506e-05
A1: [0.050674417211092504, 0.015530299227113672, 0.02714560738977131, 0.03647142232134172] - [0.05616326309565933, 0.1846241499665787, -0.15352853201820468, -0.11923722348197131] - [-0.1627106556033132, 0.39599265700127895, -0.1121143549639254, -0.26791720157164306] - [-0.030986815221056622, -0.00612242279509453, -0.07783350022743962, -0.03809392986718788]
A2: [0.15234267090571338, -0.16983082994009516, 0.09614317329196476, 0.10670073119611398] - [0.03505562355479581, 0.19924327172452122, -0.12061976129731825, -0.12471329718120959] - [-0.0438781819282156, 0.5974416473548195, -0.18309938106648949, -0.17276617405907607] - [0.055931972000630784, 0.05269721304397712, 0.04817690589844474, 0.14279180893670723]
B1: 0.0002951778425763175 - 0.006371874399136742 - -0.016512241862670654 - 0.014348812563832882
B2: 0.008705228539878884 - -0.0012946407890101702 - -0.002495942967711035 - -0.006430693979371276
