Number: 4710
Error: 2.1013702606746145e-15
A1: [0.06621314259975299, -0.1139521179180677, -0.023983989331487376, 0.07172282913317368] - [0.037402573296567314, 0.18819333233479268, -0.14740898495356328, -0.07818704835560936] - [-0.06022957412043797, 0.32895060535266507, -0.127753308127583, -0.14096851958575446] - [0.03904608562818613, -0.05332275583935699, -0.037418661510786363, 0.05169504987736527]
A2: [-0.0091083311450978, -0.3468029259429572, 0.24945533694703373, 0.10645693638246785] - [0.08003994536185434, 0.036282385811197325, -0.05024998154932251, -0.06607182767462624] - [-0.04245272137063499, 0.23083199934311668, -0.040531140430763064, -0.1478477304920635] - [0.06813506907667595, -0.29346753258405106, 0.14177155537752056, 0.08356218593091344]
B1: -5.401542345664816e-08 - 8.983326081089522e-08 - 1.008396887955212e-08 - 7.670808721955292e-08
B2: 9.085396523221588e-09 - 6.102145519301395e-09 - -4.230029275203156e-08 - 4.957062802299889e-08
