Number: 8384
Error: 9.845361618139116e-16
A1: [0.08043170907101622, -0.18046778636688815, -0.019588832616111246, 0.11962499612179296] - [0.03741552848772964, 0.1335963347079423, -0.1347262376015604, -0.03628587657482098] - [-0.0017028297579265428, 0.22819010576186036, -0.12282839337460918, -0.10365892096672161] - [0.03886326475336142, -0.11448098831327098, -0.046416411090871496, 0.1220342582583283]
A2: [0.03530737966438538, -0.02927353936915901, -0.0756974102282654, 0.06966334139277666] - [0.10289380817139711, 0.2828967592538663, -0.39260634063735694, 0.006816056215396822] - [-0.011187072680048048, 0.5390146181608964, -0.3594509896424693, -0.1683764357867801] - [0.09786284615622341, 0.017463363456474448, -0.16885096601293642, 0.053524927453713796]
B1: -1.3497517559266233e-08 - -9.42264835483007e-10 - 5.628067915904503e-09 - 2.246464915639316e-08
B2: 2.5529923930476515e-08 - -3.300937978515483e-08 - 6.6245919324662885e-09 - 3.0163791438079055e-08
