Number: 3353
Error: 2.397440697171375e-07
A1: [0.06531125484546232, -0.11484460335175228, -0.02490717943290171, 0.07080663915925646] - [0.03747936527517561, 0.1882529033427478, -0.14734723318667756, -0.07812317531145037] - [-0.058201035169158276, 0.3309975406108639, -0.1256620100571363, -0.13891285349210125] - [0.041633480679020556, -0.0508825691625865, -0.03492992720650658, 0.05416210063736332]
A2: [-0.007280856609004743, -0.344865434911618, 0.2514107293960303, 0.10838116970738416] - [0.0802984833227122, 0.03656672067250711, -0.050001105094568676, -0.06579076361116269] - [-0.04388156005726912, 0.2292405171438675, -0.042077033175325566, -0.149450982257714] - [0.06744878660212798, -0.29422918146671895, 0.14104646625982287, 0.08278323576483224]
B1: -0.0007779091442193017 - 0.001059473162871053 - 0.00034969009926354405 - 4.781928118057082e-05
B2: -0.0006316015638084194 - 0.001682643849812217 - -0.0020629395546202848 - 0.0006601942834286658
