Number: 2531
Error: 3.800621801537763e-08
A1: [0.06332839373029149, -0.04797330383314823, -0.023546369961020164, 0.007750742253557209] - [0.04350222607313702, 0.19111508035598895, -0.14273192964333495, -0.09269152494058273] - [-0.12371815728904893, 0.4145961312004284, -0.10512404424402808, -0.18733692067978885] - [0.036608298622100015, 0.018779579884554556, -0.03352170425087891, -0.023439550554378075]
A2: [0.06205456615775384, -0.17507614820220455, 0.0849450912574161, 0.022590487002088176] - [0.028387577926879928, 0.19940990388374422, -0.10260908632000718, -0.12875627753658092] - [-0.09293099743063658, 0.5141524554733474, -0.22512958492994567, -0.194633864423206] - [-0.025829221511160044, 0.018622347932841083, -0.05019778746457884, 0.0570704560127263]
B1: -0.00036424201657667517 - -0.0001822716330501703 - 0.0003704971455477201 - 0.00015251700799502664
B2: 2.6221716250541975e-05 - -4.0413413665324706e-05 - -9.655493934678804e-05 - -1.8073151367343757e-05
