Number: 4222
Error: 9.36229436596797e-16
A1: [0.06621321000003666, -0.11395205202393498, -0.02398392198406906, 0.07172289642038399] - [0.0374026572716115, 0.18819341256724992, -0.1474089023996505, -0.078186965794381] - [-0.060229347228792966, 0.32895082326974356, -0.1277530861046962, -0.1409682987572406] - [0.03904610487132632, -0.053322737574469224, -0.03741864289367692, 0.05169506834334347]
A2: [-0.009108512161742301, -0.34680311797301266, 0.24945515446595595, 0.10645674659677896] - [0.08003983802181809, 0.03628227017526525, -0.05025009886585205, -0.06607194598729467] - [-0.04245284339614028, 0.23083186466832836, -0.04053127119814106, -0.14784786544755557] - [0.06813484955702001, -0.29346777428422555, 0.14177131739771612, 0.08356193980946802]
B1: -1.760629699000282e-08 - 1.5020668620207006e-08 - -1.3085586828162182e-08 - 2.4638852111303738e-08
B2: 9.589338096047203e-09 - 2.8230317816833775e-08 - 3.1449172246097476e-09 - -2.9490700044733646e-08
