Number: 2153
Error: 0.000625078500181122
A1: [0.1214703979715609, 0.04101838410299663, 0.10651190365799201, 0.10905217061210484] - [0.03128037175266941, 0.15871803556360295, -0.191281247644213, -0.13446866892123505] - [-0.04554442796164311, 0.4909277656195989, 0.010713151056805476, -0.14639931443874774] - [-0.025601160469503313, -0.014768340340005534, -0.059467084196443525, -0.04434701267087654]
A2: [0.053367567993662164, -0.25723478851097764, 0.03535482625717389, 0.0011454298411649032] - [0.05221884581793278, 0.2207821405708332, -0.07502101897923127, -0.11044183212556764] - [-0.24702899243632181, 0.42167259771593923, -0.3641794190055871, -0.32005757464467394] - [0.025326008151077425, 0.09296968234304379, 0.051728422089237065, 0.09159293396450852]
B1: 0.061079941876753474 - 0.010063351184063533 - 0.006919458664409015 - 0.014417628827155525
B2: 0.03642261724145199 - -0.015486778240799266 - -0.00040896213913735845 - -0.0004860346094485435
