Number: 6413
Error: 9.755992885389715e-16
A1: [0.08043169802084323, -0.1804677974158, -0.019588843653026024, 0.11962498507290323] - [0.0374155958937474, 0.1335964020629209, -0.13472617032999004, -0.03628580920622146] - [-0.001702808710446023, 0.22819012680889642, -0.12282837235794676, -0.10365889992487022] - [0.038863228047367755, -0.11448102491626465, -0.04641644777346482, 0.1220342215751471]
A2: [0.03530742507169358, -0.02927349383631997, -0.0756973670554605, 0.0696633889163244] - [0.10289375392782085, 0.2828967045499016, -0.3926063931011367, 0.006815999414556887] - [-0.011187092258420213, 0.5390145984658206, -0.3594510081738965, -0.16837645641709653] - [0.09786281217529323, 0.01746332932102298, -0.1688509983606772, 0.05352489178492476]
B1: -1.220708634762522e-09 - 4.365163161646652e-09 - 6.825978494329628e-09 - 9.743432875642657e-10
B2: 6.012518909134169e-09 - 3.265590202532688e-09 - 3.5023006163295474e-09 - -4.73945556947253e-09
