Number: 6707
Error: 9.787228019479902e-16
A1: [0.08043167413632032, -0.18046782129761804, -0.019588867508990037, 0.11962496119110813] - [0.037415576326976535, 0.13359638251096026, -0.13472618985777413, -0.03628582876215398] - [-0.0017028303600920473, 0.2281901051597097, -0.122828393975893, -0.10365892156873764] - [0.038863214088632005, -0.11448103883582518, -0.046416461723306865, 0.12203420762508631]
A2: [0.03530743415123955, -0.02927348473166074, -0.0756973584227498, 0.06966339841906005] - [0.10289376516538523, 0.2828967158828409, -0.39260638223231215, 0.006816011181930302] - [-0.011187124448466031, 0.5390145660837712, -0.35945103864245975, -0.168376490336888] - [0.0978627903905531, 0.01746330743719038, -0.1688510190983322, 0.05352486891803114]
B1: -6.556964922294331e-09 - 5.302921360483732e-10 - -1.6558813413874247e-08 - -9.253617318560285e-09
B2: -7.970418993376335e-09 - -9.80649533922914e-09 - -4.2000064029803755e-09 - -1.1678376839671708e-08
