Number: 9654
Error: 1.3360101950689277e-14
A1: [0.05317271187626962, -0.14800110918212933, -0.026998885764606496, 0.12182798379642687] - [0.00531360850313171, 0.13083658283559804, -0.11360085507236618, -0.022549874846301093] - [-0.014444676342822795, 0.2230914209884822, -0.12704137920684005, -0.0816061328363064] - [0.027146446918635325, -0.10002005121698547, -0.04942452160617502, 0.12229810719324048]
A2: [0.08925528500574265, -0.07291254851053378, -0.12362661565553851, 0.10728721693103362] - [0.10884162959940082, 0.2498140818943286, -0.40484538676734133, 0.04618937922004779] - [0.03663593130628619, 0.4625551187982859, -0.3777174506707886, -0.12147326814056367] - [0.14342703115955902, -0.044606027591817095, -0.20149895162505338, 0.10268046932348704]
B1: 1.517384805797075e-07 - -1.6713624736496552e-07 - -9.30891211268432e-08 - 1.738879048445953e-07
B2: 9.626300045601899e-08 - 9.95667277804732e-08 - 1.8065059818168194e-08 - 5.999275938267866e-08
