Number: 1453
Error: 2.189124463428913e-10
A1: [-0.007243245809482115, -0.015050031856633679, 0.0029392084699288263, 0.019397521883631783] - [0.06682331670192344, 0.18988113857362893, -0.14673864273387002, -0.10986616465858622] - [-0.11271314842138992, 0.44165994322099433, -0.07092267318180148, -0.258238249402074] - [-0.02364854616314634, 0.01506973214982533, -0.030219786594149645, 0.03861674254594177]
A2: [0.13166883275630886, -0.22454705966072466, 0.022747911410320572, 0.07024139661480104] - [0.032636914977503276, 0.20374005634660924, -0.11489758130847214, -0.12146659158872358] - [-0.09477706691588557, 0.5553880704411439, -0.23535407427002492, -0.2257867317181245] - [-0.02094321245098711, -0.019390022769783077, 0.008003188793081326, 0.03207032209668334]
B1: 3.063991463657838e-06 - 1.9953846456283338e-06 - -1.3327362384706318e-05 - -4.317476256385266e-05
B2: 8.353626701698026e-06 - -4.254288950016122e-05 - -1.4504798425578536e-06 - -1.1918598567265689e-05
