Number: 6277
Error: 8.794786240978299e-16
A1: [0.08043164971360159, -0.1804678457175669, -0.019588891902505515, 0.11962493677118126] - [0.037415552852698715, 0.13359635905445197, -0.13472621328527828, -0.036285852223425175] - [-0.0017028308694595161, 0.22819010465035813, -0.12282839448451684, -0.10365892207796756] - [0.038863210627283505, -0.11448104228745853, -0.04641646518245023, 0.12203420416589218]
A2: [0.03530747124464783, -0.029273447535658574, -0.07569732315482491, 0.0696634372413536] - [0.10289369740058531, 0.2828966475429104, -0.3926064477735266, 0.006815940222255048] - [-0.011187134414175562, 0.5390145560586225, -0.35945104807521006, -0.16837650083812308] - [0.09786277829099141, 0.01746329528259093, -0.1688510306163204, 0.053524856217415845]
B1: 1.8801412976755882e-09 - -1.7073005054451296e-08 - -2.836764904029087e-08 - -1.1158496367189379e-08
B2: -2.1218948208330337e-08 - -1.9974209545076942e-08 - -1.277456949603329e-09 - -9.393216722536188e-09
