Number: 6974
Error: 8.467967189614702e-16
A1: [0.08043168663756903, -0.18046780879778418, -0.019588855022685793, 0.11962497369093003] - [0.03741559025068128, 0.13359639642412657, -0.13472617596181036, -0.03628581484616174] - [-0.001702819872418001, 0.22819011564715935, -0.1228283835035753, -0.10365891108386324] - [0.03886323005890419, -0.11448102291037192, -0.04641644576321184, 0.12203422358543238]
A2: [0.03530746366468684, -0.029273455136581947, -0.07569733036173633, 0.06966342930808234] - [0.10289379361121344, 0.2828967445700941, -0.3926063547198744, 0.006816040968868811] - [-0.011187143194926747, 0.5390145472254869, -0.35945105638639985, -0.1683765100906935] - [0.0978628167050413, 0.01746333387137401, -0.1688509940486441, 0.053524896539678776]
B1: 9.668171343908702e-09 - 7.806863734534853e-09 - -1.3499074035276607e-08 - 4.320223658191656e-09
B2: 2.8266480564347763e-09 - 2.0081714895847122e-09 - 5.736882978578244e-09 - 2.6219344345907413e-10
