Number: 8174
Error: 9.846534437449226e-16
A1: [0.08043170727669909, -0.18046778816102285, -0.019588834408287743, 0.11962499432767132] - [0.03741560575339115, 0.13359641191514693, -0.13472616048985667, -0.03628579935196705] - [-0.00170281065742102, 0.22819012486195228, -0.12282837430207766, -0.10365890187132683] - [0.038863254327114974, -0.1144809987102803, -0.046416421510480685, 0.12203424783855006]
A2: [0.035307395444868904, -0.029273523545045213, -0.07569739522433269, 0.06966335790870871] - [0.10289370497460229, 0.28289665518122775, -0.3926064404480612, 0.006815948153424794] - [-0.011187022917543928, 0.5390146682202211, -0.35945094254109405, -0.16837638335037397] - [0.0978629951245537, 0.01746351310240798, -0.16885082420450429, 0.053525083821724447]
B1: -7.41516976003527e-09 - 1.9197830099674526e-08 - 4.27805912459375e-09 - -5.31050245271988e-08
B2: -3.7607806982869546e-09 - -1.431492020229955e-08 - -6.1303704104149e-09 - -3.865034134583119e-09
