Number: 1174
Error: 3.0049098211686474e-07
A1: [-0.005613623787176808, -0.013393080389670582, 0.004634875737938535, 0.02106235411221326] - [0.06850427549713652, 0.1914984606118107, -0.14500109343892192, -0.10799363037563461] - [-0.1130873383368879, 0.4413060131655589, -0.07130610603879789, -0.25864896715352076] - [-0.01963216721481045, 0.019035476442157754, -0.026093752435577246, 0.042847621192650835]
A2: [0.1325344436323963, -0.22369499696006495, 0.023600790674870586, 0.07109376871222776] - [0.03202823856528421, 0.2031438887227322, -0.11550192985027485, -0.12206565300899175] - [-0.09635710569323896, 0.5538283025225452, -0.23690341029765877, -0.22735265307261046] - [-0.020190919038594313, -0.01865640224446179, 0.008746371714016129, 0.032796099596765896]
B1: 0.0007167171776024352 - 0.0006210302414084078 - -0.00027385303982587167 - 0.000632324308958031
B2: -0.00030039094773887196 - -0.00011299128840547301 - 0.0006941655621657067 - -0.00021044751493030412
