Number: 6621
Error: 1.1709520983396013e-15
A1: [0.0804316824502679, -0.18046781298461192, -0.019588859204983412, 0.1196249695041062] - [0.037415598503290945, 0.1335964046704898, -0.1347261677256459, -0.03628580659812362] - [-0.0017028506247481591, 0.22819008489548784, -0.1228284142108798, -0.10365894182798623] - [0.038863246107838006, -0.11448100690647861, -0.046416429724502856, 0.1220342396243924]
A2: [0.035307463602536886, -0.029273455198904483, -0.07569733042084072, 0.0696634292430462] - [0.10289375174228287, 0.2828967023458145, -0.3926063952149594, 0.006815997125977834] - [-0.011187076949685508, 0.5390146138658658, -0.35945099368385064, -0.16837644028574286] - [0.0978628319612498, 0.01746334919697981, -0.16885097952573203, 0.05352491255374354]
B1: 1.0843957869136106e-09 - 6.74075121912649e-09 - 3.6222209934775562e-09 - 1.6499443386336266e-09
B2: 2.7009510262676656e-09 - 1.0641098909729291e-08 - -2.038414393184376e-08 - 1.4663629832633396e-08
