Number: 8108
Error: 1.20031337883505e-15
A1: [0.08043161943025535, -0.18046787599750083, -0.019588922149663096, 0.11962490649128377] - [0.03741568340238335, 0.13359648950534056, -0.13472608299563396, -0.036285721746026144] - [-0.0017028396836952125, 0.2281900958363011, -0.12282840328584542, -0.10365893088984868] - [0.0388632089639661, -0.11448104394611829, -0.04641646684471201, 0.12203420250360401]
A2: [0.03530730031958493, -0.029273618933454888, -0.07569748566840166, 0.06966325834993821] - [0.10289374956972955, 0.28289670015483226, -0.39260639731619923, 0.00681599485098457] - [-0.011186997220481233, 0.5390146940705691, -0.3594509182182283, -0.1683763562725174] - [0.09786284808418666, 0.017463365393222456, -0.1688509641776604, 0.05352492947747791]
B1: -4.743245376862331e-08 - 2.9128562667434023e-09 - 3.6710850630607614e-08 - 7.2543890790715885e-09
B2: -4.379062273020223e-08 - 6.691887363235341e-08 - -1.4364800244219996e-08 - -8.337992915072176e-09
