Number: 9082
Error: 5.982674739991746e-05
A1: [0.02531137868884844, -0.17839752274953932, -0.05559942065974301, 0.09205332727086818] - [-0.0271293603077155, 0.0965648675149676, -0.1476999924313264, -0.056890381516713516] - [-0.024258509299319966, 0.2157672300994429, -0.13148324758821425, -0.08713063134855563] - [-0.0006663306480976961, -0.12897385017997917, -0.07690372655157987, 0.09359891152830518]
A2: [0.1515714162807121, -0.0109179426916055, -0.05603357705396584, 0.1712783181142832] - [0.10535794683254907, 0.24497783438824472, -0.40729776985130245, 0.041888226257213584] - [0.03155035828616284, 0.45838368430217324, -0.38582357541233886, -0.12718914819474225] - [0.12862638707697013, -0.05951851722676972, -0.21856453746661245, 0.08715350699954366]
B1: 0.012223423069194363 - 0.006358271723765034 - -0.010223527561974399 - -0.006104858135346231
B2: 0.003934133767461864 - 0.0022781932488897946 - -0.021551823201893288 - 0.0015780895345159356
