Number: 7320
Error: 6.735329768175339e-16
A1: [0.08043168447995572, -0.18046781095515466, -0.01958885717772063, 0.11962497153356232] - [0.03741558960276507, 0.13359639577670232, -0.13472617660843267, -0.03628581549371779] - [-0.0017028242636943473, 0.22819011125597863, -0.12282838788841785, -0.10365891547396393] - [0.038863235331362544, -0.11448101765271346, -0.046416440494115696, 0.12203422885461196]
A2: [0.03530749999975062, -0.029273418701022555, -0.07569729581480597, 0.0696634673366382] - [0.1028936882335945, 0.2828966382981299, -0.39260645663973937, 0.006815930623127014] - [-0.011187184479410445, 0.5390145056947622, -0.35945109546309684, -0.1683765535935514] - [0.09786283097535067, 0.017463348206592226, -0.16885098046422756, 0.05352491151884672]
B1: 3.104224574313748e-08 - -2.0847494545539666e-08 - -2.388606723771374e-08 - -2.8223421994822018e-09
B2: -4.162631857216841e-09 - -1.7235352327786697e-09 - -7.075287895124715e-09 - -2.4133821314364053e-09
