Number: 8630
Error: 6.96179123311848e-16
A1: [0.08043170704280728, -0.18046778839483107, -0.019588834641864394, 0.1196249940938539] - [0.03741558281127163, 0.13359638899041706, -0.13472618338617104, -0.03628582228132455] - [-0.0017027422674537344, 0.22819019325046516, -0.12282830601224078, -0.10365883349959407] - [0.03886323672836687, -0.11448101625954932, -0.04641643909798357, 0.12203423025080758]
A2: [0.03530746380871792, -0.029273454992126937, -0.0756973302247189, 0.06966342945868578] - [0.10289381323504468, 0.28289676436048666, -0.3926063357398295, 0.006816061517717574] - [-0.01118710534473321, 0.539014585301427, -0.3594510205604003, -0.16837647020657553] - [0.09786285416876711, 0.017463371505466986, -0.16885095838547046, 0.0535249358642105]
B1: 1.4330634372262114e-09 - 4.7955730660584633e-08 - 1.8043057159277812e-08 - 6.772026845004635e-10
B2: 1.702377270063209e-08 - 5.2184973710047935e-08 - -7.604545072613597e-09 - 2.595374190694306e-08
