Number: 6117
Error: 1.1448472928408393e-15
A1: [0.08043160693082836, -0.1804678884955113, -0.019588934634128162, 0.11962489399328695] - [0.037415549800516895, 0.13359635600456085, -0.13472621633138643, -0.03628585527392288] - [-0.001702857331193559, 0.22819007818919182, -0.12282842090750691, -0.10365894853265356] - [0.03886291305924019, -0.11448133902041863, -0.04641676256088349, 0.12203390678278073]
A2: [0.035307402215081996, -0.02927351675615286, -0.07569738878721197, 0.06966336499438736] - [0.10289351224798687, 0.2828964608188821, -0.39260662685064773, 0.006815746340357205] - [-0.011187230317255697, 0.5390144595835124, -0.3594511388494912, -0.16837660189460368] - [0.09786263407683639, 0.017463150412440905, -0.16885116789875984, 0.053524704839422795]
B1: 4.336840633461159e-08 - 2.1696205720503007e-08 - 4.908540937533409e-08 - 1.6813950482179436e-08
B2: 1.948679690807017e-07 - 2.403112844528636e-07 - -3.318920528510595e-07 - -1.7178958157505106e-08
