Number: 5038
Error: 9.46721305536359e-16
A1: [0.0662132062714424, -0.11395205566918155, -0.023983925709733084, 0.07172289269804394] - [0.03740262420032843, 0.18819338096990887, -0.1474089349112421, -0.07818699830886358] - [-0.06022938306449781, 0.3289507888514806, -0.12775312117141732, -0.1409683336351557] - [0.03904616582045947, -0.0533226797237324, -0.03741858392730214, 0.051695126830884695]
A2: [-0.009108512953821514, -0.3468031188134007, 0.2494551536673712, 0.10645674576623888] - [0.08003982727963345, 0.036282258602905314, -0.05025011060633589, -0.0660719578275106] - [-0.042452792264726445, 0.23083192110010736, -0.04053121640357551, -0.14784780889817137] - [0.06813480167503305, -0.2934678270044641, 0.14177126548876573, 0.08356188612480962]
B1: 8.618795456118484e-10 - -5.896827265166568e-09 - -5.658524957382406e-09 - -4.856717913399083e-09
B2: 9.905693429574583e-09 - -1.6328934769899797e-08 - -6.540397899983817e-08 - 2.164081346019319e-08
