Number: 3439
Error: 1.3169396464770624e-08
A1: [0.0664135449895931, -0.11375674653581995, -0.023784454791030665, 0.07192253607491021] - [0.037988911963204613, 0.1887535455159443, -0.14683242485502798, -0.07761038656074017] - [-0.06039897925136897, 0.3287876693284869, -0.12791935839241034, -0.14113418071770423] - [0.038656160769870634, -0.053692044493898666, -0.03779520608967572, 0.05132097430987433]
A2: [-0.009153642338538319, -0.3468505979382901, 0.2494099626329052, 0.10641076639477019] - [0.080047685790424, 0.036290663072017545, -0.05024178263894655, -0.06606350746584692] - [-0.04219828872729666, 0.231112265983086, -0.040258781106070805, -0.14756660685314504] - [0.06804156899475317, -0.2935706702431055, 0.1416708574972183, 0.08345810979535259]
B1: 5.14534754670116e-05 - 0.0002045062707631721 - -0.00015095736790176102 - -1.0337450930185532e-05
B2: 0.0002137373183561018 - -0.00012883156725468313 - -3.768307969263871e-05 - -0.00029441999213985766
