Number: 2149
Error: 0.0007992117378160003
A1: [-0.0245145289698116, -0.10695136092937726, -0.0486098066552455, -0.029190105106342623] - [0.054112795178084136, 0.18148417991131707, -0.16694601870781695, -0.11010675229960626] - [-0.09828699595783646, 0.43256677743749766, -0.0470509398410178, -0.20247210550593525] - [-0.0719794216613551, -0.059947400307308635, -0.1057945938264648, -0.08500632115776925]
A2: [0.21149622752386185, -0.09819647411240402, 0.19483839769215755, 0.1529474946286268] - [0.059906499529699335, 0.2277345122579407, -0.06673758312939836, -0.10462678388494992] - [-0.1781987637904815, 0.48755771042701335, -0.2988854562246059, -0.26037388802524053] - [0.14604347126961437, 0.21286198960828637, 0.1789409175931525, 0.20042628881548183]
B1: 0.061835624368775446 - 0.010327792426301635 - -0.02219432383176359 - 0.015602606075785095
B2: -0.0015267514465679716 - 0.015997904230757407 - -0.020305359042052478 - 0.009649449359582837
