Number: 7195
Error: 1.0561660502178945e-15
A1: [0.08043170360054698, -0.18046779183672898, -0.01958883807999427, 0.11962499065196867] - [0.03741560820730547, 0.13359641436716102, -0.13472615804096574, -0.036285796899484975] - [-0.0017028272611831212, 0.22819010825856015, -0.12282839088150933, -0.10365891847064894] - [0.03886325379922395, -0.11448099923668043, -0.04641642203802592, 0.12203424731099352]
A2: [0.03530737017957284, -0.029273548880261933, -0.07569741924622117, 0.06966333146579361] - [0.10289376192369092, 0.28289671261363725, -0.39260638536762676, 0.006816007787401335] - [-0.011187089964618478, 0.5390146007732899, -0.35945100600274343, -0.1683764540000674] - [0.09786278080849639, 0.017463297811548307, -0.16885102821983966, 0.05352485885999903]
B1: -1.1601870405617382e-08 - -2.8519901105753675e-09 - 2.017886501977146e-08 - 5.90155692133488e-09
B2: 5.268508350656802e-09 - 4.719473114275695e-09 - -1.1486089280235975e-08 - 8.111694214440974e-09
