Number: 103
Error: 0.0002876882973628474
A1: [-0.04639699045920329, -0.05041282035948837, -0.019403168480765533, -0.027646560602639828] - [0.09669315018134075, 0.22100149383347648, -0.1154745015640983, -0.07871587502430957] - [-0.13517379315432465, 0.38589078689441414, -0.09535300638666024, -0.31771499124388136] - [-0.03923658605308515, -0.05271938452738521, -0.04338010953912515, -0.020631431219786507]
A2: [0.2430050136156362, -0.08859801587097436, 0.08823557782449158, 0.07662077687284322] - [0.06023252178898804, 0.22905594974847124, -0.09551880223762083, -0.10429877391244723] - [-0.005580557699707479, 0.6614380809382738, -0.15715112360539152, -0.18185975992086956] - [0.13416404595617185, 0.13390873061737593, 0.13806510850444226, 0.1393935298478379]
B1: 0.009493711817506408 - 0.2977760092626224 - 0.009562827041123474 - -0.009992728726507444
B2: -0.0011928298739722273 - 0.28155261184608427 - -0.00198604850461348 - -0.001337326918637452
