Number: 7570
Error: 1.1681001602079293e-15
A1: [0.08043172083444101, -0.18046777460479393, -0.019588820866714676, 0.11962500788388976] - [0.03741561127985654, 0.1335964174373826, -0.13472615497453658, -0.03628579382863836] - [-0.001702767208828502, 0.2281901683096237, -0.12282833091709602, -0.10365885843432704] - [0.03886325568107703, -0.1144809973601142, -0.04641642015737512, 0.12203424919167327]
A2: [0.035307421776075675, -0.029273497141041417, -0.07569737018891548, 0.06966338546712002] - [0.10289372870604702, 0.28289667911408034, -0.3926064174953044, 0.006815973003691973] - [-0.011187116284971271, 0.5390145742959519, -0.35945103091554864, -0.16837648173471312] - [0.09786278964898197, 0.017463306692251157, -0.16885101980427483, 0.05352486813963956]
B1: 6.301170758412174e-09 - 6.24677955782136e-09 - 1.3546168192112e-08 - 1.0852406465135216e-08
B2: 3.3077259568947684e-09 - -4.48622426019925e-09 - 1.5736408917560564e-08 - -4.380314568489637e-09
