Number: 9880
Error: 1.1492396634988734e-15
A1: [0.053172632006911386, -0.14800118907905124, -0.026998965544301232, 0.12182790388818363] - [0.0053138431010975986, 0.13083681768201677, -0.11360062050681057, -0.022549639918165578] - [-0.014444404030344143, 0.22309169340236573, -0.127041107108007, -0.08160586042681608] - [0.02714653795240891, -0.10001996018168056, -0.049424430378670114, 0.1222981984582722]
A2: [0.08925438450303463, -0.0729134469295164, -0.12362749586790298, 0.10728630532567524] - [0.10884172486540045, 0.24981417717700863, -0.4048452933889325, 0.04618947608839992] - [0.03663594103718651, 0.4625551284778966, -0.3777174411778444, -0.12147325830946704] - [0.14342641147810756, -0.04460664496317523, -0.20149955668825184, 0.10267984044961784]
B1: -4.741490990104844e-08 - -1.1151670513880754e-08 - 1.524684822479458e-08 - -9.496209170679438e-09
B2: -1.1631970726522926e-08 - -1.7907070875477722e-08 - -1.7957318785558405e-08 - -2.209182811550572e-08
