Number: 4424
Error: 6.551320433719179e-16
A1: [0.06621312950345201, -0.1139521307217115, -0.023984002417498616, 0.07172281605888417] - [0.03740262183209635, 0.18819337870719785, -0.14740893723940687, -0.07818700063723082] - [-0.060229383744983385, 0.328950788197906, -0.12775312183733784, -0.1409683342976393] - [0.03904618471761369, -0.05332266178732445, -0.0374185656450247, 0.05169514496478566]
A2: [-0.0091085694585585, -0.3468031787559587, 0.2494550967055254, 0.10645668652415843] - [0.08003989274889643, 0.03628232913201525, -0.05025003905226635, -0.06607188566579265] - [-0.04245278751510627, 0.2308319263421089, -0.04053121131378773, -0.14784780364517405] - [0.06813469364392032, -0.29346794595128484, 0.1417711483729182, 0.08356176500214403]
B1: -1.4200114290801437e-08 - 4.973660422833517e-08 - 1.0299769507016282e-08 - -3.034548070375808e-08
B2: 1.3461524694150904e-09 - 1.540058582502313e-08 - 3.8645741660720565e-09 - -1.5462297981974933e-08
