Number: 4425
Error: 9.267272349296822e-16
A1: [0.06621313263738073, -0.11395212765781554, -0.02398399928602924, 0.07172281918755354] - [0.037402624308725145, 0.18819338107344863, -0.14740893480469092, -0.07818699820229945] - [-0.06022937763175734, 0.3289507940693238, -0.12775311585529484, -0.14096832834777046] - [0.03904617705009456, -0.053322669065046, -0.03741857306309427, 0.051695137606948646]
A2: [-0.009108569178005654, -0.34680317845833647, 0.2494550969883481, 0.10645668681830266] - [0.08003988246259297, 0.036282318050721594, -0.0502500502946081, -0.0660718970035956] - [-0.04245279245851801, 0.2308319208862566, -0.04053121661134064, -0.1478478091123972] - [0.06813471132345926, -0.2934679264853542, 0.14177116753923386, 0.08356178482415892]
B1: -1.3963241135333043e-08 - 4.2265827215425245e-08 - 5.487491028484515e-09 - -2.6816127579044704e-08
B2: 4.816272683483745e-10 - 1.828223965224906e-08 - 4.9721939452261765e-09 - -9.542068942108298e-09
