Number: 5521
Error: 2.4620460734964362e-12
A1: [0.06621668725142724, -0.1139486524540692, -0.023980447455003225, 0.07172636784043716] - [0.037402261959893754, 0.1881930348940351, -0.147409291015538, -0.07818735444735206] - [-0.06022281589647051, 0.32895709631073444, -0.1277466949024669, -0.14096194192879857] - [0.03905562765281176, -0.05331369886746712, -0.037409429909351595, 0.051704206517564334]
A2: [-0.00909868755813841, -0.3467926956674313, 0.24946505858246726, 0.10646704716686181] - [0.08004197311932813, 0.03628457027997283, -0.05024776532381788, -0.0660695926197997] - [-0.042446029301469755, 0.23083938507448398, -0.040523968946863644, -0.14784032933606034] - [0.06814206562368803, -0.2934598291364628, 0.14177914029679364, 0.08357003032890939]
B1: 1.4473496822649436e-06 - 9.477115418316751e-07 - -7.807655005393038e-09 - 2.6085608857213335e-07
B2: -1.3319778620376852e-06 - -5.649122264691669e-07 - -3.024799272668935e-07 - 1.2775244941005993e-07
