Number: 491
Error: 1.995538798745974e-13
A1: [-0.012152575551827924, -0.014516329645042635, 0.01808818783687647, 0.008583971772075026] - [0.06583602776695174, 0.18949602309977895, -0.1453217510456851, -0.1100076785584112] - [-0.0962908776998663, 0.4217882126476253, -0.05345494995550337, -0.2720331753685] - [-0.0013182598733662483, -0.01821612852075717, -0.003831661432800293, 0.023380488948052367]
A2: [0.16158645637997487, -0.16775503270714665, 0.008501074821315065, -0.0023333272313543576] - [0.03548656998845606, 0.20751755463540858, -0.11720958129907307, -0.12579120148838696] - [-0.08621345697462636, 0.5815382076842999, -0.23538864128516027, -0.25993548263438265] - [-0.0038361326230419734, -0.0045204357550826186, 0.0011091034967931233, 0.007242277870166161]
B1: 6.488139739730145e-07 - -1.2497539947361687e-06 - -8.538533385824646e-07 - -2.2736338661116883e-07
B2: -1.963960657509004e-06 - -2.7474505094743477e-07 - -2.4920132377067993e-07 - 1.3251269784922528e-07
