Number: 7219
Error: 1.3201842133992761e-15
A1: [0.08043171863889031, -0.18046777680008932, -0.01958882305963242, 0.11962500568859438] - [0.037415625468538945, 0.13359643161532983, -0.13472614081412548, -0.03628577964781317] - [-0.0017028499878858953, 0.22819008553234257, -0.12282841357493691, -0.10365894119128653] - [0.038863276441437396, -0.11448097665801031, -0.04641639941024058, 0.12203426993913437]
A2: [0.03530736645851671, -0.02927355261160989, -0.07569742278415517, 0.0696633275713059] - [0.10289375843869233, 0.2828967090990612, -0.39260638873827186, 0.006816004138099488] - [-0.011186953958648495, 0.5390147375904711, -0.35945087727009406, -0.16837631068587516] - [0.09786283679677873, 0.01746335405450023, -0.16885097492260376, 0.053524917629450636]
B1: -4.7965010256795484e-08 - 4.2368992149032884e-08 - 2.0576487420974205e-08 - -1.7219954249828235e-08
B2: 8.424613667890983e-09 - 6.257372318668463e-09 - -4.095118583353282e-08 - 1.4897972182425198e-08
