Number: 7797
Error: 1.099032139251461e-15
A1: [0.08043168190189402, -0.18046781353293082, -0.01958885975269593, 0.11962496895579812] - [0.037415561944169964, 0.13359636813903356, -0.13472620421190518, -0.03628584313698839] - [-0.0017028323969975152, 0.22819010312284588, -0.12282839600981145, -0.10365892360509368] - [0.03886322979997803, -0.11448102316858194, -0.04641644602196881, 0.12203422332666769]
A2: [0.03530747846986735, -0.029273440290438327, -0.07569731628511761, 0.0696634448032602] - [0.102893715772136, 0.28289666607041314, -0.39260643000481465, 0.0068159594600058085] - [-0.01118703770963824, 0.5390146533399411, -0.3594509565421888, -0.1683763989372478] - [0.09786285213357747, 0.01746336946106366, -0.16885096032291572, 0.05352493372804911]
B1: -9.97271648591391e-09 - 6.018426717633611e-09 - 1.8363349634831873e-08 - 5.073715856248417e-09
B2: 1.6747477737928302e-08 - -2.2978606183587768e-08 - 1.1695280355393324e-08 - 1.492787134293309e-08
