Number: 9877
Error: 8.892167691024673e-16
A1: [0.05317265638698602, -0.1480011646900186, -0.026998941191102865, 0.12182792828001121] - [0.005313856587373663, 0.1308368311824335, -0.11360060702258047, -0.022549626412874477] - [-0.014444417132325298, 0.22309168029558735, -0.12704112019961486, -0.0816058735334718] - [0.027146487491651154, -0.10002001064234606, -0.049424480945853624, 0.1222981478692993]
A2: [0.08925436538116874, -0.07291346600716438, -0.12362751455894266, 0.10728628596803304] - [0.10884170834289555, 0.2498141606515887, -0.4048453095841784, 0.04618945928789889] - [0.036635917184037185, 0.46255510474886147, -0.37771746445016785, -0.12147328241000963] - [0.14342640881577634, -0.044606647615590536, -0.20149955928778826, 0.10267983774778727]
B1: -2.3865589747329098e-08 - -3.6704006898935808e-09 - 1.0204310432198051e-08 - -5.585705566483485e-09
B2: 7.819033864805268e-09 - -1.6483022126013419e-09 - -1.6414114539764672e-08 - -3.504994309712639e-08
