Number: 4914
Error: 1.0359784278174475e-15
A1: [0.06621313562819482, -0.11395212473380809, -0.023983996297545614, 0.07172282217334912] - [0.037402563435498956, 0.18819332291321755, -0.14740899464773904, -0.07818705805064131] - [-0.06022942163567081, 0.32895075180599276, -0.12775315891489847, -0.14096837117564553] - [0.03904613802738244, -0.053322706103913466, -0.037418610816209265, 0.05169510016030353]
A2: [-0.009108553912419003, -0.34680316226398317, 0.24945511237738605, 0.1064567028234368] - [0.0800398965749421, 0.036282333253746295, -0.05025003487057991, -0.06607188144866728] - [-0.04245283660292456, 0.23083187216585313, -0.04053126391803668, -0.14784785793441615] - [0.06813469807388536, -0.2934679410735587, 0.14177115317537847, 0.08356176996912608]
B1: 5.746264967269571e-09 - 4.2210311852900214e-08 - -1.3249763423043154e-08 - -3.227528635348463e-08
B2: -6.8229687130140426e-09 - -2.3812478378418903e-08 - 1.1557916642509439e-08 - 3.848216171078981e-09
