Number: 5634
Error: 3.868245382585929e-06
A1: [0.06624743997376467, -0.11391776525384799, -0.023949225982203465, 0.07175613593117501] - [0.0376592663155912, 0.18843795867310267, -0.14715682972163716, -0.07793640006856797] - [-0.060126139277932554, 0.3290515109693944, -0.12764975354474994, -0.14086658496902973] - [0.03878701652412007, -0.053566376766775385, -0.037666594492943836, 0.051448788966993786]
A2: [-0.006522332211448376, -0.34405941940899776, 0.25205638114207535, 0.10916611478186682] - [0.07989635414183768, 0.03612869453708721, -0.05040910420469369, -0.0662312232478602] - [-0.04105592784589575, 0.23237459647417816, -0.039040828830056315, -0.14630657541981257] - [0.07109093098891162, -0.29021123677318805, 0.14496857603592966, 0.08687203990252566]
B1: -0.0006420786660809436 - -0.0007722679276180298 - -0.0008896403486662904 - -0.0013795973587207588
B2: 0.000816202107106061 - 0.0013234116000830588 - 0.0007683338844341314 - 0.001061212620117117
