Number: 3533
Error: 5.5286910135458177e-11
A1: [0.06621654060975612, -0.11394879661473852, -0.023980594912425286, 0.07172622206514541] - [0.03739387633438789, 0.18818502218763258, -0.14741753513614736, -0.078195598238123] - [-0.060227688522326864, 0.328952418713162, -0.1277514606385677, -0.14096668526123718] - [0.039052646139899956, -0.05331652977725143, -0.037412315184963275, 0.051701345729922174]
A2: [-0.009080080938401644, -0.34677295676286995, 0.24948381828934518, 0.10648655508892754] - [0.08000305742789934, 0.03624264763913642, -0.050290298105420767, -0.06611248645287104] - [-0.042497151753096554, 0.2307829637047104, -0.04057875336647285, -0.14789686991916198] - [0.06819222879453896, -0.29340459813059333, 0.14183352458186455, 0.0836262737963096]
B1: 1.0016467221008153e-05 - 1.78180053727818e-05 - -1.2649199808717656e-05 - 1.4492880057172013e-05
B2: 2.129307382230111e-06 - 6.3213416012757825e-06 - 2.7136297569843816e-06 - 8.401254348323883e-06
