Number: 7059
Error: 1.133402879068808e-15
A1: [0.08043169817129844, -0.18046779726536147, -0.019588843502748133, 0.1196249852233418] - [0.037415600328633156, 0.13359640649445162, -0.13472616590393832, -0.036285804773792125] - [-0.001702803042723588, 0.2281901324764939, -0.12282836669852373, -0.10365889425866084] - [0.03886323837504838, -0.11448101461756456, -0.04641643745236451, 0.12203423189640901]
A2: [0.035307413767304355, -0.029273505171973312, -0.0756973778035354, 0.06966337708506337] - [0.10289379601893582, 0.2828967469982507, -0.39260635239115405, 0.0068160434901028836] - [-0.011187097043240777, 0.5390145936524473, -0.3594510127028232, -0.16837646145905164] - [0.097862793912662, 0.017463310975320348, -0.16885101574551556, 0.0535248726151025]
B1: 1.8642432277821696e-08 - -1.4603624885116745e-08 - 4.1832274822321285e-10 - 9.63208444838967e-09
B2: 4.921054026671035e-09 - 2.5828099725588073e-09 - 8.88022665495265e-09 - 1.108856474922484e-10
