Number: 9873
Error: 1.0390260739160688e-15
A1: [0.0531726561776078, -0.1480011648994748, -0.026998941400252132, 0.12182792807053097] - [0.00531384654047423, 0.13083682112499814, -0.1136006170679585, -0.02254963647394104] - [-0.01444443210080497, 0.22309166532162714, -0.1270411351562433, -0.08160588850729192] - [0.027146456783007228, -0.1000200413509329, -0.04942451171926293, 0.12229811708262915]
A2: [0.08925447418735258, -0.07291335745259091, -0.1236274082042285, 0.10728639611580856] - [0.10884170926705154, 0.24981416157590774, -0.40484530867832713, 0.04618946022760391] - [0.03663583441437221, 0.46255502240986834, -0.37771754520438566, -0.1214733660381223] - [0.14342643010200662, -0.04460662640864281, -0.20149953850362692, 0.10267985934982056]
B1: 2.08383220689714e-08 - -2.106242874331431e-09 - -2.1368224758382507e-08 - -4.781998173513646e-09
B2: 2.0577971101059257e-08 - 1.1251267556276743e-08 - -1.0985986369515425e-08 - -3.5591316922503006e-08
