Number: 9588
Error: 8.99550478558638e-15
A1: [0.0531725038575241, -0.14800131727974694, -0.026999093554942375, 0.12182777567753843] - [0.005313453337132551, 0.13083642750463126, -0.11360101021584214, -0.02255003022998585] - [-0.014444449955454136, 0.22309164745831767, -0.12704115299848556, -0.08160590636741243] - [0.027146430156920753, -0.1000200679828079, -0.0494245384049364, 0.12229809038523005]
A2: [0.08925442428529803, -0.07291340723933493, -0.12362745698174726, 0.10728634559776677] - [0.10884130258544246, 0.24981375482135773, -0.40484570730728014, 0.0461890467023353] - [0.03663590974058678, 0.4625550973443217, -0.3777174717132565, -0.12147328993138207] - [0.14342645319928296, -0.044606603401870976, -0.20149951595465593, 0.10267988278897136]
B1: -2.2643403989501745e-07 - 1.5039163483511017e-07 - -1.2651348628413088e-07 - -2.405784041627835e-07
B2: 2.13364679128242e-08 - 5.528928748957912e-08 - -1.4983073480427356e-07 - -1.247613065280402e-07
