Number: 2306
Error: 7.797712713975112e-05
A1: [0.05696054048630228, -0.05293452111439168, -0.03362571117423122, 0.003333469795547728] - [-0.002570292104672958, 0.14634843283459403, -0.19156781957369226, -0.14238380986184937] - [-0.11454878068567739, 0.4306484594356537, -0.09124309083214517, -0.1718311016971269] - [0.05118517718777192, 0.04013648981279439, -0.01139177193216172, -0.0033334504498412354]
A2: [0.12419564343906556, -0.11638008840985639, 0.150158015756161, 0.08452257883550734] - [0.061279545994031584, 0.23044856340068898, -0.07008814015773508, -0.09724271555476198] - [-0.11861418987739925, 0.48658365045841057, -0.25262009898915366, -0.22398727381480973] - [0.03513007245960405, 0.07838350355213262, 0.011880283343569097, 0.1173635584150507]
B1: -0.0016661991788994208 - 0.019837449962900575 - 0.03172395356818683 - -0.0068944980354969845
B2: 0.021308829754932732 - 0.0038610939507623798 - 0.005709941613822534 - 9.763159940562685e-05
