Number: 2997
Error: 9.743460492493653e-09
A1: [0.06345550462386983, -0.047849418611809684, -0.0234217983755993, 0.007874720758507755] - [0.043811681505302354, 0.1914160699327407, -0.14240892302426145, -0.0923451305599291] - [-0.12374889782467333, 0.41456396741581797, -0.10515958451592952, -0.18737024952459133] - [0.037046643940397334, 0.019214238425570147, -0.033089591979525, -0.023009665344274087]
A2: [0.06418221815426296, -0.17295062980684478, 0.08706502104539618, 0.024688364280656957] - [0.028926629602632526, 0.19994079556681607, -0.10207255420934393, -0.1282293464164635] - [-0.09284205481822191, 0.5142381481378033, -0.22503618312461468, -0.19454633747810518] - [-0.02525180306653072, 0.0191871780338844, -0.04961630004811967, 0.05763505075600967]
B1: 5.582621494473142e-06 - -0.00011869149324726525 - 0.00012178675013816667 - 0.0001057077741102232
B2: 9.11927777375672e-05 - -3.9736940977466736e-05 - -8.878702975262823e-05 - 4.462837934940793e-06
