Number: 9520
Error: 7.487733941767621e-13
A1: [0.053174172006351814, -0.14799964853599964, -0.026997427257812616, 0.12182944463233142] - [0.005314404159698474, 0.130837379296209, -0.11360005956547131, -0.022549078088174832] - [-0.014445027079824523, 0.22309107010673365, -0.1270417296827237, -0.08160648371366569] - [0.027145165418409355, -0.10002133270095317, -0.049425805792271266, 0.12229682244793554]
A2: [0.08925014361921647, -0.07291767801612058, -0.12363164120221205, 0.10728201216741427] - [0.10884051085903436, 0.24981296295849134, -0.40484648335745227, 0.04618824165660553] - [0.03663578699214706, 0.46255497524292155, -0.3777175914734673, -0.12147341394880805] - [0.1434271762913867, -0.04460588299590218, -0.20149880991177888, 0.10268061662038953]
B1: 8.882226055923495e-07 - -1.5070816316891294e-07 - -4.5739266179513806e-07 - -6.37080674168855e-07
B2: -9.569963359422639e-07 - -8.437433189586243e-07 - -1.405989415077013e-06 - 3.5470932916586666e-08
