Number: 9133
Error: 4.2210487590932205e-06
A1: [0.05584882694759624, -0.14552124190949922, -0.02443305482327014, 0.12427919895139604] - [0.008864804954149241, 0.13435883373092805, -0.11016788863208156, -0.018992062460772185] - [-0.016584870419732615, 0.2211053577630392, -0.12912278186016468, -0.08346734502859504] - [0.028647599912131852, -0.09855192813973467, -0.04789349646902914, 0.12379548332930995]
A2: [0.0976374694711824, -0.0643412542440366, -0.11500748880072352, 0.11593758981108158] - [0.11908262654099536, 0.26008254723896285, -0.39479511252681754, 0.0565851577705831] - [0.03875047123446644, 0.46476689839304286, -0.37553568821424654, -0.11938140988396896] - [0.15813152924857127, -0.029935797010492995, -0.1872514685398882, 0.11755854385915021]
B1: -0.001644031966264717 - 0.0009845923928576612 - 0.003717670171597828 - 0.0011526306788326997
B2: 0.0019934466841367697 - 0.0029443953607621713 - 0.003963606407579781 - 0.002694482410965391
