Number: 340
Error: 1.1159908879752596e-09
A1: [-0.012404169841813242, -0.014774740865952464, 0.017810110567487634, 0.00831513809845196] - [0.06580603486682976, 0.1894671703462139, -0.14535276356699725, -0.11004107362567188] - [-0.0962614802904413, 0.421816634245338, -0.05342304377014417, -0.27199893454734037] - [-0.0012471512417951693, -0.018147737970045, -0.003755962797632172, 0.02346266676654306]
A2: [0.16157086768868142, -0.1677703352358021, 0.008485800840432276, -0.002348526663885448] - [0.035467105168802984, 0.20749839696310154, -0.11722897295990259, -0.12581024935792043] - [-0.08620556625285018, 0.5815459400768705, -0.2353809561952527, -0.25992778489383156] - [-0.003844111518476183, -0.004528266818275613, 0.0011012351711267628, 0.007234669319869213]
B1: 1.7758086486864503e-05 - -0.00014493326972071823 - 2.623282578569843e-05 - 1.4225078056959366e-05
B2: -4.172285683286367e-05 - -5.947996724811482e-05 - 3.270485653233877e-05 - 3.936104314485648e-05
