Number: 6648
Error: 9.220000743168723e-16
A1: [0.08043167504706232, -0.18046782038697914, -0.019588866599336962, 0.11962496210174614] - [0.03741561516054536, 0.1335964213151372, -0.13472615110158126, -0.036285789950096264] - [-0.0017029158966117037, 0.22819001962501578, -0.12282847938717552, -0.10365900708243025] - [0.03886328072573306, -0.11448097238573433, -0.04641639512866639, 0.12203427422077204]
A2: [0.03530743473242011, -0.029273484148872625, -0.07569735787017146, 0.06966339902732924] - [0.1028937503621151, 0.28289670095393304, -0.3926063965498394, 0.006815995680740114] - [-0.011187126731139299, 0.5390145637874849, -0.359451040803065, -0.16837649274221525] - [0.09786279193053651, 0.017463308984179506, -0.1688510176323699, 0.053524870534514865]
B1: -1.257322466624626e-09 - 1.7214077828349016e-09 - -9.10358757040311e-09 - -3.960758927383095e-09
B2: -3.0133914786273985e-09 - 2.2543517160746112e-08 - -7.016289993349668e-08 - 3.6367777329377566e-08
