Number: 8119
Error: 9.528770195035008e-16
A1: [0.0804317257664259, -0.18046776967337982, -0.01958881594064943, 0.1196250128153023] - [0.037415526523095544, 0.133596332744797, -0.13472623956232166, -0.03628587853840165] - [-0.0017028066250954462, 0.22819012889419402, -0.12282837027565152, -0.10365889784007344] - [0.03886324181992189, -0.11448101118236954, -0.04641643400969561, 0.12203423533913725]
A2: [0.03530755890332436, -0.02927335963450269, -0.07569723980983929, 0.0696635289854273] - [0.10289374664237326, 0.282896697202631, -0.3926064001475024, 0.006815991785618023] - [-0.011187189984074442, 0.5390145001572411, -0.35945110067349256, -0.16837655939389085] - [0.09786276665277421, 0.0174632835914114, -0.16885104169521953, 0.05352484400114203]
B1: 3.771425452791125e-08 - -1.094934444671734e-09 - -3.1159163169954e-08 - -6.46898658039999e-09
B2: 2.943787849758029e-08 - -4.3335470573195224e-08 - 3.950729086529496e-09 - 1.2304998348051432e-08
