Number: 5474
Error: 1.1081683259501955e-13
A1: [0.06621304850634963, -0.11395220991074687, -0.023984083353113434, 0.07172273519573799] - [0.03740328700672944, 0.1881940142360812, -0.1474082833222123, -0.07818634666207387] - [-0.060229320839007214, 0.3289508486126361, -0.12775306028428876, -0.1409682730749081] - [0.039045093197271945, -0.05332369782183561, -0.037419621658836444, 0.05169409752538055]
A2: [-0.009110335776780765, -0.346805052536607, 0.2494533160955263, 0.10645483464116647] - [0.08004069021427415, 0.036283188228695085, -0.050249167468469844, -0.06607100668215973] - [-0.04245132482810359, 0.23083354064617326, -0.04052964384579987, -0.14784618597634078] - [0.06813656058185112, -0.2934658903811557, 0.14177317230517633, 0.08356385817310587]
B1: 6.768745204307628e-07 - 5.576025613149824e-07 - -3.369936401575684e-07 - -3.3950122561334565e-07
B2: 1.21342270815245e-07 - 1.281618670452938e-07 - 2.2112080958276024e-07 - -2.690664100223686e-07
