Number: 4306
Error: 1.3099425582127116e-15
A1: [0.06621313626624026, -0.1139521241100379, -0.023983995660007806, 0.07172282281033031] - [0.03740256020637272, 0.18819331982800133, -0.14740899782222255, -0.07818706122539036] - [-0.06022932760759456, 0.3289508421147834, -0.12775306690459254, -0.14096827966037065] - [0.03904620061878885, -0.053322646694550065, -0.03741855026118047, 0.05169516022366641]
A2: [-0.009108526927056692, -0.34680313363668, 0.24945513958114457, 0.10645673111618599] - [0.08003989222204388, 0.036282328564431546, -0.05025003962809739, -0.06607188624653387] - [-0.042452759680041106, 0.23083195706258036, -0.04053118148466241, -0.14784777286074094] - [0.06813476348025421, -0.2934678690584884, 0.1417712240822293, 0.08356184330149388]
B1: -5.270933401804137e-09 - 3.475569977971329e-08 - 2.0590056483348352e-08 - -4.505107981636317e-09
B2: 5.434814993169228e-08 - 2.124077924417327e-08 - 3.332365026147176e-08 - -6.240910519669821e-08
