Number: 7598
Error: 1.2234863057660993e-15
A1: [0.08043171046405438, -0.18046778497400595, -0.019588831224701772, 0.11962499751468733] - [0.03741561458095143, 0.13359642073597924, -0.13472615168001917, -0.036285790529372114] - [-0.0017027908434159896, 0.22819014467554033, -0.12282835451707941, -0.10365888206260726] - [0.03886325730708109, -0.1144809957386731, -0.04641641853240729, 0.12203425081666665]
A2: [0.035307437046691155, -0.029273481828190433, -0.07569735566979659, 0.06966340144946256] - [0.10289373393463261, 0.2828966843870408, -0.39260641243828287, 0.0068159784787823014] - [-0.011187112293913266, 0.5390145783108141, -0.3594510271379216, -0.16837647752920037] - [0.09786279629548715, 0.01746331336898838, -0.16885101347722692, 0.053524875116300365]
B1: 3.0592377268679603e-09 - 7.321224113959535e-09 - 1.1175430893070361e-08 - 8.359146187850215e-09
B2: 8.15166145047517e-09 - 1.0609860787271825e-08 - 8.92757438842621e-09 - 8.114406363285064e-09
