Number: 6333
Error: 1.0298326913232159e-15
A1: [0.08043170734719944, -0.18046778809049813, -0.019588834337819935, 0.1196249943981954] - [0.03741562354665918, 0.1335964296949052, -0.1347261427321761, -0.03628578156862631] - [-0.0017027582287513735, 0.22819017728951377, -0.12282832195016678, -0.10365884945664824] - [0.03886329399090996, -0.11448095915778611, -0.046416381871944086, 0.12203428747770442]
A2: [0.035307430724986474, -0.029273488167393336, -0.07569736168038063, 0.06966339483310885] - [0.10289381286631895, 0.28289676398862085, -0.3926063360966053, 0.006816061131797368] - [-0.011187055452371175, 0.5390146354914042, -0.3594509733361888, -0.16837641763325928] - [0.09786283990518906, 0.017463357177053135, -0.16885097196362248, 0.0535249208923017]
B1: -1.1187521606629663e-08 - 6.606314059588609e-09 - 1.2860422966457219e-08 - -5.05077214393853e-09
B2: -1.6237930219097146e-08 - -1.6851687876781648e-08 - 2.3567658222834483e-08 - 8.092918612391515e-09
