Number: 5306
Error: 8.74134794366645e-16
A1: [0.06621322083031811, -0.11395204143563988, -0.023983911162297963, 0.07172290723245789] - [0.037402621031063246, 0.18819337794196986, -0.14740893802681465, -0.0781870014247191] - [-0.060229424416614864, 0.3289507491346545, -0.12775316163635692, -0.14096837388239014] - [0.03904615998361622, -0.05332268526376899, -0.03741858957423592, 0.051695121229763524]
A2: [-0.009108514428928191, -0.3468031203782046, 0.2494551521800321, 0.10645674421969346] - [0.08003984556487057, 0.036282278301332224, -0.05025009062155987, -0.06607193767312462] - [-0.04245279576747513, 0.23083191723420318, -0.040531220157329025, -0.14784781277207948] - [0.06813482541954544, -0.2934678008609047, 0.1417712912298335, 0.08356191274664751]
B1: -6.352341612669988e-08 - 2.9077620279258294e-08 - 3.5345953256195973e-08 - 2.6270130665803784e-08
B2: -7.180111975767305e-09 - -1.4377062156405345e-08 - 3.338756431929831e-08 - -1.749690262629561e-08
