Number: 6396
Error: 1.0386616114398537e-15
A1: [0.08043169570222397, -0.1804677997341565, -0.019588845968872733, 0.11962498275454889] - [0.037415583833343584, 0.13359639001164525, -0.1347261823663629, -0.03628582125994436] - [-0.0017028031516264142, 0.22819013236759753, -0.12282836680726615, -0.10365889436753414] - [0.038863228418703294, -0.1144810245459712, -0.0464164474023659, 0.12203422194625185]
A2: [0.03530742467732622, -0.02927349423177831, -0.07569736743041974, 0.06966338850357603] - [0.10289375818888126, 0.2828967088471265, -0.39260638897989564, 0.006816003876511222] - [-0.011187065406742866, 0.5390146254776581, -0.35945098275821247, -0.16837642812253226] - [0.09786281562127223, 0.017463332782676737, -0.1688509950803297, 0.053524895402082544]
B1: -7.581667631420551e-09 - 9.039278707068718e-09 - 7.430954419498091e-09 - 4.381894996906087e-09
B2: 2.909405774541473e-09 - 9.811715786087592e-09 - -4.7008122271505094e-09 - -7.24700780659598e-10
