Number: 8622
Error: 7.060860062553015e-16
A1: [0.08043172875261376, -0.18046776668748438, -0.019588812958016573, 0.11962501580118066] - [0.03741564562940849, 0.13359645176100846, -0.13472612069319934, -0.03628575949798421] - [-0.0017027642646944073, 0.22819017125369345, -0.12282832797727433, -0.10365885549096529] - [0.038863275594850755, -0.11448097750213904, -0.04641640025626654, 0.12203426909313565]
A2: [0.0353074035275404, -0.029273515440024146, -0.07569738753946015, 0.06966336636806844] - [0.10289378231829219, 0.2828967331813505, -0.39260636564214774, 0.0068160291434211494] - [-0.011187111374115514, 0.5390145792360839, -0.35945102626735853, -0.16837647655992755] - [0.09786277957339624, 0.017463296570805163, -0.16885102939562047, 0.053524857563566404]
B1: -3.212998344764839e-10 - 3.25416616007006e-08 - 3.133074847254053e-09 - 9.451103823254209e-09
B2: 6.920694269318944e-09 - 1.3599325304834126e-08 - 2.6433704316283703e-08 - 6.293014752437844e-09
