Number: 7500
Error: 9.700725380469426e-16
A1: [0.08043170553112107, -0.18046778990638013, -0.019588836151735574, 0.11962499258231851] - [0.037415613065109266, 0.13359641922128454, -0.13472615319284129, -0.03628579204437437] - [-0.001702801656656408, 0.2281901338625316, -0.12282836531448516, -0.10365889287295992] - [0.03886324863260883, -0.11448100438880157, -0.04641642720135181, 0.12203424214758615]
A2: [0.035307424177600404, -0.029273494732874047, -0.07569736790557588, 0.06966338798057538] - [0.10289372090956064, 0.2828966712514243, -0.3926064250359658, 0.006815964839634618] - [-0.011187083852212405, 0.539014606922156, -0.359451000217215, -0.1683764475592069] - [0.09786278883569706, 0.017463305875266517, -0.16885102057846937, 0.05352486728595512]
B1: -2.066727860942203e-09 - 1.591237852315398e-08 - 2.473434700046018e-09 - 1.1033622906105918e-08
B2: 9.237081980478068e-09 - 3.941782871485753e-09 - 1.3594570317472631e-08 - 9.350389563776564e-09
