Number: 3495
Error: 5.242896791302419e-10
A1: [0.06623870036017591, -0.11392713256275902, -0.02395845806737199, 0.07174834551698614] - [0.03740383644300753, 0.18819453687586837, -0.1474077372532671, -0.07818580823380453] - [-0.06022556816610066, 0.32895445668941675, -0.12774938319682272, -0.14096462563887827] - [0.039001310500109306, -0.05336525983277126, -0.037461973712397255, 0.051652086440173973]
A2: [-0.009096553102048353, -0.34679043132493464, 0.24946721902242194, 0.10646929297403436] - [0.08000466441841675, 0.03624437725062586, -0.05028854392061247, -0.06611071226691338] - [-0.042404495802648864, 0.23088520978191313, -0.04047946389053586, -0.1477944057109249] - [0.06812885433616206, -0.29347437304517127, 0.14176483088105038, 0.08355522485783728]
B1: -8.18234942448264e-08 - 1.4062895639170877e-05 - 3.342558477774543e-05 - -1.3758527123424235e-05
B2: 1.4145509156369675e-05 - -3.074910303485573e-05 - -1.0266383860959217e-05 - -2.01183566548531e-05
