Number: 1053
Error: 7.7020370768117e-05
A1: [-0.008033351634808367, -0.017216548615633084, 0.0047058755493751235, 0.016340986143191856] - [0.07766217719031167, 0.20021556260871198, -0.13582646707496435, -0.09787906190006858] - [-0.0764774353380168, 0.4717603189465895, -0.04373690317329566, -0.22671594068721254] - [-0.02321526634986888, 0.015129471607099, -0.01628425828815146, 0.039982503129475926]
A2: [0.15207907997432538, -0.20193751487180606, 0.03732869833260499, 0.08994223698038115] - [0.025534039752504276, 0.19688474634384018, -0.12148382211142764, -0.1290153750726028] - [-0.10252125508354187, 0.5517919304664954, -0.23251368777333795, -0.24330262466550376] - [-0.006120397800606242, -0.0053987203949942535, 0.0231283429285761, 0.04483849168599209]
B1: -0.010305421545481062 - 0.007671247372873245 - 0.0037590118112998715 - -0.005132960322199477
B2: 0.0015339267049188422 - 0.001324554489876314 - 0.0208158898749789 - -0.005526172075320768
