Number: 552
Error: 1.787663880545683e-13
A1: [-0.012153308452899837, -0.014517082401240411, 0.01808737777586605, 0.00858318858840877] - [0.06583574035169212, 0.1894957466199606, -0.14532204820593034, -0.11000799856457186] - [-0.09629312115990392, 0.42178604436810635, -0.05345738438648819, -0.27203578912520415] - [-0.001319142690110032, -0.01821697756220468, -0.003832601180659653, 0.023379468537492988]
A2: [0.16158716861787, -0.16775433388979602, 0.008501772674891798, -0.002332632936424743] - [0.03548572412592952, 0.2075167223638406, -0.11721042361890052, -0.12579202896396677] - [-0.08621360053946119, 0.581538067066762, -0.2353887809829476, -0.25993562264026704] - [-0.0038349790804822937, -0.004519301390262885, 0.0011102452227741485, 0.007243381494893261]
B1: 6.7606419981694974e-09 - 1.610630874352031e-07 - 1.3796521167407475e-07 - -8.845590336901215e-08
B2: -3.9588530390321573e-07 - 3.109968408082571e-08 - -1.1631333169745682e-06 - 1.8025127143842705e-07
