Number: 2495
Error: 1.5543595122520197e-07
A1: [0.05951799925278556, -0.05178572426747133, -0.027334299058086188, 0.003954446285541965] - [0.04220100683706417, 0.18985873153351956, -0.14407657394103965, -0.09412413979640674] - [-0.12730965413483794, 0.41099100105397446, -0.10875063852425063, -0.1909569824869046] - [0.03368492663530505, 0.015834826719906478, -0.03645509207255964, -0.026365973365044135]
A2: [0.06600205437666967, -0.17112386021273493, 0.088875510116569, 0.0264935210935027] - [0.02902928452275764, 0.20004590018722052, -0.10196866377251035, -0.12812650889803326] - [-0.09337694466247451, 0.5137382623391329, -0.22557288894057884, -0.19505794590255554] - [-0.02570078011053791, 0.018764743178025147, -0.05006342505611218, 0.05720579197191614]
B1: -0.00020145194688203286 - -0.00022182153324334694 - -0.0006884283069434306 - -0.00022914300880749945
B2: -4.4524397684078616e-05 - 7.772372338562981e-05 - -0.00029498392815700445 - -7.981885074820208e-05
