Number: 3181
Error: 0.0002886022616757298
A1: [0.04914222008474445, -0.06338469808261751, -0.038070698165064365, -0.006267206666939189] - [0.04891937469998965, 0.19600288057566534, -0.13735343007343773, -0.0869756417152552] - [-0.08346439682996543, 0.45403674848951325, -0.06490049741174249, -0.14631206925389922] - [0.15264025404255657, 0.13393214465148406, 0.08219203312444127, 0.0937930802818917]
A2: [0.06606762676124336, -0.17062179651964818, 0.08922006391080707, 0.026397857775715114] - [0.04945959856446643, 0.22078096160829735, -0.08160381954196919, -0.10852743742165784] - [-0.04461349992687145, 0.5639060607233596, -0.1764883677625733, -0.14712930245023195] - [0.04034529383259327, 0.08795720701074314, 0.016574464213317583, 0.1232461883720727]
B1: -0.005241707202710144 - 0.0075466279802544126 - 0.018585291484694937 - 0.02731353207531708
B2: 0.014232229354506708 - -0.023366375185935387 - 0.0038315457663123014 - 0.005762655779901302
