Number: 4850
Error: 9.748939303687428e-16
A1: [0.06621304912941806, -0.11395220929965116, -0.02398408272844918, 0.07172273581972846] - [0.037402531372339, 0.1881932922790324, -0.1474090261682901, -0.07818708957397932] - [-0.06022940044777032, 0.32895077215583474, -0.1277531381816504, -0.14096835055389434] - [0.03904616258654776, -0.05332268279326093, -0.03741858705602434, 0.051695123727566565]
A2: [-0.009108524371977322, -0.346803130926251, 0.2494551421568127, 0.10645673379493914] - [0.08003986820210617, 0.03628230268809014, -0.050250065880463234, -0.06607191272185] - [-0.04245279210063833, 0.23083192128121696, -0.04053121622772275, -0.1478478087166798] - [0.06813487174758887, -0.2934677498516812, 0.14177134145404618, 0.08356196468891508]
B1: -1.1819127165702652e-08 - 4.005797473240812e-08 - 1.5040628437191473e-08 - 4.605275976052417e-08
B2: 2.8967462369227742e-08 - 1.8441113293114473e-08 - -4.889811096116266e-08 - 3.005644517378341e-08
