Number: 5245
Error: 1.3887858239795043e-15
A1: [0.06621319859990107, -0.11395206316929064, -0.023983933375275216, 0.0717228850393483] - [0.03740258472014049, 0.18819334324930057, -0.14740897372326145, -0.07818703712432443] - [-0.06022947534963311, 0.3289507002163428, -0.12775321147637203, -0.14096842345434435] - [0.03904618445835447, -0.053322662033230106, -0.03741856589572159, 0.05169514471602664]
A2: [-0.009108774679533905, -0.34680339646265695, 0.2494548898238922, 0.10645647136178404] - [0.08003999593459885, 0.036282440292396426, -0.05024992627628889, -0.06607177193233166] - [-0.042452927059173196, 0.23083177233307792, -0.0405313608543665, -0.1478479579751845] - [0.0681346336207266, -0.29346801203895334, 0.14177108330204846, 0.08356169770572218]
B1: -8.059389740995502e-08 - -7.336828342964565e-08 - 6.768354068062456e-08 - 6.053860516552311e-08
B2: -9.13732036965592e-09 - -1.9436103562238063e-08 - 5.474345602186542e-09 - -6.191236516370327e-09
