Number: 1935
Error: 9.015735807084866e-06
A1: [-0.00866941068239596, -0.01634902538069944, 0.0014638014754289976, 0.01789826787125265] - [0.07700094749301674, 0.19966184879721677, -0.1362100218425283, -0.09861151304786586] - [-0.11004880728841102, 0.44416264490215396, -0.06838126421552904, -0.2554787451498565] - [-0.018710796162863086, 0.019873035417332128, -0.025432526392821127, 0.04374562129158605]
A2: [0.1331400715480424, -0.2232684849665369, 0.023970658515661138, 0.07150638874917198] - [0.032118855212605824, 0.2032723368512981, -0.1154047192952276, -0.12196119937582442] - [-0.09800543796251764, 0.5520842408650216, -0.23856356249179125, -0.22892209697756435] - [-0.02323563357534759, -0.021853156572625137, 0.0055898579069216464, 0.029749409657905613]
B1: -0.0006757735351457729 - 0.002046893355463149 - 0.0012262708071301394 - 0.0006485661071037676
B2: -0.0025370011409884337 - -0.003911839834277836 - -0.000557005455845176 - -0.00044824240137390824
