Number: 6968
Error: 8.826795746475139e-16
A1: [0.08043168346595549, -0.18046781196903844, -0.019588858190507118, 0.11962497051967871] - [0.037415587720289786, 0.13359639389565026, -0.13472617848716, -0.03628581737515156] - [-0.0017028214195629414, 0.2281901141000474, -0.12282838504845496, -0.10365891263059529] - [0.03886322895308714, -0.11448102401308566, -0.046416446868324246, 0.1220342224803026]
A2: [0.03530745070613317, -0.02927346813097716, -0.07569734268256456, 0.06966341574555102] - [0.10289380682959476, 0.282896757900661, -0.3926063419352282, 0.00681605481044503] - [-0.011187164650161703, 0.5390145256422809, -0.3594510766942476, -0.1683765326988227] - [0.09786281266300544, 0.01746332981095235, -0.1688509978964008, 0.05352489229685718]
B1: 1.8886277019183635e-08 - 6.629976613462814e-09 - -1.2005127076480252e-08 - 7.773275014058268e-09
B2: 4.097558765662645e-09 - 5.484915982969465e-09 - 9.20816313416102e-09 - 3.032181734274176e-09
