Number: 563
Error: 3.2123012475046774e-14
A1: [-0.012153636571064164, -0.014517419412869924, 0.01808701510501896, 0.008582837955482987] - [0.06583546930237567, 0.1894954858819507, -0.14532232844729828, -0.11000830035089611] - [-0.09629379847703569, 0.4217853897525574, -0.05345811935744067, -0.27203657823374133] - [-0.0013220691308401397, -0.018219791970552675, -0.0038357162840575816, 0.023376086055914166]
A2: [0.16158630506077687, -0.16775518118422633, 0.008500926528439616, -0.002333474787701641] - [0.035485750964063416, 0.20751674877066434, -0.11721039689314859, -0.12579200270956223] - [-0.08621345090272906, 0.5815382136353656, -0.23538863538092025, -0.2599354767228632] - [-0.0038347483525622336, -0.004519074498237429, 0.001110473587876207, 0.007243602239754104]
B1: 2.566232876870176e-07 - -1.7338811234373902e-07 - -5.2732715029591796e-08 - 4.813578677876455e-08
B2: -6.571807910994123e-08 - 3.4959124112274074e-07 - 1.4254453477023473e-07 - 2.227469148975374e-07
