Number: 9870
Error: 9.201749630242233e-16
A1: [0.0531726271791669, -0.14800119390857244, -0.026998970366728735, 0.12182789905810892] - [0.00531381932333075, 0.13083679387931454, -0.1136006442809771, -0.022549663729461596] - [-0.014444437139574004, 0.22309166028101327, -0.1270411401910228, -0.08160589354785863] - [0.027146471790458867, -0.10002002634350711, -0.049424496680156714, 0.12229813212821476]
A2: [0.08925456345768654, -0.07291326838869146, -0.12362732094521009, 0.10728648648685503] - [0.10884170796177586, 0.2498141602704018, -0.40484530995774937, 0.04618945890036661] - [0.036635757794371275, 0.46255494618854104, -0.37771761995868364, -0.12147344345278908] - [0.1434264361851303, -0.04460662034817632, -0.20149953256398312, 0.1026798655231937]
B1: 3.9310096756245524e-08 - -9.216773172757916e-09 - -4.771937838905103e-08 - -9.706743121243253e-09
B2: 1.5045685602097952e-08 - 8.998977188167273e-09 - -5.7785209280321785e-09 - -2.300274928723345e-08
