Number: 1340
Error: 2.927130954557862e-09
A1: [-0.00733152259320807, -0.015139058354795357, 0.0028476884003694803, 0.019306820319579986] - [0.06672499287657167, 0.18978650809090478, -0.14684039292608614, -0.10997551494152494] - [-0.1129317985449528, 0.44144596253842816, -0.07115018242066636, -0.2584750035200001] - [-0.02339211530567151, 0.015321849726041201, -0.02995760382374623, 0.03888756681457214]
A2: [0.13163129956735553, -0.22458417552064522, 0.022711269381363083, 0.07020470450722477] - [0.03278325250347827, 0.20388400863886713, -0.11475195365155151, -0.12132345911558398] - [-0.09426923777866235, 0.5558882152053801, -0.23485470069523345, -0.2252876122358872] - [-0.020987905547027137, -0.019434324708239352, 0.007959015393777916, 0.032027335524640016]
B1: -5.682640580144319e-05 - 1.5212605742270944e-05 - 3.8184464870248055e-05 - -4.356102008290658e-05
B2: -1.2308488401677951e-05 - -5.542188718782006e-05 - 0.00011927684972949814 - -5.271992851817031e-06
