Number: 2239
Error: 0.0004663310654906862
A1: [0.06675457881679522, -0.03959625616179559, -0.01686601564669076, 0.012838513774730685] - [0.04084968729830591, 0.1778905954095047, -0.1653485395207266, -0.1152833775718467] - [-0.11557695069908096, 0.4296427894071849, -0.08486234543560559, -0.1751871763918602] - [0.032297514545273555, 0.027924551177370204, -0.018872477247830213, -0.02448054193420359]
A2: [-0.03695785045586343, -0.29110126740449643, -0.01783309037990719, -0.07881925248564925] - [0.11903690827606588, 0.2881245333818707, -0.009343286715797972, -0.04191530181476411] - [-0.050283212318578484, 0.5715357324802107, -0.17482677870689728, -0.15688218831681575] - [0.02265833033231771, 0.0826193199242499, 0.0023790639020952846, 0.11429083000888494]
B1: -0.04728472711059915 - -0.02174045505627875 - -0.02001274086255677 - 0.019339392419299342
B2: 0.0006162411825812973 - 0.0008377145111375973 - 0.00167832904877783 - 0.0014031384834112485
