Number: 8536
Error: 1.1625842875967046e-15
A1: [0.0804317118838513, -0.18046778355433804, -0.019588829806609587, 0.1196249989343405] - [0.03741561109700174, 0.13359641725473903, -0.1347261551567989, -0.03628579401126479] - [-0.0017027720420483177, 0.22819016347649482, -0.12282833574324138, -0.10365886326625287] - [0.03886326382745537, -0.11448098923651179, -0.04641641201615813, 0.12203425733305165]
A2: [0.03530749436151856, -0.02927342435482573, -0.07569730117542861, 0.06966346143544103] - [0.10289375982235513, 0.2828967104944979, -0.3926063873999531, 0.00681600558694416] - [-0.011187074605532322, 0.5390146162239714, -0.35945099146500836, -0.16837643781568917] - [0.09786285456014503, 0.017463371898626092, -0.1688509580129111, 0.05352493627505162]
B1: 1.543437930464033e-08 - 7.796304225718968e-09 - 1.8447439862103573e-08 - 1.0017080331396825e-08
B2: 5.951555490027466e-09 - -2.4081370980088093e-08 - -1.9540537431548673e-08 - 4.131140758381494e-09
