Number: 2895
Error: 4.336168389224061e-08
A1: [0.0635155531650063, -0.04779142361982827, -0.023362987802399184, 0.007935214165999993] - [0.04396822325895787, 0.19156656530589997, -0.1422487921021093, -0.09217506931668763] - [-0.12338146504434384, 0.41492320241780906, -0.10479640120706687, -0.18701139337927758] - [0.03696600816403103, 0.019128197852450755, -0.03317166570056825, -0.023091435151704427]
A2: [0.06402098938347922, -0.17310941868829258, 0.0868992804201633, 0.024527137116916762] - [0.029706970904857435, 0.2007096358530777, -0.10129467947777115, -0.12746509391226585] - [-0.09305239485790483, 0.5140331742738257, -0.2252476706691079, -0.19475174539770151] - [-0.025251787999743636, 0.01919228122337346, -0.049611460113311814, 0.05763505286943705]
B1: 6.405490605948381e-06 - -0.00011899617962512476 - -0.0001643063640552567 - -4.699177003227365e-05
B2: 9.828706874946078e-05 - 4.753161210177277e-05 - 0.00016551060776680588 - 0.00015812784499136912
