Number: 9321
Error: 5.096383594705406e-10
A1: [0.0531631118451344, -0.14801071430405935, -0.027008472157381454, 0.12181837812181603] - [0.005182362943321383, 0.13070520595379986, -0.11373207793549567, -0.022681311283936946] - [-0.014361038162157155, 0.22317508290956567, -0.1269578034164727, -0.08152245916907419] - [0.027066355286524214, -0.10010014108004074, -0.04950477894981012, 0.12221780845631844]
A2: [0.08920129995273691, -0.07296640096158608, -0.12367939127621445, 0.1072325675622449] - [0.10886768318064613, 0.24984014745315083, -0.4048198528437049, 0.046215874371225665] - [0.03661169809269306, 0.4625310111334609, -0.3777410974537453, -0.12149775404999283] - [0.1433671912083808, -0.04466565043185815, -0.2015573872785052, 0.10261973920599243]
B1: -6.4831911746272e-05 - -1.7442000786552704e-05 - -9.346907283947585e-06 - 1.2138324312007747e-05
B2: -6.090072999560115e-06 - -5.742509720256548e-06 - 1.218109547582947e-05 - -1.4991590198696489e-05
