Number: 2821
Error: 1.0681508705459796e-08
A1: [0.06337680030517584, -0.047929763062260655, -0.02350099690451333, 0.007797824147446486] - [0.04354757082488971, 0.19116052753372262, -0.14268197191322882, -0.09263740012500493] - [-0.12334180955873557, 0.4149632623553844, -0.1047561113308938, -0.1869707147079241] - [0.03702642536567885, 0.01918958553489108, -0.03311034171030399, -0.02303001352581954]
A2: [0.06291132600185705, -0.1742132103903308, 0.08579451523033742, 0.023433790883400838] - [0.029108860458368236, 0.20012034952715982, -0.1018904926728538, -0.12805014279474905] - [-0.09351842532158666, 0.5135753911335433, -0.22571474703942912, -0.19520306167610227] - [-0.026324955679937024, 0.018125057252110464, -0.050685218520722906, 0.056590096037405675]
B1: -4.069573013485526e-05 - -0.00010228050381874463 - 1.5969547509434233e-05 - 0.00012157508624581336
B2: 7.827636075132472e-05 - 8.656333116318085e-05 - 9.802935146369057e-05 - 0.00010022008217346783
