Number: 5186
Error: 7.106686869844256e-16
A1: [0.0662131359819127, -0.11395212438801706, -0.023983995944129043, 0.07172282252644631] - [0.0374025693608103, 0.18819332857447932, -0.14740898882267553, -0.07818705222506937] - [-0.06022927428306944, 0.32895089333004485, -0.12775301472429168, -0.14096822776048556] - [0.039046182441695124, -0.05332266394742958, -0.03741856784681216, 0.05169514278079028]
A2: [-0.00910873382191087, -0.34680335311926813, 0.24945493101212235, 0.10645651419863399] - [0.08003982946929825, 0.03628226096180068, -0.05025010821312497, -0.06607195541401654] - [-0.04245282985194559, 0.2308318796166199, -0.04053125668349433, -0.1478478504680642] - [0.06813473366683073, -0.293467901884242, 0.14177119176138578, 0.08356180987537974]
B1: -7.63845781251261e-09 - -3.531346474687059e-08 - -3.6493297784637125e-08 - -2.8588133095986393e-08
B2: 1.7705901697850915e-08 - -3.9155648320859975e-08 - -7.928691053077565e-08 - 5.3305692081649856e-09
