Number: 5897
Error: 2.9620477408746598e-08
A1: [0.08032538277327891, -0.18057432481358504, -0.019694885892078365, 0.11951874264771711] - [0.03662900624386471, 0.13281030367903976, -0.13551104951047183, -0.03707188848177463] - [-0.0018993041524741092, 0.22799369918366258, -0.12302438542007482, -0.10385524528387782] - [0.03930884482221018, -0.11403667789735719, -0.04597088910526348, 0.12247966635199037]
A2: [0.034593422803149254, -0.029989232787479406, -0.07637617673326834, 0.06891592902897757] - [0.10232279842079649, 0.28232067403223327, -0.39315888034376045, 0.006217971396330017] - [-0.01164661135913605, 0.538552334649545, -0.3598858171561749, -0.16886059627898392] - [0.09730218486709913, 0.016900263143583134, -0.16938460542369435, 0.052936344441038244]
B1: -0.00014943588126111943 - -0.00011072971445536111 - -0.00015596845260550164 - -0.00012293737047621594
B2: -0.00040881287486185065 - 8.766061058891877e-06 - 0.00041512562295733493 - -0.00014726326234370765
