Number: 8989
Error: 0.0006757757306671678
A1: [0.00039407405928871403, -0.23797457558071367, -0.08051413849571842, 0.059611324891411646] - [0.017317953231281092, 0.14531639885444808, -0.10511811678187513, -0.010705620265042976] - [-0.17267882156708114, 0.064189563679339, -0.26566491349041355, -0.23981187724423966] - [0.012885009835833634, -0.11615886033601981, -0.059674339590413156, 0.10863194893593695]
A2: [0.1015317780482988, 0.003372918166632606, -0.07245011218539872, 0.16896573082335542] - [0.08680980317610147, 0.2292488658304272, -0.43339009604938494, 0.01840241667064455] - [0.03315865908211664, 0.5135127659838932, -0.3719726281555562, -0.0913209085595591] - [0.1266369489100418, -0.015029911516149436, -0.19486759974460177, 0.11747786048218789]
B1: -0.020026839474440845 - 0.003188067227119306 - -0.014840992717140252 - -0.007570854252263172
B2: 7.6552064262091e-05 - -0.013772806864540636 - 0.052862661783250886 - -0.010028917809273195
