Number: 6495
Error: 5.939020534001229e-16
A1: [0.08043168863397154, -0.18046780680160865, -0.019588853028673758, 0.11962497568710354] - [0.037415590367019295, 0.13359639654037575, -0.13472617584570593, -0.03628581472988814] - [-0.001702815597714564, 0.2281901199217748, -0.1228283792351312, -0.10365890681030071] - [0.03886323167451489, -0.11448102129929677, -0.046416444148629055, 0.1220342252000399]
A2: [0.03530744116131331, -0.02927347770219817, -0.07569735175766298, 0.06966340575586437] - [0.10289373397229562, 0.2828966844250109, -0.39260641240185645, 0.006815978518200689] - [-0.01118709461084068, 0.5390145960993683, -0.359451010400513, -0.1683764588959245] - [0.09786280301466584, 0.01746332011872676, -0.1688510070809983, 0.053524882169244475]
B1: -3.288740327205176e-09 - -9.821624921624172e-10 - -1.6023328544718814e-09 - -1.8079024695868633e-10
B2: -1.3689896065060097e-09 - -2.7499266081780956e-09 - 1.347947592854116e-09 - -3.470237569688958e-09
