Number: 8882
Error: 5.977502656702144e-05
A1: [0.07953963080486379, -0.1794936037777017, -0.019311738440155653, 0.12061018669514705] - [0.036848436788568556, 0.1352373355800133, -0.13260020716664386, -0.03502569815138708] - [-0.0229069171374926, 0.20827023831361038, -0.14225944228907156, -0.1236915360617221] - [0.0070594600772087256, -0.14383452180702375, -0.07682981703505118, 0.09266259146575558]
A2: [0.009450720008743151, -0.05508711262717971, -0.10121398173063581, 0.04142461048212634] - [0.09734741590669597, 0.27740828043032584, -0.39724574819783304, 0.0005872589825777464] - [0.012410011778888655, 0.561331528292587, -0.33746113481050855, -0.14324962556649795] - [0.1235949979606816, 0.04360251515838675, -0.14385976214501114, 0.08056877779791946]
B1: 0.003057943576902077 - 0.001750429795706063 - 0.002897534390731305 - 0.0013876023504114689
B2: -0.012141461051854457 - -0.013293134284850381 - 0.00045828411479957587 - 0.006333117067211971
