Number: 9356
Error: 4.126701338354951e-11
A1: [0.05316389011572304, -0.14800993140228172, -0.02700769618923937, 0.12181916045581227] - [0.005298813042316841, 0.13082176854852376, -0.11361564985626865, -0.022564692923430416] - [-0.014413986849166647, 0.22312212244405905, -0.1270107131066863, -0.08157543082502688] - [0.027132475606376404, -0.10003402067668023, -0.04943852067716036, 0.12228410303068407]
A2: [0.08925453346408975, -0.07291330091882683, -0.12362735243891967, 0.10728645611912382] - [0.10882726652201231, 0.24979971863248143, -0.4048594667411425, 0.04617477657842985] - [0.0366180045122417, 0.46253728512032705, -0.3777349421518004, -0.12149138059447147] - [0.14339193634327038, -0.04464099001674366, -0.20153321943525662, 0.1026448546430332]
B1: -3.135470795223576e-06 - -6.208653357762971e-06 - -1.9572562620424675e-06 - 6.659176867270112e-07
B2: -8.638901513221663e-06 - -7.92814984689589e-06 - 1.5105629297303607e-05 - -8.544940416114828e-06
