Number: 1702
Error: 9.899833550762107e-08
A1: [-0.009704714146612234, -0.017544498098301206, 0.00038128847343312617, 0.016855481435127734] - [0.06702785786545416, 0.19007767376311951, -0.14652796525934436, -0.10963914708964996] - [-0.11290317717998498, 0.44145125687994957, -0.07113051619705525, -0.2584507342895728] - [-0.025701970082083032, 0.013036214582882524, -0.03231584375074726, 0.036438196573509926]
A2: [0.13030168052743055, -0.22587575604793825, 0.021403327622657252, 0.06890288837996732] - [0.03288598583920141, 0.20398658487975846, -0.11464896144965712, -0.12122065206975283] - [-0.09578400471782961, 0.5544148308066256, -0.23633639981346713, -0.22677805042467175] - [-0.022405549195948112, -0.020823131049994843, 0.006549995620692688, 0.03066384781816473]
B1: -0.0005891115887787576 - 0.0006252277835124224 - -0.00030522167092842767 - -0.0005365288087604614
B2: -0.00011140340220889444 - -0.0004841247510723227 - 3.801099262822644e-05 - 2.0706543676151274e-05
