Number: 6936
Error: 1.1945330427638625e-15
A1: [0.08043165897767728, -0.180467836454543, -0.01958888264950571, 0.11962494603419711] - [0.037415595098331825, 0.13359640126810743, -0.1347261711238198, -0.03628581000119701] - [-0.001702803382964806, 0.2281901321362601, -0.1228283670382648, -0.10365889459881095] - [0.038863239490054526, -0.1144810135056895, -0.04641643633807042, 0.12203423301072105]
A2: [0.035307434346357365, -0.029273484536002398, -0.07569735823723188, 0.06966339862327223] - [0.10289375313851262, 0.2828967037538962, -0.39260639386454343, 0.006815998588035934] - [-0.011187156592818558, 0.5390145337476849, -0.35945106906779656, -0.1683765242085162] - [0.09786279734763004, 0.017463314425912323, -0.16885101247564768, 0.05352487622069926]
B1: 1.551861999079883e-08 - -6.016548404723094e-09 - -8.213412943119223e-09 - 3.5993323755499313e-09
B2: -2.0927732965237127e-08 - 8.883557226940627e-09 - 1.4486686652085542e-08 - 2.6467988867372847e-09
