Number: 8239
Error: 1.1383407196328236e-15
A1: [0.080431625230316, -0.18046787019811575, -0.019588916356574358, 0.11962491229065061] - [0.037415622430150466, 0.1335964285792916, -0.13472614384631046, -0.03628578268442845] - [-0.0017028039348413475, 0.2281901315843889, -0.1228283675893413, -0.10365889515054286] - [0.03886317287335152, -0.11448107993545892, -0.04641650291234636, 0.12203416643540434]
A2: [0.035307451803787374, -0.02927346703022881, -0.07569734163888744, 0.06966341689432838] - [0.10289370138703141, 0.28289665156321436, -0.3926064439179178, 0.0068159443967241475] - [-0.011187074363364996, 0.539014616467548, -0.3594509912357744, -0.16837643756053283] - [0.0978627625557789, 0.017463279475779206, -0.16885104559530853, 0.05352483970064883]
B1: -3.110619559305035e-08 - 1.1329403785856573e-08 - -7.356462225312037e-09 - 8.843221265068235e-09
B2: -3.6078717625086665e-08 - 2.7841968737497904e-08 - 2.42529058025483e-08 - -3.3125172497134095e-08
