Number: 7118
Error: 8.908403586122708e-16
A1: [0.08043169612932063, -0.1804677993071075, -0.01958884554228419, 0.11962498318159732] - [0.03741560055253373, 0.13359640671818362, -0.1347261656804834, -0.03628580455001537] - [-0.0017027960565137489, 0.22819013946255393, -0.12282835972254402, -0.10365888727431602] - [0.03886323999216533, -0.11448101300498638, -0.046416435836278296, 0.12203423351252066]
A2: [0.03530740853047274, -0.029273510423289986, -0.07569738278265213, 0.06966337160415285] - [0.10289379701015255, 0.2828967479978802, -0.39260635143245964, 0.006816044528049669] - [-0.011187143410458717, 0.5390145470086706, -0.3594510565904127, -0.16837651031779752] - [0.09786275159489673, 0.01746326846506675, -0.1688510560292987, 0.05352482819523497]
B1: 7.75361043098114e-09 - -1.8383452747068404e-08 - 1.172585406570468e-08 - 1.4244399002555945e-08
B2: 7.936900029440599e-11 - 7.798212204912377e-10 - 1.4262933773471327e-08 - -1.7434759484050796e-09
