Number: 8425
Error: 1.056194557459902e-15
A1: [0.08043171587075998, -0.18046777956790255, -0.019588825824488818, 0.11962500292077281] - [0.0374155342897028, 0.1335963405055025, -0.1347262318111635, -0.03628587077608331] - [-0.0017028170449102295, 0.22819011847460585, -0.122828380680206, -0.10365890825709724] - [0.03886327726866937, -0.11448097583306915, -0.04641639858352625, 0.1220342707658748]
A2: [0.035307274997435155, -0.02927364432559474, -0.07569750974451417, 0.0696632318477158] - [0.102893765470606, 0.28289671619068296, -0.39260638193704755, 0.006816011501497487] - [-0.011187086505464275, 0.5390146042530228, -0.35945100272855657, -0.16837645035506976] - [0.09786284067849488, 0.017463357953838226, -0.1688509712273858, 0.05352492170389153]
B1: -2.511356209610573e-08 - 5.841175424446202e-09 - 8.049816934544269e-09 - 3.718794610658095e-08
B2: 1.8829738024426312e-08 - -3.900032645240192e-08 - 5.242887992313016e-10 - 2.8599618755782907e-08
