Number: 3357
Error: 7.809760631255808e-07
A1: [0.06672601297010873, -0.11345962110609623, -0.023487364880493886, 0.07222354861687169] - [0.03994566131650448, 0.19061287870371255, -0.1449188679173991, -0.07569540365675236] - [-0.07158122890299894, 0.31813054813331937, -0.13878223132987863, -0.15195686155344446] - [0.04279503724040931, -0.04977783956295746, -0.03380275890475741, 0.05527960530167384]
A2: [-0.009925860981607826, -0.3476742754754556, 0.24873515238364927, 0.1056012183115689] - [0.08176975015882863, 0.0381509907475111, -0.048386163265422666, -0.06416685966131282] - [-0.04263941214057119, 0.2306170623152543, -0.040734469213794894, -0.14807149791134733] - [0.06810026850323962, -0.2935087951258265, 0.14176139083102493, 0.08351634202229268]
B1: -1.8632340589836533e-05 - 0.0013334015590211598 - 0.0002533411231000194 - 8.842511481112406e-05
B2: -0.0008751421376642355 - 0.000742133400941359 - 0.0014805292639285834 - 0.00034780820906887226
