Number: 363
Error: 2.862083482351515e-10
A1: [-0.01205351564893927, -0.014414581015061836, 0.018197682170264594, 0.008689837072613813] - [0.06588162958441908, 0.1895398903576446, -0.14527460397533776, -0.10995690544918177] - [-0.09626797151434206, 0.4218103533429498, -0.05343008979543843, -0.27200648971546476] - [-0.0013066164012074896, -0.018204930373726138, -0.0038192612820190292, 0.023393945150431642]
A2: [0.16160562438645434, -0.1677362330778607, 0.008519852523854841, -0.002314646436650969] - [0.03548416760114866, 0.20751518920983622, -0.11721197519613223, -0.12579355255322203] - [-0.08618290425395136, 0.5815681292514308, -0.23535891872085063, -0.25990569860235163] - [-0.003841639743888438, -0.004525851243894599, 0.001103657068323686, 0.007237011620858385]
B1: -1.9123506227391044e-05 - 2.2814050212484597e-05 - 6.980646781686567e-08 - -2.6353928653203115e-06
B2: -1.9827734649892276e-05 - 3.0223462006609448e-05 - 3.987954179914632e-05 - 1.3600683432612972e-05
