Number: 489
Error: 8.610684424540065e-13
A1: [-0.01215279647908888, -0.014516556557809448, 0.01808794364767361, 0.00858373568740509] - [0.06583608017072881, 0.18949607350985098, -0.14532169686496063, -0.1100076202122711] - [-0.09629137515640697, 0.42178773186750695, -0.05345548975400938, -0.2720337549285071] - [-0.0013187373533045047, -0.018216587717294012, -0.0038321696926063367, 0.023379937063151793]
A2: [0.161586290973535, -0.16775519500071331, 0.008500912750843456, -0.002333488478078922] - [0.03548696626122639, 0.2075179445405242, -0.11720918668639253, -0.12579081383091495] - [-0.08621354109414782, 0.5815381252903531, -0.23538872313439746, -0.2599355646614378] - [-0.0038358386483389843, -0.004520146667627793, 0.0011093944612633765, 0.0072425591255158035]
B1: 1.7686740600021087e-07 - -1.95980821811136e-06 - -1.5319430181683479e-06 - -3.870462578680161e-07
B2: -1.4354123395064944e-06 - 2.2013670531413045e-07 - 2.444894705370325e-07 - 6.449399841601654e-07
