Number: 9601
Error: 6.7642629174114455e-15
A1: [0.05317249674911155, -0.14800132439130387, -0.026999100655852336, 0.12182776856433794] - [0.005313969617804109, 0.13083694432772516, -0.11360049401280943, -0.022549513222452595] - [-0.014444074083644712, 0.22309202346813614, -0.12704077742398126, -0.08160553036147986] - [0.027147135524692986, -0.10001936261602742, -0.04942383154917526, 0.12229879754530784]
A2: [0.08925402774908697, -0.07291380285719941, -0.12362784458171582, 0.10728594417383472] - [0.108842783411641, 0.2498152359084567, -0.40484425581107764, 0.04619055244528027] - [0.03663614786199036, 0.46255533422707884, -0.37771723938893853, -0.12147304933907922] - [0.1434267234467949, -0.044606334160086705, -0.20149925208159158, 0.10268015704590722]
B1: 1.1719334549403168e-07 - 1.4786322082279431e-08 - 1.9894542002522663e-07 - -5.545267355581804e-08
B2: -1.3114683235164494e-07 - 5.091994257162791e-08 - 1.0060430550137765e-07 - 2.591826968650213e-08
