Number: 7281
Error: 1.020998482827114e-15
A1: [0.08043168222196542, -0.1804678132128879, -0.01958885943300969, 0.11962496927583051] - [0.03741558504554504, 0.13359639122293254, -0.13472618115657117, -0.03628582004841295] - [-0.001702823714240516, 0.22819011180542212, -0.12282838733976716, -0.10365891492465616] - [0.03886322853655643, -0.11448102442844926, -0.04641644728459031, 0.12203422206402965]
A2: [0.0353074546925399, -0.029273464133545653, -0.07569733889234569, 0.06966341991775095] - [0.10289372310308764, 0.2828966734635617, -0.3926064229144129, 0.006815967136568286] - [-0.01118710612106681, 0.5390145845204751, -0.35945102129518286, -0.16837647102467077] - [0.09786280796970362, 0.017463325096301333, -0.16885100236412368, 0.05352488737041704]
B1: -2.968315084114086e-09 - -1.5157094270818795e-08 - -1.0504917230942015e-08 - -3.817708452685963e-09
B2: -6.926886163916724e-09 - -7.152480429349561e-09 - -6.654342992241331e-09 - -6.680623973226575e-09
