Number: 7333
Error: 1.0194438143372905e-15
A1: [0.0804316876683064, -0.18046780776716517, -0.01958885399318233, 0.11962497472154876] - [0.03741559379717468, 0.13359639996793762, -0.13472617242238014, -0.036285811301631506] - [-0.0017028235917840016, 0.22819011192787428, -0.12282838721749165, -0.10365891480223308] - [0.03886323829504591, -0.11448101469734766, -0.046416437532321206, 0.12203423181645319]
A2: [0.03530744686382397, -0.029273471983914393, -0.07569734633579245, 0.06966341172415313] - [0.10289367828359632, 0.2828966282636855, -0.39260646626324947, 0.006815920204028338] - [-0.011187172910840235, 0.5390145173323333, -0.35945108451318747, -0.16837654140335093] - [0.09786282889065627, 0.01746334611241533, -0.16885098244872263, 0.053524909330597226]
B1: 2.017379088899022e-08 - -2.3597489691233972e-08 - -1.4829420303807933e-08 - -1.0675140126539441e-08
B2: -9.142190007707878e-09 - -6.73765680254836e-09 - -1.2506074169323843e-08 - -6.709700542170466e-09
