Number: 1801
Error: 1.0120704857945138e-07
A1: [-0.0088346794937971, -0.016653484911986486, 0.0013205020467936474, 0.017737537362821906] - [0.06679785908106498, 0.189862664834594, -0.14676747017130315, -0.10989338451187566] - [-0.11178283898539242, 0.44259466215385856, -0.06999816215255653, -0.25722377210716924] - [-0.021957693750314505, 0.01676747796102969, -0.028560356610912843, 0.04041087101724492]
A2: [0.13136148468563644, -0.22486622255737881, 0.022463906316481024, 0.06995491123740206] - [0.032665178972532675, 0.20377531011064873, -0.11486904318687345, -0.12143477844544645] - [-0.09308736588746039, 0.5570837272049279, -0.23360745569499466, -0.22401080007509847] - [-0.022116216474915032, -0.02058122827471625, 0.006834159282607985, 0.030929442995923033]
B1: 0.00015324774747537223 - -0.00022486616227190034 - -4.791605946759809e-05 - -0.00018194380719777087
B2: 0.0005700622987941935 - 2.4829308794793987e-05 - 9.960343832205137e-05 - -0.00010735817657916204
