Number: 3178
Error: 0.00035437872102545167
A1: [0.008071712045385863, -0.10378500072567898, -0.07845612529882103, -0.0470459846222168] - [0.029724791665638642, 0.17765600277019306, -0.15693006143794452, -0.10797489418740866] - [-0.14849061136057212, 0.3897580296239239, -0.12989103588655415, -0.2115614654186109] - [0.05570551446621957, 0.037393182789011985, -0.014601613318979995, -0.00339357279388882]
A2: [0.06850425263609584, -0.1685730923566659, 0.09191554739221196, 0.02950998632234353] - [0.03573032176571866, 0.2069798189165008, -0.09529492636413024, -0.12184063301705024] - [-0.08746920684240592, 0.5206755126241744, -0.21970986694422875, -0.18902403325678993] - [-0.0370647832436923, 0.009026981653914126, -0.06166153350624535, 0.046291429942406606]
B1: -0.005440098832052917 - 0.002725715424220166 - 0.011546162466557042 - 0.023183586312843108
B2: -0.0007988802851149578 - -0.021946300429856708 - -0.007724727807068564 - -0.00878397175252612
