Number: 3363
Error: 1.0260852158034593e-06
A1: [0.0663168424690517, -0.11385524591642202, -0.023888884761145913, 0.0718207407965657] - [0.04160105163138312, 0.19219755184906595, -0.14328863398298472, -0.07406562913076527] - [-0.07154216058710781, 0.31814008451071113, -0.13877465148258436, -0.15194400444819864] - [0.042199498638310885, -0.050340429251745596, -0.03437618841377477, 0.05471051951113412]
A2: [-0.009696499722992453, -0.347429983434459, 0.24894245867177345, 0.10583988621731187] - [0.08124880952656342, 0.037587610227478994, -0.04894064067653128, -0.06474221527910047] - [-0.04174290414553419, 0.23161157972619062, -0.03976312475320463, -0.14707527329038328] - [0.06913370123223346, -0.29236748084716657, 0.1428865689374672, 0.08467820462374322]
B1: 0.00033909360746370895 - 0.00046789120382762493 - -1.5113240661970672e-05 - -3.596950473421011e-05
B2: -0.0002753325822575411 - 0.0012519858219178113 - -0.001057917208342571 - 0.0013384617025586289
