Number: 7916
Error: 7.639620620565274e-16
A1: [0.08043169303104106, -0.18046780240504848, -0.019588848636864588, 0.1196249800836694] - [0.03741561816089411, 0.13359642431321092, -0.1347261481071778, -0.03628578695139898] - [-0.0017028304309081204, 0.22819010508889132, -0.12282839404660041, -0.10365892163952921] - [0.03886324331000515, -0.1144810096964719, -0.046416432520556196, 0.12203423682829491]
A2: [0.03530731054308513, -0.02927360868166402, -0.07569747594795938, 0.06966326904987905] - [0.10289362524829715, 0.2828965747782999, -0.39260651755834347, 0.006815864668404481] - [-0.011187102925970822, 0.5390145877346191, -0.35945101827095066, -0.16837646765788533] - [0.09786271703953864, 0.017463233752539515, -0.16885108892384806, 0.053524791923458034]
B1: -3.3346780561675923e-09 - 1.669089266979888e-08 - 1.7538635483562843e-08 - 1.6142478494190355e-08
B2: 1.9981483195661594e-08 - -2.8036076390994854e-08 - 2.9715856190034628e-08 - 9.068665736994162e-09
