Number: 7567
Error: 1.1501935564654776e-15
A1: [0.08043172059601071, -0.18046777484319723, -0.01958882110485987, 0.1196250076454867] - [0.037415608907716835, 0.13359641506703823, -0.13472615734194981, -0.036285796199464086] - [-0.0017027651695515251, 0.22819017034885722, -0.12282832888080479, -0.10365885639559427] - [0.03886325395161043, -0.11448099908472732, -0.04641642188573972, 0.12203424746328155]
A2: [0.03530741165007022, -0.029273507295053427, -0.07569737981660041, 0.06966337486916535] - [0.10289371260023829, 0.28289666287158177, -0.3926064330726382, 0.006815956138566054] - [-0.011187121719704428, 0.5390145688288035, -0.3594510360596462, -0.1683764874614764] - [0.0978627819496877, 0.017463298957936104, -0.16885102713351022, 0.053524860057893295]
B1: -2.3490526925645912e-09 - -5.127159661157189e-09 - 3.2019317824777016e-09 - 8.345246911629412e-10
B2: 4.055104467719807e-09 - -5.066614452734572e-09 - 1.794077276630486e-08 - -4.735898808485058e-09
