Number: 4176
Error: 1.0270788587925826e-15
A1: [0.06621318743385192, -0.11395207408583899, -0.02398394453254441, 0.07172287389207242] - [0.03740261737162713, 0.1881933744455233, -0.1474089416243951, -0.0781870050225927] - [-0.0602294203691048, 0.3289507530225047, -0.12775315767549436, -0.1409683699430899] - [0.039046100903809174, -0.05332274134029157, -0.037418646732123015, 0.05169506453606571]
A2: [-0.009108327340008222, -0.34680292190604306, 0.2494553407830934, 0.10645694037227371] - [0.08003982180410353, 0.03628225270414018, -0.05025011659089133, -0.06607196386284132] - [-0.042452902072315016, 0.23083179990966182, -0.04053133407785046, -0.147847930341194] - [0.0681348118362405, -0.29346781581644715, 0.14177127650475502, 0.08356189751750896]
B1: -4.418506314442925e-09 - -5.648309560327249e-09 - -3.640118181654831e-08 - 1.0817144186794061e-08
B2: 8.839472420166909e-10 - 9.710174245658623e-09 - -3.3425993060728348e-09 - -2.6113852235652577e-08
