Number: 3575
Error: 7.772662201113771e-12
A1: [0.06620676718206021, -0.11395835099288681, -0.023990359969724703, 0.07171646438198982] - [0.03739861448794594, 0.18818954991776862, -0.147412876835162, -0.07819094039328835] - [-0.060228679748681374, 0.3289514643676199, -0.12775243261337105, -0.14096764937451678] - [0.0390614377402824, -0.053308184143306944, -0.03740380887579505, 0.051709781821685334]
A2: [-0.009101966393185763, -0.3467961738595395, 0.24946175323261377, 0.10646360951145996] - [0.0800453050459079, 0.036288159797412185, -0.050244123728509324, -0.06606592015391001] - [-0.042431169899266055, 0.23085578495886505, -0.04050804528524111, -0.1478238952191352] - [0.06812560301465301, -0.2934779552949105, 0.14176129347871083, 0.08355157260922051]
B1: -2.0019097160624906e-06 - 1.215404184887615e-06 - 4.370783099175614e-06 - -5.555428274797402e-06
B2: 4.463861780062048e-06 - -7.093932872950226e-07 - -8.304347214967177e-06 - 6.272836767185736e-07
