Number: 7819
Error: 1.127550282079586e-15
A1: [0.08043166020333294, -0.1804678352290336, -0.01958888142531164, 0.11962494725971552] - [0.03741560380414835, 0.1335964099673296, -0.13472616243533547, -0.036285801300199025] - [-0.0017028488685068349, 0.22819008665168763, -0.12282841245720415, -0.10365894007220725] - [0.03886321066072476, -0.11448104225412259, -0.04641646514902588, 0.12203420419931]
A2: [0.0353075169663021, -0.02927340168752566, -0.07569727968315244, 0.06966348509390673] - [0.10289381799209305, 0.2828967691579056, -0.3926063311389535, 0.006816066499153575] - [-0.011187148743328598, 0.5390145416439984, -0.35945106163812, -0.16837651593718062] - [0.09786282126912255, 0.017463338456221923, -0.1688509897039104, 0.05352490133045533]
B1: 1.822565202709338e-08 - 1.8806755895070746e-08 - -2.2628030170946478e-08 - -1.0414334370033308e-09
B2: 5.522832603529387e-09 - -9.361954989575053e-09 - 1.3308730905258788e-08 - 1.3364690386595665e-09
