Number: 6612
Error: 9.275971107005383e-16
A1: [0.08043168112979797, -0.18046781430493236, -0.019588860523874457, 0.11962496818378707] - [0.037415597088880446, 0.13359640325714978, -0.13472616913723817, -0.03628580801175061] - [-0.0017028489059093149, 0.22819008661429002, -0.12282841249455757, -0.1036589401096061] - [0.038863243952943154, -0.11448100905532606, -0.04641643187802461, 0.12203423747083682]
A2: [0.03530746452691816, -0.029273454271966485, -0.07569732954195102, 0.06966343021051169] - [0.10289375724022154, 0.28289670789041493, -0.3926063898974257, 0.0068160028831241466] - [-0.011187061168847875, 0.5390146297408298, -0.3594509787469493, -0.16837642365691793] - [0.09786283708343207, 0.01746335434246125, -0.16885097464974738, 0.05352491793036891]
B1: 4.372657614930526e-09 - 6.692406602073234e-09 - 1.0846187060424237e-08 - 6.758088547906929e-09
B2: 7.813804295384246e-09 - 1.549105898626463e-08 - -1.2999198793037235e-08 - 1.9180673408162046e-08
