Number: 3635
Error: 4.599839649001963e-14
A1: [0.06621575001417883, -0.1139495687632613, -0.023981383966946636, 0.0717254321697317] - [0.03740370158416588, 0.1881944103398753, -0.14740787575416306, -0.07818593906368598] - [-0.0602287945461581, 0.32895135409960735, -0.12775254527487365, -0.14096776084283608] - [0.03904529280399634, -0.05332350837260409, -0.037419428556915685, 0.05169428907204338]
A2: [-0.009105917402718327, -0.34680036535605807, 0.2494577702115693, 0.10645946703267821] - [0.08003955824103084, 0.03628196877077365, -0.05025040464956363, -0.06607225435892482] - [-0.04245252730337933, 0.23083221351171462, -0.04053093246875703, -0.14784751585717848] - [0.06813771686228572, -0.2934646172658223, 0.14177442583086222, 0.08356515457556267]
B1: -1.1385097364956303e-07 - 8.655997478391987e-07 - 9.705421853616019e-07 - -1.4279911865873314e-07
B2: 1.6273234158140738e-06 - -2.6246419831063007e-06 - 7.067730658405533e-07 - 1.6461790364871187e-06
