Number: 4659
Error: 6.75644847477761e-16
A1: [0.06621313841762216, -0.11395212200673875, -0.023983993510333965, 0.07172282495807084] - [0.03740256294117753, 0.18819332244091655, -0.14740899513370595, -0.07818705853664912] - [-0.06022946725595753, 0.32895070799017345, -0.12775320355627343, -0.14096841557692272] - [0.039046063621676085, -0.053322776727085526, -0.03741868280134122, 0.05169502875969745]
A2: [-0.009108663308923246, -0.3468032783164552, 0.24945500209567306, 0.10645658812718085] - [0.08003974654379052, 0.03628217162728815, -0.050250198846029784, -0.066072046816447] - [-0.04245290725346101, 0.2308317941915956, -0.04053133962994313, -0.1478479360711287] - [0.06813467944409993, -0.29346796158585403, 0.14177113297875635, 0.0835617490816279]
B1: -8.554141557508642e-09 - -9.076047347227594e-10 - -1.1953352843521659e-08 - -1.4471781359480603e-08
B2: 1.222946896903145e-08 - -4.134212415004734e-09 - -2.474585875588617e-08 - -6.273309275058126e-10
