Number: 1393
Error: 2.0726414045665374e-10
A1: [-0.00731260383934632, -0.015119943052871931, 0.0028671451162859546, 0.019326333088760958] - [0.06673516706794318, 0.18979631633052682, -0.1468297829837212, -0.1099641979863986] - [-0.11268496436072563, 0.44168768149500187, -0.07089326864922271, -0.25820768542573824] - [-0.023646363557435168, 0.015071927157095337, -0.030217487920672564, 0.03861910805414293]
A2: [0.13173697916088614, -0.2244800845048043, 0.02281495440197537, 0.07030795274646566] - [0.032587029160629354, 0.20369098700475313, -0.11494726379211319, -0.12151537753636991] - [-0.09466429754740815, 0.5554989862905457, -0.23524314823215758, -0.22567606534679163] - [-0.020753439509648187, -0.019202909880139434, 0.008191383430293395, 0.03225274365808735]
B1: 3.0156217581118426e-06 - -7.142554082041524e-05 - 6.324531634590238e-05 - -4.099795282771455e-05
B2: -1.9631404837811168e-05 - 9.253445443532755e-07 - -9.132904834893221e-06 - -2.8652008413113016e-06
