Number: 2731
Error: 2.571206623835981e-09
A1: [0.06343166423196979, -0.04787549624979805, -0.023446746437956995, 0.007852677779407992] - [0.04358526358420402, 0.19119673970086104, -0.14264330752494214, -0.09259640734803687] - [-0.1226753622624465, 0.4156292205232711, -0.10408354790984692, -0.18629963293571994] - [0.03736330064430745, 0.01952799543951029, -0.032772092506779635, -0.022693203408910487]
A2: [0.06336798074309673, -0.17375820556042404, 0.08625358260574116, 0.023887045804356348] - [0.02945924150488994, 0.20046538497905633, -0.10154123943801231, -0.12770736910516095] - [-0.09351410444294704, 0.5135802139690294, -0.22571093198012873, -0.19519889656282818] - [-0.02608341477074425, 0.01836613788697821, -0.0504459668303995, 0.05682509304844283]
B1: 2.678486054954897e-05 - 0.00015113284335687942 - 7.334687620013956e-05 - 6.830374155339909e-05
B2: -2.3439544360914354e-05 - 0.00017413317215023708 - 1.181408977362917e-05 - 0.00014156367953593884
