Number: 6306
Error: 8.333963049458403e-16
A1: [0.08043164844943455, -0.18046784698159052, -0.01958889316516038, 0.11962493550715883] - [0.03741555343398522, 0.13359635963529914, -0.13472621270514884, -0.036285851642460086] - [-0.0017028393469331582, 0.22819009617306504, -0.12282840294957845, -0.10365893055317894] - [0.03886320510024876, -0.11448104779898227, -0.04641647070596295, 0.1220341986422926]
A2: [0.03530743591847813, -0.029273482959536835, -0.07569735674247813, 0.06966340026866441] - [0.10289380564855088, 0.28289675670959435, -0.3926063430775347, 0.00681605357373667] - [-0.011187067255517606, 0.5390146236178568, -0.35945098450811847, -0.1683764300706539] - [0.09786284958275505, 0.017463366898639577, -0.16885096275121078, 0.05352493105060097]
B1: 8.305549277297975e-09 - 1.5377141052932744e-08 - 2.8088148412379248e-08 - 1.0371182607336908e-08
B2: 8.707054530200916e-09 - 1.0927813165411466e-08 - 2.413969838478117e-08 - 1.667371880015292e-08
