Number: 3507
Error: 1.6442924563977596e-10
A1: [0.06620338323600375, -0.11396166040035016, -0.023993742997993246, 0.07171308691583948] - [0.03742264949917505, 0.1882125121075, -0.1473892466402392, -0.07816731032711233] - [-0.06023684189435036, 0.3289436315847303, -0.12776041671721378, -0.14097559528866022] - [0.03908650166496208, -0.05328439906898958, -0.03737956175476647, 0.0517338346003012]
A2: [-0.009156031020826646, -0.34685352982545237, 0.24940725703596886, 0.10640692428090068] - [0.0800308970297567, 0.03627263891754825, -0.05025987323188295, -0.06608180050733888] - [-0.042501402699772144, 0.23077826755682412, -0.04058330609208421, -0.14790157258741887] - [0.06810322140735468, -0.2935026000856316, 0.14173703549630182, 0.08352647796478307]
B1: 2.802268563456459e-06 - -2.9035979422474173e-05 - 6.958987708879675e-07 - -9.853397286801728e-07
B2: 4.428855676654261e-06 - 1.3505246927964458e-07 - 1.3264863308354361e-05 - 5.1381688674883865e-06
