Number: 4049
Error: 9.675385835606024e-16
A1: [0.06621318148283764, -0.11395207990386744, -0.023983950478886868, 0.0717228679510458] - [0.0374026338282892, 0.18819339016874528, -0.14740892544623896, -0.07818698884300102] - [-0.060229409949193485, 0.3289507630302527, -0.12775314747918118, -0.14096835980162603] - [0.039046111601925636, -0.05332273118604531, -0.03741863638205293, 0.05169507480209536]
A2: [-0.009108646052922336, -0.3468032600106562, 0.24945501949145688, 0.10645660621916216] - [0.08003984620742784, 0.03628227899351355, -0.05025008991944425, -0.06607193696492213] - [-0.04245293612452249, 0.23083176232748684, -0.04053137056957703, -0.14784796800170122] - [0.06813479875804977, -0.29346783021610084, 0.1417712623267443, 0.0835618828544495]
B1: 2.6021725084695514e-08 - -9.521466697079617e-09 - -2.996619978666979e-08 - 1.95939363579564e-08
B2: 1.7361705881052454e-09 - 3.300827078830542e-08 - -8.322725701409204e-09 - -1.912155410131856e-08
