Number: 3727
Error: 1.169795949689618e-15
A1: [0.06621304558260134, -0.1139522127671705, -0.02398408627248983, 0.07172273227887242] - [0.03740258663928288, 0.18819334508283364, -0.14740897183667265, -0.07818703523751855] - [-0.06022935645007718, 0.32895081441323226, -0.1277530951281206, -0.14096830773214863] - [0.039045974982212815, -0.05332286086029507, -0.037418768557014134, 0.05169494370040455]
A2: [-0.00910830112276866, -0.3468028940934279, 0.24945536721253836, 0.10645696785977078] - [0.08003986218904297, 0.036282296210319656, -0.05025007245243609, -0.06607191934956998] - [-0.04245270410583226, 0.23083201839793738, -0.04053112192901616, -0.14784771139760836] - [0.06813500242882194, -0.2934676059654227, 0.1417714831258018, 0.08356211120734396]
B1: 2.6834391928312624e-08 - 4.4752790911167665e-08 - -5.956896435799469e-08 - 4.541927936162536e-08
B2: 2.719639615926466e-09 - 2.895396753873774e-08 - 1.9558461038346993e-09 - -1.5609160836353816e-08
