Number: 247
Error: 3.147711754785382e-07
A1: [-0.009173190867178532, -0.011460697074897006, 0.02137698750447134, 0.01176540005807765] - [0.06738058772447167, 0.19098110271178997, -0.14372463915536104, -0.10828697579916499] - [-0.0952173957262449, 0.42282570896750826, -0.05228426772441467, -0.27078032488000303] - [0.0006066305256911137, -0.016366978850669647, -0.0017793454738651339, 0.02560612006251067]
A2: [0.16223953326884133, -0.16711133677642975, 0.009144932103922341, -0.001696388589846863] - [0.036849689992203, 0.20885962641449365, -0.11585137263020157, -0.12445750470909847] - [-0.08596437669141559, 0.5817795340174491, -0.23515586851585496, -0.2596996454990403] - [-0.003982597068150198, -0.0046648994537874435, 0.0009604968593256975, 0.007099107133783772]
B1: 0.00036949005185902645 - 0.0005302634444136806 - 0.0006695984386736352 - 0.0005137063844626459
B2: 0.0007178541372308625 - 0.002696337219135798 - -0.0005237444610877213 - 7.974982720116274e-05
