Number: 3835
Error: 8.454027356662258e-16
A1: [0.06621315679626885, -0.11395210403876785, -0.023983975146088455, 0.07172284330590416] - [0.03740259569655462, 0.18819335373645832, -0.14740896293266453, -0.07818702633274077] - [-0.06022920711338975, 0.3289509578428045, -0.1277529489960842, -0.14096816238609067] - [0.039046011817497527, -0.05332282589762037, -0.037418732920121996, 0.0516949790479043]
A2: [-0.009108587744728593, -0.3468031981547587, 0.24945507827143829, 0.10645666735211909] - [0.08003977680750761, 0.036282204229901645, -0.050250165769628624, -0.06607201345916526] - [-0.04245282946237113, 0.2308318800465114, -0.04053125626616353, -0.1478478500373262] - [0.06813473824778793, -0.2934678968405622, 0.14177119672778482, 0.08356181501123348]
B1: 1.047005017312804e-09 - 7.545119289920003e-09 - 2.276078962367906e-09 - -4.699783150661063e-09
B2: -9.823835198266156e-09 - -1.0958628460958197e-08 - -1.024006042477239e-08 - 4.1797061221941436e-08
