Number: 9916
Error: 8.181524831345905e-16
A1: [0.05317254465680506, -0.14800127646125955, -0.02699905279812147, 0.12182781649596174] - [0.0053137909143709675, 0.13083676544056463, -0.11360067268562674, -0.02254969217847975] - [-0.01444446322780595, 0.22309163418321434, -0.12704116625861864, -0.08160591964541367] - [0.0271464929524875, -0.10002000518159819, -0.04942447547358653, 0.12229815334395]
A2: [0.08925447517728437, -0.07291335646494357, -0.12362740723662205, 0.10728639711784216] - [0.10884182561169709, 0.2498142779410776, -0.4048451946381064, 0.04618957852974767] - [0.03663607655709485, 0.4625552632926575, -0.377717308957846, -0.12147312138404309] - [0.14342665673119662, -0.044606400623553644, -0.20149931721982908, 0.10268008934124194]
B1: 1.747518465706882e-08 - 1.2626889216435039e-08 - -2.117623442024373e-08 - -3.460438026424921e-08
B2: -1.43002477048791e-08 - -3.2591950159433057e-08 - -9.835464603335041e-09 - 7.432541268048919e-09
