Number: 53
Error: 0.0008132291255378109
A1: [-0.01841991960061077, -0.0211142480493249, 0.012429241554424514, 0.004205837401315544] - [0.11618025780454966, 0.24489762526242376, -0.09829926494345789, -0.07648702922878411] - [-0.14537659804984687, 0.3754291154350281, -0.10595436842619935, -0.32264703328402894] - [-0.0210415460365782, -0.03281135525062527, -0.024470325145567774, -3.735417220891669e-05]
A2: [0.34308333379959605, 0.0109918931389593, 0.18405017050266184, 0.17338392603679353] - [0.11872054547184878, 0.2873799795569006, -0.04072769553422579, -0.04965240311666466] - [0.11935879650030885, 0.785855478281887, -0.03608913504940833, -0.05947775416624092] - [0.41021114894529903, 0.40826789475618647, 0.41154973157632824, 0.4041597115596428]
B1: 0.033325161880877696 - 0.4121669408317612 - -0.026898344507308068 - -0.04312062328912216
B2: 0.022192694790628794 - 0.43619635288199415 - 0.007560923137659021 - 0.010647835783385707
