Number: 9648
Error: 1.5079669633160715e-14
A1: [0.05317291500959937, -0.1480009059743415, -0.026998682855297676, 0.12182818702774817] - [0.005313908349037848, 0.13083688299597573, -0.11360055527185832, -0.022549574577440737] - [-0.014444591833815855, 0.22309150552848986, -0.12704129476468878, -0.08160604829701966] - [0.02714656471603417, -0.10001993341958416, -0.049424403560154824, 0.12229822529014352]
A2: [0.08925496871226345, -0.07291286407243677, -0.12362692482250823, 0.10728689673795669] - [0.10884240225869232, 0.24981485468970058, -0.40484462941260285, 0.04619016487946945] - [0.036636476508821444, 0.46255566116385344, -0.3777169187443854, -0.12147271728341352] - [0.14342689047018015, -0.04460616775712621, -0.20149908899597194, 0.1026803265470547]
B1: -2.4293244283145402e-08 - 9.74565260968462e-08 - 5.5712893329351324e-08 - -1.2667656687877893e-08
B2: 1.6725346394691463e-08 - -9.080103865088042e-08 - -9.94847563371251e-08 - -1.2953419975290134e-07
