Number: 3506
Error: 5.168903875065469e-11
A1: [0.06620130382201682, -0.11396369338188726, -0.023995820938607276, 0.07171101101624876] - [0.037420787325746024, 0.18821073294035182, -0.14739107703136062, -0.07816914123106221] - [-0.060223647148222655, 0.3289563042757422, -0.1277475051674578, -0.14096275326914315] - [0.039091589829009794, -0.05327956961929457, -0.03737463891084554, 0.05173871735402737]
A2: [-0.009161469791320662, -0.3468592995675752, 0.24940177427797802, 0.10640122206597334] - [0.08002903527477354, 0.03627063318105305, -0.05026190815771701, -0.0660838525522684] - [-0.042496221184354636, 0.23078398577777695, -0.04057775341717131, -0.14789584213275866] - [0.06809808296929279, -0.2935082576677127, 0.14173146503467032, 0.08352071673289976]
B1: 9.447804471837981e-06 - -2.16876332108774e-05 - 1.4039557648760287e-05 - 3.166071698016995e-06
B2: -3.4578295819624105e-06 - -7.333393958010114e-06 - 8.250584161427464e-06 - 3.1475643846260257e-06
