Number: 393
Error: 1.1262528703442526e-10
A1: [-0.012110049205877908, -0.014472647773285873, 0.018135194306769267, 0.008629417639268314] - [0.06582252309809926, 0.18948303223498467, -0.14533571385920147, -0.11002271476144619] - [-0.09631010793186819, 0.4217696282068077, -0.05347581519089732, -0.27205557908454875] - [-0.001326231970132698, -0.01822379442290471, -0.003840145087102002, 0.023371274840631572]
A2: [0.16158328250604997, -0.16775815001164468, 0.008497963324924437, -0.002336422985713539] - [0.03548528763681739, 0.20751629246842002, -0.11721085883717516, -0.12579245659274907] - [-0.08621780450409798, 0.5815339464436129, -0.23539287488012647, -0.2599397259126311] - [-0.0038209405015568747, -0.004505497342839924, 0.0011241391494378776, 0.007256811524916668]
B1: -2.7235788100988026e-06 - -1.5691787861351106e-05 - -7.499711163804116e-06 - -6.615555402111751e-06
B2: -8.771622362001833e-06 - -1.7967464601437305e-05 - 1.8208043074439864e-05 - 1.3675446779027176e-05
