Number: 4960
Error: 1.371973372424713e-15
A1: [0.0662131867801947, -0.11395207472487442, -0.02398394518568768, 0.07172287323950388] - [0.037402620285692356, 0.18819337722973578, -0.14740893875963404, -0.07818700215759493] - [-0.060229335403765835, 0.32895083462704916, -0.12775307453340215, -0.14096828724798174] - [0.03904619736686443, -0.05332264978106644, -0.03741855340720948, 0.05169515710316581]
A2: [-0.009108515430426855, -0.34680312144068953, 0.24945515117072647, 0.10645674316964095] - [0.08003983305075939, 0.03628226482005499, -0.05025010429883244, -0.0660719514664474] - [-0.04245282633370135, 0.23083188349958103, -0.04053125291314999, -0.14784784657706568] - [0.06813478057721943, -0.29346785023400723, 0.14177124261676777, 0.08356186247034476]
B1: -8.74963559292506e-09 - 5.276210004701247e-09 - 7.039955947157126e-09 - 1.3000127990517228e-09
B2: -1.3360931041686638e-08 - 8.28746345425276e-09 - 2.181057356166477e-09 - -4.773001992918611e-09
