Number: 4385
Error: 9.465825566625889e-16
A1: [0.0662131166196807, -0.11395214331757478, -0.02398401529116128, 0.07172280319674217] - [0.037402645645283374, 0.18819340145907978, -0.1474089138292204, -0.07818697722497642] - [-0.060229394721041246, 0.3289507776560079, -0.1277531325778577, -0.14096834498039756] - [0.03904603681843616, -0.05332280216766253, -0.037418708732541446, 0.05169500303907964]
A2: [-0.009108643328978058, -0.3468032571208995, 0.2494550222374192, 0.10645660907509479] - [0.08003988407202302, 0.03628231978453432, -0.050250048535597336, -0.06607189522965254] - [-0.04245273526873612, 0.23083198400440877, -0.0405311553245421, -0.14784774586271102] - [0.06813472094250471, -0.29346791589435417, 0.14177117796721908, 0.08356179560890113]
B1: 2.6934210263990734e-08 - 1.3979994241443646e-08 - 1.5267337825360255e-08 - -4.0480140688079566e-08
B2: -3.2461452454256855e-08 - 4.5884669653704963e-08 - 6.718969656786564e-09 - 1.4567459666610509e-08
