Number: 7499
Error: 1.1415590939904073e-15
A1: [0.08043170690548418, -0.18046778853217263, -0.019588834779015796, 0.11962499395652469] - [0.037415614316449394, 0.1335964204716776, -0.13472615194399448, -0.03628579079372738] - [-0.0017028002435006421, 0.22819013527565726, -0.12282836390339848, -0.10365889146018126] - [0.038863250053683705, -0.11448100297171471, -0.04641642578118246, 0.12203424356777785]
A2: [0.03530742448831676, -0.029273494421298306, -0.07569736761015051, 0.06966338830577352] - [0.10289371769862671, 0.28289666801323915, -0.39260642814154023, 0.0068159614773191995] - [-0.011187083594947467, 0.5390146071809554, -0.35945099997370794, -0.16837644728811804] - [0.0978627847967765, 0.017463301817974567, -0.16885102442326286, 0.05352486304640624]
B1: -4.6046317181322016e-10 - 1.7891173497852082e-08 - 2.7342030247319997e-09 - 1.3204182872100479e-08
B2: 9.23353055288328e-09 - 3.946318882573554e-09 - 1.362156045636224e-08 - 9.316173153072875e-09
