Number: 179
Error: 1.1520028789344255e-05
A1: [0.007697273769042286, 0.005748849413379492, 0.039863216522634276, 0.029683852463243517] - [0.06809046692208776, 0.1916706576458018, -0.14298908816046887, -0.10748769314335803] - [-0.07430425311200174, 0.4431140239592872, -0.029628515184808593, -0.2463920682393615] - [-0.008710498452807795, -0.025473490162463166, -0.011573629939976796, 0.01475477205271545]
A2: [0.17417954925795925, -0.15550014033408907, 0.020944128962678287, 0.009626748735765451] - [0.0490218459804938, 0.22081907472832243, -0.1037373501486748, -0.11259138031664796] - [-0.06812652060067585, 0.599078431327032, -0.2178005170195978, -0.24262814445059752] - [0.009047539610183924, 0.008108232031704219, 0.013899709296983809, 0.01944344095911074]
B1: 0.0024297342516713854 - -0.004761650768898833 - 0.0011181641381025258 - 0.0006502767987191114
B2: -0.006637408849946992 - 0.0006362043987134702 - 0.013339150157166657 - -0.0018106359951796684
