Number: 3814
Error: 9.970936184193365e-16
A1: [0.06621323403028752, -0.1139520285306861, -0.02398389797268232, 0.07172292041030207] - [0.037402685714228986, 0.18819343974222189, -0.14740887443839557, -0.07818693783064502] - [-0.060229431089931104, 0.32895074272578195, -0.12775316816625812, -0.14096838037743747] - [0.03904621780269957, -0.053322630384307734, -0.03741853363636951, 0.051695176713506596]
A2: [-0.009108594765174961, -0.3468032056023595, 0.2494550711941888, 0.10645665999156129] - [0.0800398099037012, 0.036282239883994746, -0.050250129597360825, -0.06607197697974806] - [-0.04245283893548606, 0.23083186959138535, -0.04053126641793661, -0.14784786051424118] - [0.0681347577123524, -0.29346787540920816, 0.14177121782926633, 0.08356183683463081]
B1: 5.152655294303652e-09 - 3.3758126682721556e-08 - 4.604235652327894e-09 - 1.4231756364994196e-08
B2: 2.6844381563386863e-08 - 3.5287571798587305e-08 - -3.561853576084579e-08 - 1.5929587106970436e-08
