Number: 1313
Error: 1.604373337328935e-08
A1: [-0.007481011155999037, -0.015289837611897334, 0.002692679758623975, 0.01915325419648197] - [0.06653186223041002, 0.18960064602261512, -0.14704003879654362, -0.11019036698005132] - [-0.11273920563307925, 0.4416350799267606, -0.07094907785273784, -0.2582664789488895] - [-0.023710449290731562, 0.015009267541728594, -0.03028192865951256, 0.03855143355919594]
A2: [0.13162966679667845, -0.22458603184337025, 0.022709832426174813, 0.07020323667032992] - [0.03251670975682533, 0.2036217230815152, -0.11501741983018819, -0.1215842082700535] - [-0.09424351304138985, 0.5559135461150306, -0.23482938100992065, -0.22526223934623218] - [-0.020924274339886792, -0.019371881909502304, 0.008022350343606113, 0.032088624292385765]
B1: -0.00016910857327382282 - -1.7001848842596346e-05 - 1.3357602763130222e-06 - -0.00015740347428548106
B2: 7.807115545317211e-05 - -3.7291280156227636e-05 - 6.367815722465026e-05 - 4.613729258703493e-05
