Number: 7626
Error: 9.648085265151382e-16
A1: [0.08043171965233702, -0.1804677757867639, -0.019588822047404975, 0.11962500670192093] - [0.03741563217238918, 0.13359643831410284, -0.13472613412363155, -0.03628577294767836] - [-0.0017027806289601787, 0.2281901548897784, -0.12282834431757902, -0.10365887185087742] - [0.03886326595572918, -0.11448098711429622, -0.046416409889269546, 0.12203425945993991]
A2: [0.03530747395838941, -0.029273444814401098, -0.07569732057459327, 0.06966344008152599] - [0.10289380235834325, 0.2828967533914632, -0.3926063462597364, 0.006816050128363264] - [-0.011186969364880615, 0.5390147220923429, -0.3594508918523617, -0.1683763269200227] - [0.09786291303247079, 0.017463430636959817, -0.1688509023510844, 0.05352499765202872]
B1: 7.89413959993744e-09 - -2.014736879864736e-09 - -3.23155034601403e-08 - -2.0414361502753388e-08
B2: -2.3898971066055916e-08 - -1.3622370836538917e-08 - -1.708602533190157e-08 - -2.1518924063838353e-08
