Number: 9716
Error: 7.413628363556149e-15
A1: [0.05317261867431887, -0.148001202416711, -0.02699897886240561, 0.12182789054907116] - [0.005313771492645818, 0.13083674599821107, -0.11360069210496669, -0.022549711627739423] - [-0.0144444240736539, 0.22309167335152383, -0.12704112713559848, -0.08160588047737033] - [0.027146557435509838, -0.10001994069870626, -0.04942441085464118, 0.12229821799081814]
A2: [0.08925444473632714, -0.07291338683578341, -0.1236274369917953, 0.10728636630164717] - [0.10884144375514064, 0.2498138960170726, -0.4048455689312719, 0.046189190248298186] - [0.03663538814977992, 0.4625545784674726, -0.37771798060242656, -0.12147381693120907] - [0.14342623693599854, -0.044606818855351435, -0.20149972711354006, 0.10267966331794193]
B1: 6.269006943652106e-09 - -9.651596974122389e-09 - -1.7373808772390778e-07 - -1.1380190516858228e-08
B2: 1.6236491636350987e-08 - 3.56142382329662e-08 - -2.2191744600669486e-08 - 1.5274269290624903e-08
