Number: 3556
Error: 2.356521950429749e-11
A1: [0.06621201276462915, -0.11395322272401166, -0.023985118759515766, 0.07172170143179984] - [0.03740616741759617, 0.18819676612540231, -0.14740545182974146, -0.07818351438110625] - [-0.06023238597199737, 0.3289479049831774, -0.1277560587296089, -0.14097125705182834] - [0.03903689879693293, -0.05333147556048984, -0.037427549795944426, 0.05168623403947781]
A2: [-0.009104207696955384, -0.3467985513831376, 0.2494594941655329, 0.10646125948931653] - [0.08004970975256455, 0.03629290506748869, -0.05023930955218885, -0.06606106522361284] - [-0.0424204679554805, 0.23086759638511217, -0.040496577133238024, -0.1478120597937074] - [0.06809801135415111, -0.29350833499337253, 0.14173138208820082, 0.08352063803451414]
B1: 2.665282302921589e-06 - -6.760858218749841e-06 - 1.3784978411228512e-05 - 4.7602555148707276e-07
B2: -6.354341778943402e-08 - -1.3054230819009178e-07 - 5.17005491956595e-07 - 3.6747235460850123e-07
