Number: 1542
Error: 7.823516027341367e-09
A1: [-0.00764012828004933, -0.015450694628413609, 0.002526141054436695, 0.018989533630999787] - [0.06742193294127465, 0.19045705556290665, -0.1461199601343461, -0.1092002466490901] - [-0.11304336578719405, 0.4413359322443893, -0.07126701022006522, -0.2585956594920297] - [-0.023972488144997812, 0.014751405837569134, -0.030550172107586086, 0.03827502620191972]
A2: [0.13178158622691089, -0.2244363224649028, 0.022858649749625603, 0.0703519412526031] - [0.032748379211027634, 0.20384962581941835, -0.11478652929048541, -0.12135766429712941] - [-0.09457086039858818, 0.5555905407140559, -0.23515179214438886, -0.2255847924139866] - [-0.020690128912088872, -0.01914046636205495, 0.008253589423486163, 0.032313609924349666]
B1: 0.0002493074411912732 - 5.2908875880411815e-05 - 0.00020767642030643902 - 0.00018825557200012976
B2: 0.00010360720066529123 - 0.0002965166201181458 - 6.744462991643202e-05 - 3.655981220478764e-05
