Number: 9612
Error: 2.0853049975570004e-14
A1: [0.053172560076999095, -0.148001261040485, -0.02699903739797851, 0.12182783192223363] - [0.005313680199864069, 0.13083665460715282, -0.11360078338642599, -0.022549803048531894] - [-0.014444481122831162, 0.2230916162808411, -0.12704118414046173, -0.08160593754555383] - [0.027146102642837143, -0.10002039549426288, -0.04942486660897304, 0.12229776204005881]
A2: [0.08925488164472684, -0.07291295093575888, -0.12362700992433218, 0.10728680859897156] - [0.10884036014781522, 0.24981281221725926, -0.4048466310769558, 0.0461880884089599] - [0.03663553678845655, 0.46255472633322686, -0.3777178355822988, -0.12147366675001525] - [0.1434257389898292, -0.04460731494982279, -0.2015002133181398, 0.102679157982769]
B1: -2.658627472052094e-08 - 1.7436942469748906e-07 - -7.054336938437459e-08 - 2.6448908127658946e-07
B2: 1.2462818561049138e-07 - 3.267055679246459e-08 - 3.7683385804425226e-08 - 1.0391913330198846e-07
