Number: 6062
Error: 6.63397702518358e-14
A1: [0.08043317637668104, -0.18046631922778256, -0.019587367065212847, 0.1196264632595381] - [0.03741724124282932, 0.13359804616583823, -0.13472452826036613, -0.036284164769433094] - [-0.0017024707290752166, 0.22819046478393945, -0.1228280348706238, -0.10365856203301507] - [0.03886444584762401, -0.11447981053343506, -0.04641523074900801, 0.12203543861864936]
A2: [0.03530640832983144, -0.029274513390929742, -0.0756983337576859, 0.06966232478578777] - [0.10289239582303038, 0.2828953349184286, -0.39260770664089506, 0.006814577279959749] - [-0.011189023164824098, 0.5390126560424073, -0.35945283581601783, -0.16837849108177172] - [0.09786140721271329, 0.017461917967711026, -0.16885233579233483, 0.05352341703087633]
B1: 3.4221352486285406e-07 - 2.618873513413449e-07 - 7.468720736956527e-08 - -1.159996306945945e-08
B2: -8.852063127925804e-08 - -2.1069153145577867e-07 - 1.402469880080543e-06 - 1.5714861932947207e-07
