Number: 4059
Error: 1.0475054539826136e-15
A1: [0.06621317074791823, -0.11395209039889577, -0.023983961205382126, 0.07172285723414293] - [0.037402651431166375, 0.18819340698709788, -0.14740890814126026, -0.07818697153649418] - [-0.06022944022215647, 0.32895073395474705, -0.12775317710251535, -0.1409683892656261] - [0.03904606931428661, -0.053322771323870324, -0.0374186772939296, 0.05169503422241961]
A2: [-0.009108540468081489, -0.3468031480016144, 0.24945512593059413, 0.10645671691912431] - [0.08003982812996227, 0.036282259518901495, -0.05025010967708818, -0.06607195689033286] - [-0.0424528714333999, 0.2308318337246474, -0.04053130124399984, -0.14784789645573962] - [0.06813477592171673, -0.2934678553599082, 0.14177123756994875, 0.08356185725068978]
B1: -1.4493983089013156e-08 - -2.5603934821379284e-09 - -1.3650783229477434e-08 - 7.83202533104833e-09
B2: -4.094691021780925e-09 - 3.718658988031713e-08 - -2.2522810345677208e-08 - -3.7170438942578034e-08
