Number: 3749
Error: 1.1569508014419906e-15
A1: [0.06621317407544156, -0.1139520871457344, -0.02398395788048197, 0.07172286055606944] - [0.037402626953140616, 0.18819338359999796, -0.14740893220505003, -0.07818699560240304] - [-0.06022934822484577, 0.32895082231309164, -0.12775308707940009, -0.14096829972671276] - [0.0390462772718206, -0.05332257393848816, -0.03741847610200339, 0.05169523378072121]
A2: [-0.00910854805389701, -0.3468031560489568, 0.24945511828342348, 0.10645670896582042] - [0.08003980052856417, 0.03628222978428261, -0.0502501398438579, -0.06607198731324981] - [-0.04245286787304327, 0.23083183765406792, -0.04053129742858986, -0.14784789251812563] - [0.0681347809344628, -0.2934678498406273, 0.14177124300430352, 0.08356186287093494]
B1: -1.850719348450405e-08 - 6.619391941324286e-09 - 2.1482143710233264e-08 - -2.3540150973241416e-09
B2: -5.019231114719221e-09 - 3.5866321230736088e-09 - 1.5003554524340063e-08 - 1.3566792535177967e-08
