Number: 7905
Error: 1.007825375588273e-15
A1: [0.08043168086681347, -0.1804678145678979, -0.019588860786545904, 0.11962496792083184] - [0.0374156902409017, 0.13359649633866028, -0.13472607617080395, -0.036285714911325574] - [-0.0017028145864552262, 0.2281901209330057, -0.12282837822534837, -0.10365890579930583] - [0.03886325411748068, -0.11448099891932655, -0.04641642171996931, 0.12203424762905257]
A2: [0.03530727615228695, -0.029273643167585284, -0.07569750864633827, 0.06966323305622482] - [0.10289365491655275, 0.28289660469834915, -0.39260648886357613, 0.006815895735375719] - [-0.0111870381643617, 0.539014652882501, -0.35945095697259166, -0.16837639941641022] - [0.09786274496816026, 0.017463261808197825, -0.1688510623375745, 0.053524821239381765]
B1: -2.2726748271698925e-08 - 1.4380653397789479e-08 - 3.687744301952055e-08 - 1.6173135165124178e-08
B2: 3.741288142564113e-09 - 4.174141512346392e-08 - 2.2500739252210717e-08 - 1.526857500022882e-08
