Number: 5562
Error: 1.2029415313787943e-09
A1: [0.06620830597681344, -0.11395683508043185, -0.02398881435576221, 0.07171800671992909] - [0.037377929589880114, 0.1881697951698583, -0.1474332055901175, -0.078211272496754] - [-0.06028371624369233, 0.3288986212656613, -0.12780627801736022, -0.14102120627553083] - [0.03908069207852414, -0.053289898403665895, -0.03738517147554013, 0.051728266936358534]
A2: [-0.009158705935581485, -0.3468563611370319, 0.24940455682624713, 0.10640413203168603] - [0.08001304922710656, 0.03625341336090526, -0.05027937855752323, -0.06610147105469251] - [-0.042559876905110545, 0.2307137415381848, -0.0406459755066883, -0.14796623445912999] - [0.06803103659899883, -0.2935820717900571, 0.14165877188636922, 0.08344555290766593]
B1: -4.66007311944111e-05 - -1.6403059333035733e-05 - -4.067982010971109e-06 - -8.764074875197218e-06
B2: 4.220736459381248e-06 - 3.4009224590023614e-05 - -4.8865423051351875e-06 - 1.7193171792547862e-05
