Number: 9722
Error: 3.720345757157434e-15
A1: [0.053172673758395114, -0.148001147312332, -0.02699892383899432, 0.12182794565973094] - [0.005313845938688742, 0.13083682052240211, -0.11360061767009606, -0.0225496370766989] - [-0.014444329857625482, 0.22309176760211002, -0.12704103299412242, -0.08160578622769982] - [0.027146642782286397, -0.10001985535201184, -0.0494243253277993, 0.12229830355448952]
A2: [0.08925430880659864, -0.07291352245114868, -0.12362756985892001, 0.10728622869587708] - [0.10884169186777184, 0.2498141441734782, -0.40484532573299437, 0.04618944253553388] - [0.03663614430197857, 0.4625553306851432, -0.3777172428626768, -0.12147305293644775] - [0.14342638698252833, -0.04460666936766191, -0.20149958060610812, 0.10267981559059709]
B1: -3.927865025120355e-08 - -8.20245940467496e-09 - 7.116246412715365e-08 - -1.8711650640031823e-08
B2: 2.684274332069629e-08 - 6.480304310537426e-08 - 3.615321309701751e-08 - 3.4609771725272934e-08
