Number: 8407
Error: 1.015015462268077e-15
A1: [0.08043164412275106, -0.18046785130779075, -0.019588897486713844, 0.11962493118095179] - [0.03741566179651135, 0.1335964679158186, -0.13472610455840248, -0.036285743339892644] - [-0.0017028238036564786, 0.2281901117160041, -0.1228283874290564, -0.10365891501403973] - [0.03886317717409932, -0.11448107564674748, -0.046416498614321726, 0.12203417073350509]
A2: [0.03530752713231644, -0.02927339149337686, -0.07569727001730706, 0.06966349573361576] - [0.10289374708422405, 0.28289669764826036, -0.3926063997201356, 0.006815992248299317] - [-0.011187098373879642, 0.5390145923138205, -0.3594510139622974, -0.1683764628612028] - [0.09786276380831646, 0.017463280734015235, -0.16885104440297982, 0.05352484101540918]
B1: 2.7951275763371974e-08 - -1.6900463479911674e-08 - -5.954377994226742e-09 - -1.7697192134491644e-08
B2: -2.2371714481882872e-08 - 5.656598933881158e-08 - 8.499144626773744e-09 - -2.9620447859147348e-08
