Number: 1928
Error: 1.5914119232320134e-06
A1: [-0.01081006668109355, -0.01859407229654506, -0.0007682597381498213, 0.015700249291512494] - [0.07412286335991872, 0.1969049217395165, -0.1391838739820891, -0.10178844877667739] - [-0.11878327756213025, 0.4355545459029972, -0.07744421361904254, -0.2649102757370078] - [-0.0307985566678072, 0.007940990496200262, -0.037729921461415135, 0.031004409310251547]
A2: [0.13962440274306287, -0.21675922509776135, 0.0303831764164058, 0.07786473634527397] - [0.029693254089618693, 0.20087341798529992, -0.11781392429716148, -0.12432472774030254] - [-0.08826670383237656, 0.5617789486409832, -0.22898824182303687, -0.21936076931913476] - [-0.013346845830019452, -0.01199255591391911, 0.015411250041111577, 0.03925451230890271]
B1: 0.0020965771253844906 - 0.0006044491132466487 - 0.001069729315349716 - 0.0012052864235513904
B2: 0.0030189887939580952 - 0.0014424057281903963 - 0.000503960344397433 - 0.00021255694175522489
