Number: 2049
Error: 0.00020802485363531422
A1: [0.04436279693779695, 0.03258434471162816, 0.0513683757265424, 0.07255794300726041] - [0.046488393347254416, 0.17202937308792482, -0.167781666046319, -0.13418927132861067] - [-0.12167742495804512, 0.42254984372999455, -0.08680199599209956, -0.2719019753961853] - [-0.006141724138947965, 0.03838251973558139, -0.009981880223177357, 0.05340471458161839]
A2: [0.15550139479609365, -0.1980653757625355, 0.03812776850324559, 0.09913281835422522] - [-0.031476956856387885, 0.13845020919997686, -0.17972554781226954, -0.18497047244969853] - [-0.02591824978306519, 0.6203766647409202, -0.16410687453887324, -0.16178739080722518] - [0.08916353339741234, 0.09700852130117968, 0.10938647063224927, 0.1495366408731577]
B1: 0.009897572777028862 - 0.025143316179421157 - -0.013332377132655122 - -0.00934701616971776
B2: -0.014542798533593628 - 0.017276335819458106 - -0.0023486517013592 - -6.233911095785555e-05
