Number: 4338
Error: 1.1197696502287735e-15
A1: [0.06621313084233478, -0.11395212941272893, -0.023984001079643606, 0.07172281739554652] - [0.037402609755123294, 0.18819336716847185, -0.1474089491119987, -0.07818701251086073] - [-0.060229321409238326, 0.32895084806796254, -0.1277530608392386, -0.14096827362766254] - [0.03904631874178623, -0.053322534576653355, -0.03741843598114381, 0.05169527357579902]
A2: [-0.009108751547400285, -0.34680337192371063, 0.24945491314338802, 0.1064564956139542] - [0.08003982614284504, 0.0362822573782218, -0.05025011184888487, -0.06607195908054159] - [-0.042452844818787513, 0.23083186309824627, -0.04053127272267002, -0.14784786702084565] - [0.06813498100602514, -0.2934676295532267, 0.14177145990107387, 0.08356208718796332]
B1: 9.137421846026831e-08 - -1.1453060399110438e-08 - -4.6766155863130295e-08 - 4.2191666356511414e-08
B2: 6.152067675803894e-08 - 3.56013627451669e-08 - 1.7336101737349387e-09 - -2.902465186620018e-08
