Number: 4746
Error: 9.555568757863835e-16
A1: [0.06621321237541113, -0.11395204970164723, -0.023983919610580613, 0.07172289879173607] - [0.03740264070065371, 0.18819339673483854, -0.1474089186901701, -0.07818698208635644] - [-0.060229334334587326, 0.3289508356539188, -0.1277530734872025, -0.14096828620740112] - [0.039046169519273415, -0.053322676213001144, -0.03741858034889328, 0.051695130380240685]
A2: [-0.009108456057496064, -0.3468030584553531, 0.24945521102400472, 0.10645680541879665] - [0.08003992814435791, 0.03628236726303108, -0.05025000036704329, -0.06607184665214927] - [-0.042452817346048936, 0.2308318934188614, -0.040531243281680146, -0.147847836637076] - [0.06813474344476046, -0.2934678911184177, 0.14177120236162535, 0.08356182083807315]
B1: -1.4496632336689253e-08 - 5.8927285023006206e-08 - 1.0973835989648563e-08 - -2.5557575641716904e-09
B2: 1.2442464256632744e-08 - 4.243197409682972e-09 - 1.7139992436781828e-08 - 3.047192527464411e-08
