Number: 6315
Error: 9.022574841529029e-16
A1: [0.08043167011923523, -0.18046782531424477, -0.019588871521270406, 0.11962495717448404] - [0.03741557729975104, 0.13359638348300107, -0.13472618888693608, -0.03628582778991513] - [-0.001702813511713123, 0.22819012200773314, -0.12282837715218535, -0.10365890472485453] - [0.0388632345465585, -0.11448101843531139, -0.04641644127841678, 0.1220342280703002]
A2: [0.035307393465924305, -0.02927352552951005, -0.07569739710580249, 0.06966335583743795] - [0.10289380559260396, 0.2828967566531726, -0.39260634313164583, 0.006816053515152094] - [-0.01118713841213919, 0.5390145520368118, -0.35945105185937015, -0.16837650505091514] - [0.09786283492203175, 0.017463352171228987, -0.16885097670726337, 0.053524915661606005]
B1: 1.6577061345103917e-08 - 6.755137279135807e-09 - 4.107884922664649e-08 - 4.4761555081266944e-09
B2: 1.1000442560553839e-08 - 1.1763414878204885e-08 - 3.1953606079150904e-08 - 2.1839727015962953e-08
