Number: 7561
Error: 9.45683186185494e-16
A1: [0.08043172197595048, -0.18046777346341375, -0.01958881972657006, 0.11962500902526887] - [0.03741560585005961, 0.13359641201169511, -0.13472616039351473, -0.036285799255427645] - [-0.0017027595182991047, 0.22819017599998917, -0.12282832323782647, -0.10365885074584993] - [0.038863253002752826, -0.11448100003092215, -0.04641642283399278, 0.12203424651501361]
A2: [0.03530738619111473, -0.029273532824423378, -0.07569740402267075, 0.06966334822362794] - [0.10289368264453862, 0.2828966326616484, -0.3926064620454108, 0.006815924770588305] - [-0.01118717111534321, 0.5390145191385463, -0.3594510828137319, -0.1683765395113425] - [0.09786274194328745, 0.017463258769563828, -0.16885106521704246, 0.053524818064229145]
B1: 2.9068019687194303e-09 - -6.829697108816564e-09 - -1.6391120231718154e-10 - -6.148649850431328e-10
B2: -3.1242828663533685e-09 - -1.4743994897843788e-08 - 1.349796765807028e-08 - -1.3552646521288015e-08
