Number: 9821
Error: 5.2254404328199315e-16
A1: [0.053172572036760284, -0.14800124907125992, -0.026999025448375204, 0.12182784388909693] - [0.0053137471844267505, 0.13083672166475668, -0.11360071640895966, -0.02254973597009458] - [-0.01444445748461522, 0.22309163992851297, -0.1270411605199694, -0.0816059139001689] - [0.0271464506237258, -0.10002004751020376, -0.04942451789153608, 0.12229811090769578]
A2: [0.08925424982166928, -0.0729135812994371, -0.12362762751481572, 0.10728616898366036] - [0.10884181530880543, 0.24981426763636422, -0.40484520473693975, 0.046189568053537154] - [0.03663607886107752, 0.4625552655846451, -0.37771730670999193, -0.12147311905613288] - [0.14342658580704118, -0.044606471283557124, -0.2014993864711542, 0.10268001736490029]
B1: 4.9856914853011326e-08 - 4.631157324369991e-08 - 3.4736093420325456e-08 - -1.885446162647088e-08
B2: 4.570383293492169e-08 - 4.189715700878696e-08 - 5.944461998410367e-08 - 2.6280484657105962e-08
