Number: 5006
Error: 8.060569191428527e-16
A1: [0.0662132157685628, -0.11395204638428576, -0.02398391622006375, 0.07172290217922767] - [0.03740264770260458, 0.18819340342474647, -0.1474089118067008, -0.0781869752022785] - [-0.0602293226942794, 0.3289508468338233, -0.127753062096643, -0.14096827487811028] - [0.039046136430649254, -0.053322707619479194, -0.03741861236099963, 0.05169509862805988]
A2: [-0.009108494142169929, -0.3468030988572119, 0.2494551726312458, 0.10645676548917979] - [0.08003981135978748, 0.0362822414526852, -0.05025012800580358, -0.06607197537471869] - [-0.042452865386897236, 0.2308318403981655, -0.040531294764018684, -0.14784788976830657] - [0.0681347400564025, -0.293467894849073, 0.14177119868839289, 0.08356181703916778]
B1: 5.166591555556357e-08 - 4.970920504104528e-09 - 1.4619250690303311e-08 - 1.2371983158762995e-08
B2: 2.0913235851125862e-08 - 2.582942410416455e-08 - 3.163380993843583e-08 - 1.4423657807630792e-08
