Number: 3477
Error: 2.0932332173415847e-09
A1: [0.06617451313860996, -0.11398989397038448, -0.024022602981402054, 0.07168426232522028] - [0.03737712531173235, 0.18816901218196397, -0.14743397742202183, -0.0782120719372784] - [-0.05999460548079641, 0.3291762628728896, -0.12752334248274821, -0.14073985110200046] - [0.03927391796270681, -0.05310650335605677, -0.037198187780897236, 0.05191369498210793]
A2: [-0.009147328479336537, -0.34684428984850185, 0.24941601067437746, 0.10641607964055905] - [0.08008811366759334, 0.03633427199712067, -0.05019732998519425, -0.06601871598907184] - [-0.042614355477728336, 0.23065356693620237, -0.040704425752429926, -0.1480265479636029] - [0.06812548742522243, -0.2934780797995228, 0.14176119355621072, 0.08355146323449276]
B1: 1.1594727318478896e-05 - 1.047210684327503e-06 - 5.054049548290915e-06 - 1.7569594178324669e-06
B2: -2.870605593721278e-05 - 9.875646978529054e-05 - 7.446071163443262e-05 - 1.3624706956593903e-05
