Number: 7124
Error: 1.139185847226969e-15
A1: [0.0804316961974641, -0.1804677992389717, -0.019588845474222155, 0.11962498324973304] - [0.037415599554996334, 0.1335964057214014, -0.13472616667603304, -0.03628580554700013] - [-0.0017027886480179206, 0.22819014687089154, -0.12282835232489539, -0.1036588798677973] - [0.03886323953050746, -0.11448101346534863, -0.046416436297641986, 0.1220342330511497]
A2: [0.035307520540938116, -0.029273398103020813, -0.07569727628450558, 0.06966348883522851] - [0.10289374346335914, 0.2828966939966316, -0.39260640322222445, 0.006815988456741145] - [-0.01118718512144958, 0.5390145050488928, -0.3594510960707818, -0.1683765542701152] - [0.09786279364413282, 0.017463310705569317, -0.16885101600113908, 0.05352487233323453]
B1: 4.029435634757731e-08 - -2.736147434831427e-08 - -1.2363437446989861e-08 - 1.767792556000892e-08
B2: -8.379842620911415e-10 - -7.947809016646836e-10 - 1.710218655361774e-08 - -3.541978471820906e-09
