Number: 8333
Error: 1.1006284365793683e-15
A1: [0.08043169043782039, -0.18046780499799112, -0.019588851227041723, 0.11962497749070392] - [0.03741560615516688, 0.13359641231662278, -0.1347261600888557, -0.0362857989503785] - [-0.001702803839292783, 0.22819013167993676, -0.12282836749392835, -0.1036588950550122] - [0.038863235044107484, -0.11448101793917109, -0.046416440781210995, 0.12203422856751418]
A2: [0.035307341642551254, -0.029273577496135163, -0.07569744637902136, 0.06966330159889027] - [0.10289376540247724, 0.28289671612197, -0.3926063820029451, 0.006816011430159256] - [-0.011187101772893048, 0.5390145888945315, -0.3594510171795474, -0.16837646644285223] - [0.09786283885806499, 0.017463356125110952, -0.16885097296032897, 0.05352491979304134]
B1: -2.9482714038473006e-08 - -1.3017954843186524e-09 - -3.826764021123899e-09 - 6.710175057151645e-09
B2: -1.0159633376075262e-08 - -9.413855948470795e-09 - -2.1595557418010665e-08 - -7.797626523032303e-09
