Number: 1178
Error: 6.04224483475576e-08
A1: [-0.0073611952228911015, -0.015159211973518672, 0.0028160611644806105, 0.01926730579042867] - [0.06836065858598876, 0.19136047929979438, -0.145149714247287, -0.10815373730549584] - [-0.11452305793224643, 0.43989533040426504, -0.07280356637148154, -0.2602035288782379] - [-0.024557699463277904, 0.014190873794300854, -0.031125875650746555, 0.03764610119608708]
A2: [0.13190164194200338, -0.22431708402661932, 0.02297837878628635, 0.07047511285677358] - [0.03237405928074336, 0.20348344986152958, -0.11515808951886389, -0.12172613774582008] - [-0.09554681478802671, 0.5546276433313573, -0.23610991349512364, -0.22655708611147862] - [-0.021708350971813513, -0.02015180301246759, 0.0072419527590711005, 0.031338225146126976]
B1: 5.753247847005834e-05 - -4.6970124132312305e-05 - 0.0001306737447898028 - 0.00038501868520022717
B2: -1.120709178020925e-05 - -7.282362784099641e-05 - 0.00011348255189642573 - -0.0003445425063615658
