Number: 9263
Error: 6.835655270248482e-09
A1: [0.053553628257855715, -0.14762019641080248, -0.026618396328058968, 0.12220918373591413] - [0.005826299115926549, 0.13134978890404683, -0.1130884715039292, -0.02203643315326136] - [-0.014006972185108319, 0.22352922168712583, -0.1266039609287425, -0.08116815215963835] - [0.027641953577883176, -0.09952470484256515, -0.048927974035098624, 0.12279507413384151]
A2: [0.08922890295181186, -0.07293877350628485, -0.12365235481629248, 0.10726057372882987] - [0.10904504709003661, 0.25001739460225947, -0.40464604503706686, 0.04639632169805875] - [0.037033771130574135, 0.4629510920433792, -0.37732927267161054, -0.12107117435168994] - [0.14322643965323942, -0.04480577640013286, -0.20169470107510962, 0.10247683134379026]
B1: 9.045074592707602e-05 - -1.716984378161337e-05 - -6.0125612337907076e-05 - 0.00011624997415298444
B2: 3.2385791976450616e-05 - 6.68189945030694e-05 - 5.8609382279142966e-05 - 3.13303252948432e-05
