Number: 9469
Error: 2.398724330705758e-14
A1: [0.0531732322718384, -0.1480005886232087, -0.02699836596145662, 0.12182850443917688] - [0.005314057192345395, 0.13083703197635166, -0.11360040646243134, -0.022549425522484404] - [-0.014444882394958586, 0.22309121485292724, -0.1270415851015519, -0.08160633896768152] - [0.027148041282216664, -0.10001845679444091, -0.04942292381322603, 0.12229970568114405]
A2: [0.08925321615921501, -0.07291461255015169, -0.12362863783935481, 0.10728512264726932] - [0.10884052501319642, 0.24981297712785683, -0.4048464694679321, 0.04618825606044043] - [0.03663494118970067, 0.4625541338487278, -0.37771841666387734, -0.12147426851597151] - [0.14342451412981957, -0.044608535242558145, -0.2015014092702556, 0.10267791495268694]
B1: -3.6798759905647775e-07 - 2.863083030020304e-08 - 2.145303673447357e-08 - 3.541684834088378e-07
B2: 7.560140891906665e-07 - -1.1173509104332261e-09 - -6.148358588923832e-07 - -3.8683248792766524e-07
