Number: 2950
Error: 2.8977169648242735e-08
A1: [0.06253167995157487, -0.04877076020449171, -0.024337801398972257, 0.006958598863523758] - [0.043912520805356604, 0.19151312995060119, -0.14230589675843078, -0.09223502738861296] - [-0.12283615695076792, 0.4154689572626944, -0.10424785338354274, -0.18646302123006023] - [0.037236092999505206, 0.01940092889496941, -0.032901564769879245, -0.022821121831091844]
A2: [0.06205537158453835, -0.17506741076004623, 0.08493855524830388, 0.022585178377571357] - [0.029063789067159534, 0.20007564747893472, -0.10193587044240343, -0.1280947900261336] - [-0.09377593965547375, 0.5133222137104094, -0.22597110271885706, -0.19545101214758376] - [-0.0260015554210054, 0.018444861245498368, -0.05036167541576796, 0.05690647712476063]
B1: 0.00013980136214673954 - -5.569037670314397e-05 - 0.00020344336399360022 - 9.96544488977981e-05
B2: -0.00011976211286118681 - -0.0002619489047420426 - 0.0003868674182787335 - 0.00017091983655588924
