Number: 4155
Error: 8.577331981548049e-16
A1: [0.0662131645716468, -0.11395209643714772, -0.023983967376807056, 0.0717228510682368] - [0.03740260290350883, 0.18819336062221856, -0.14740895584766517, -0.07818701924711996] - [-0.06022937804489436, 0.3289507936725713, -0.12775311625952107, -0.1409683287498755] - [0.03904610467634568, -0.05332273775953916, -0.037418643082314365, 0.051695068156235154]
A2: [-0.009108635776246196, -0.3468032491086896, 0.2494550298512815, 0.10645661699371828] - [0.08003983088787191, 0.03628226248996152, -0.05025010666284888, -0.0660719538504978] - [-0.042452784091668826, 0.23083193012042724, -0.04053120764513228, -0.147847799859055] - [0.06813475473560207, -0.2934678786867435, 0.14177121460215356, 0.08356183349713994]
B1: -1.0032576158477768e-08 - -4.8243846107863476e-09 - 1.596815170790772e-08 - -3.5392587119348403e-09
B2: 1.3012616977996449e-08 - 1.6885666685813258e-08 - -1.5500548948761256e-08 - -1.2860524708683257e-08
