Number: 4270
Error: 1.1433082930313889e-15
A1: [0.0662132171017194, -0.11395204508094814, -0.02398391488795418, 0.07172290351015075] - [0.03740261674330888, 0.18819337384520604, -0.14740894224208032, -0.07818700564033051] - [-0.06022931262157484, 0.32895085650806677, -0.12775305224012345, -0.14096826507479895] - [0.039046127369005194, -0.05332271622051183, -0.03741862112791949, 0.05169508993236015]
A2: [-0.009108574625293105, -0.3468031842370687, 0.2494550914970209, 0.10645668110714274] - [0.080039863340609, 0.03628229745085545, -0.050250071193859255, -0.06607191808032943] - [-0.04245285686142311, 0.23083184980721239, -0.04053128562806281, -0.14784788033964086] - [0.06813470612626746, -0.29346793220771045, 0.14177116190497668, 0.08356177899710417]
B1: -2.4943274853072787e-08 - 3.136708471930248e-08 - -3.5162761232729385e-09 - -1.52073868607928e-08
B2: 1.220970453725176e-08 - -9.502661023893566e-09 - 4.942434013057486e-09 - -1.8987109693530144e-08
