Number: 5377
Error: 1.3114601349736664e-15
A1: [0.06621319385077523, -0.11395206781226748, -0.023983938120641736, 0.07172288029822112] - [0.03740264574756859, 0.18819340155697398, -0.14740891372854598, -0.07818697712429971] - [-0.06022939887591023, 0.328950773665283, -0.12775313664351962, -0.14096834902398278] - [0.039046113107857966, -0.053322729756502596, -0.03741863492490936, 0.051695076247320094]
A2: [-0.009108616754551857, -0.34680322892932397, 0.24945504902647958, 0.10645663693711722] - [0.08003993276166024, 0.03628237223712913, -0.05024999532051558, -0.06607184156292265] - [-0.042452867895176945, 0.23083183762991782, -0.04053129745218077, -0.14784789254226244] - [0.06813475284438957, -0.2934678807689978, 0.14177121255144898, 0.08356183137688052]
B1: -2.5081615708933025e-08 - 1.4311751130229907e-07 - -4.80483122493503e-08 - -2.9165365326157412e-08
B2: 2.3929524887474466e-08 - 2.2297138087450777e-08 - 7.285254942532546e-09 - -7.463757257016245e-10
