Number: 4642
Error: 4.228158773783227e-16
A1: [0.06621320486028409, -0.11395205704884641, -0.023983927119817405, 0.07172289128922386] - [0.03740261476804324, 0.18819337195797567, -0.14740894418392161, -0.0781870075823574] - [-0.06022937192396932, 0.3289507995513507, -0.12775311026998384, -0.14096832279237184] - [0.03904611944226915, -0.0533227237442469, -0.03741862879675633, 0.05169508232577977]
A2: [-0.009108631819662209, -0.34680324491130216, 0.24945503383973405, 0.10645662114194618] - [0.08003979691350514, 0.036282225889877485, -0.05025014379482845, -0.06607199129779356] - [-0.042452888282516865, 0.2308318151290791, -0.04053131929993981, -0.14784791509000758] - [0.06813468250795501, -0.2934679582124178, 0.14177113630028093, 0.08356175251677475]
B1: -7.747008539459257e-09 - 1.1481565962927494e-09 - -1.0210377340594601e-08 - -1.7524869812672888e-08
B2: -3.44989708146317e-10 - -8.074127883149511e-09 - 1.0364027237128617e-08 - -3.083249261279156e-08
