Number: 1700
Error: 2.948352105821398e-07
A1: [-0.007886609848096676, -0.01570837634544874, 0.0022721535770735294, 0.018723241280670492] - [0.0673878987903318, 0.19042389428476256, -0.14615584406979565, -0.10923860113690813] - [-0.11229553470007886, 0.44204643035178637, -0.0704976098600175, -0.25779285232907423] - [-0.02484558307412265, 0.0138784302105501, -0.031441321422054254, 0.03734239503059083]
A2: [0.13112388070819012, -0.22506878559195498, 0.02220927206577659, 0.0697051438059746] - [0.03315345943800462, 0.20424995202411625, -0.11438241442375927, -0.120959017178282] - [-0.0951428852103104, 0.5550445151241588, -0.23570765721102188, -0.22614896991748717] - [-0.021622589189120713, -0.020053112958162523, 0.0073242637515934465, 0.031414881619545684]
B1: -0.0005269424567237123 - 0.0013276232211240104 - -0.00018554869915431068 - -0.0004305272821476332
B2: 0.00010793353719897335 - -0.0010065415491944455 - -0.0006327439912411071 - -8.211880496678751e-05
