Number: 8560
Error: 9.47759411565656e-16
A1: [0.08043165615491282, -0.1804678392769637, -0.019588885468910446, 0.11962494321176848] - [0.03741551515290871, 0.13359632138325453, -0.13472625090972518, -0.036285889902215] - [-0.0017027850446580453, 0.2281901504741637, -0.12282834872681543, -0.10365887626539173] - [0.03886321643048973, -0.11448103650046748, -0.046416459382924664, 0.12203420996554168]
A2: [0.0353072854788356, -0.029273633815219052, -0.07569749977897089, 0.06966324281761448] - [0.10289371010382965, 0.28289666035402494, -0.39260643548712576, 0.006815953524473875] - [-0.011187177404035596, 0.539014512812348, -0.3594510887662946, -0.16837654613776398] - [0.09786270548368085, 0.017463222144100832, -0.16885109992441116, 0.05352477979368905]
B1: -1.4316813335185433e-08 - 6.654978322079102e-09 - -7.695900879587712e-10 - 7.003899712264703e-09
B2: 2.7728547988640456e-08 - -4.3594506751365243e-08 - 1.709578109712515e-08 - 2.279786767351024e-08
