Number: 4868
Error: 1.264977103414831e-15
A1: [0.06621321818462308, -0.11395204402222968, -0.023983913805908946, 0.07172290459121809] - [0.03740260758370837, 0.1881933650938455, -0.14740895124666184, -0.07818701464572678] - [-0.06022940604975979, 0.3289507667754225, -0.12775314366343463, -0.14096835600620247] - [0.03904623564821284, -0.05332261344582386, -0.03741851637126315, 0.05169519383839262]
A2: [-0.00910856394902128, -0.34680317291123436, 0.2494551022595702, 0.10645669230062192] - [0.08003991039694386, 0.03628234814399147, -0.050250019763933916, -0.06607186621374457] - [-0.04245277424508625, 0.2308319409876783, -0.040531197093018834, -0.1478477889691519] - [0.06813488225587712, -0.2934677382816112, 0.14177135284605102, 0.08356197647062454]
B1: -2.020497936837145e-08 - 8.548145118009844e-09 - -1.8023610255732225e-08 - 1.1243378171521655e-08
B2: -3.899872094779565e-08 - -1.7756662367173076e-08 - 1.7710558774759626e-08 - 1.5562419899329852e-08
