Number: 3633
Error: 5.350067489324756e-13
A1: [0.06621524344266529, -0.1139500640144859, -0.023981890141753986, 0.07172492644869534] - [0.037404765934013144, 0.1881954272548189, -0.1474068294157711, -0.07818489263386484] - [-0.06022893005457348, 0.3289512239525731, -0.1277526778739462, -0.1409678927299999] - [0.03904379503456083, -0.05332493000004324, -0.03742087760043923, 0.051692851796208104]
A2: [-0.009104988529291381, -0.34679937996643306, 0.24945870660083685, 0.10646044090412175] - [0.08003920397860843, 0.03628158712891605, -0.05025079183820085, -0.06607264483474705] - [-0.04245304592878811, 0.23083164112308122, -0.040531488249598895, -0.14784808943766678] - [0.06813831538312519, -0.29346395826794064, 0.1417750746864081, 0.08356582562834641]
B1: -1.806081135173562e-07 - 1.0027782326696752e-06 - 1.0888813946022448e-06 - -1.87941433261027e-07
B2: 1.5302958143517538e-06 - -3.0594262202656e-06 - 9.875469073235065e-07 - 2.3073009179936e-06
