Number: 3046
Error: 1.3107606335799638e-07
A1: [0.06294373867494091, -0.04836213622532087, -0.02393110231677764, 0.0073620433102222025] - [0.044102813933807036, 0.19169615134974685, -0.14210810796880075, -0.09202537156360723] - [-0.12448035438613397, 0.4138386391701804, -0.1058884735187677, -0.18809129521021256] - [0.0361568743710425, 0.018317338105420064, -0.033984632412900485, -0.023905118123821067]
A2: [0.0617658962593412, -0.17535562898237061, 0.08465791854374252, 0.022300463059860914] - [0.02947086019837702, 0.20047705509596167, -0.10152973231187222, -0.1276967784631728] - [-0.09248010920133969, 0.5145913490601601, -0.22467463037212068, -0.19419394235098497] - [-0.02331793814317841, 0.021107848688302424, -0.04768736526101752, 0.05952092334709428]
B1: 0.0007568735927246614 - 0.00048361040398174344 - -9.541740160744116e-05 - -0.00018576486737138402
B2: 0.000200890859017077 - 1.463799475245245e-05 - 0.0004941248268189435 - 0.0003036244658239902
