Number: 7479
Error: 1.2756018237246854e-15
A1: [0.08043172891677257, -0.18046776652337657, -0.019588812794046593, 0.11962501596529958] - [0.037415630184551574, 0.13359643632777024, -0.13472613610751008, -0.036285774934414886] - [-0.0017027753938403897, 0.22819016012478816, -0.12282833909012222, -0.10365886661715226] - [0.03886327468631733, -0.11448097840820867, -0.046416401164245294, 0.12203426818510255]
A2: [0.03530749860183043, -0.029273420102800023, -0.0756972971439171, 0.0696634658735524] - [0.1028937397243742, 0.2828966902259194, -0.3926064068385182, 0.006815984541484875] - [-0.011187090939947275, 0.5390145997921465, -0.3594510069259148, -0.16837645502779552] - [0.09786280327264839, 0.01746332037788565, -0.16885100683541784, 0.05352488244004475]
B1: 1.6195405975823556e-08 - 1.2544702696098e-08 - -1.0122306629040112e-08 - 1.0095357850295058e-08
B2: 8.781581364353033e-09 - 8.112249742422992e-09 - 9.530461638680615e-09 - 7.833340776445335e-09
