Number: 7961
Error: 7.708985006854975e-16
A1: [0.08043168611723885, -0.18046780931806786, -0.01958885554240283, 0.1196249731706561] - [0.03741559933911027, 0.13359640550568233, -0.13472616689143585, -0.0362858057627462] - [-0.0017028057578720567, 0.22819012976140252, -0.12282836940968912, -0.1036588969730772] - [0.03886323299646052, -0.1144810199810715, -0.04641644282752656, 0.12203422652116167]
A2: [0.035307500615446186, -0.029273418083618354, -0.07569729522932803, 0.06966346798094943] - [0.1028937518704878, 0.2828967024751171, -0.39260639509093836, 0.0068159972602165] - [-0.011187139652704764, 0.5390145507888283, -0.35945105303365904, -0.16837650635806806] - [0.09786281141114489, 0.017463328553389282, -0.16885099908807705, 0.05352489098279216]
B1: 1.2874350091555228e-08 - -9.416994346021392e-09 - -2.5199170590981267e-08 - -1.0642027798078705e-08
B2: 4.16742029072178e-09 - -2.587444658141728e-08 - -3.9460081287088354e-09 - 2.144058245236758e-09
