Number: 381
Error: 7.394382380921596e-12
A1: [-0.012151565237296642, -0.014515289491401176, 0.01808930789230305, 0.00858505337041592] - [0.06583988808966691, 0.18949973668789188, -0.14531776033831653, -0.11000338055904754] - [-0.09629850642899634, 0.4217808412108828, -0.053463225064007115, -0.2720420629472466] - [-0.0013306829238945146, -0.018228075161460588, -0.003844882289650788, 0.02336612990987073]
A2: [0.161603363086833, -0.16773844949508504, 0.008517638179116434, -0.0023168485951958772] - [0.03547847825102387, 0.20750959201313932, -0.11721764003103097, -0.1257991181742618] - [-0.0861827561938542, 0.5815682747030947, -0.23535877316342338, -0.2599055503015419] - [-0.003815694986198876, -0.004500339940411733, 0.0011293309621774107, 0.007261829792550239]
B1: -4.0822400272837434e-06 - 1.625039731549988e-06 - 1.8268159425387407e-06 - -4.125997493069552e-06
B2: -9.336051443257559e-06 - 1.5159927594034334e-07 - 7.589004232709472e-07 - -2.92999202641696e-06
