Number: 5221
Error: 9.96274625856941e-16
A1: [0.06621312469529475, -0.11395213542241966, -0.023984007221892294, 0.07172281125876653] - [0.037402529371791185, 0.18819329036767, -0.14740902813495121, -0.07818709154082434] - [-0.060229129620830484, 0.32895103227031797, -0.12775287316627085, -0.14096808696379629] - [0.03904611751907912, -0.05332272556956676, -0.037418630657296816, 0.051695080480288556]
A2: [-0.009108476397878831, -0.3468030800333355, 0.24945519051890153, 0.10645678409313063] - [0.08003971159925058, 0.0362821339821351, -0.05025023703822775, -0.06607208533295528] - [-0.04245283612256021, 0.23083187269599661, -0.04053126340334413, -0.14784785740310216] - [0.06813479692990075, -0.293467832229098, 0.1417712603444296, 0.08356188080467256]
B1: -5.11772582592603e-08 - 3.3094019338743995e-08 - -1.5310386982650274e-08 - -3.2737817223961966e-08
B2: -3.913525907557892e-08 - -4.2318697605924565e-08 - -2.1005426450504292e-08 - 1.0533772323688456e-08
