Number: 6475
Error: 7.900257222231368e-16
A1: [0.08043169112172087, -0.18046780431414106, -0.01958885054389903, 0.11962497817456878] - [0.03741559439139363, 0.13359640056170416, -0.1347261718293503, -0.03628581070774307] - [-0.001702815299561922, 0.22819012021992105, -0.12282837893741509, -0.10365890651222766] - [0.038863234407124636, -0.11448101857435576, -0.04641644141776057, 0.12203422793095127]
A2: [0.03530744938217063, -0.02927346945860294, -0.07569734394138002, 0.06966341435988657] - [0.10289374106667941, 0.28289669157960573, -0.3926064055402623, 0.006815985947059216] - [-0.011187091578490986, 0.5390145991498048, -0.3594510075303294, -0.16837645570063042] - [0.0978628081183695, 0.017463325245645575, -0.16885100222260463, 0.053524887526473934]
B1: -2.6226849443626593e-09 - 4.607092420811337e-10 - -2.5598475043088976e-09 - 1.2253442653779804e-10
B2: -4.579415893235581e-10 - -2.34319348100706e-09 - 1.8523489544935294e-09 - -2.9166398332886785e-09
