Number: 8875
Error: 4.5834918792174235e-05
A1: [0.0804649806260506, -0.17956031165744643, -0.019985914573469155, 0.12023803186220872] - [0.03720131620579402, 0.13444656807949606, -0.1341303531604741, -0.0361442820265149] - [0.011695937325975016, 0.24210814303257777, -0.10893683302277786, -0.09005417531960332] - [0.05395248838074657, -0.09835645363995267, -0.0320005576755131, 0.1378032132177385]
A2: [0.05460486323154192, -0.009927525246481904, -0.057128728363415066, 0.08982151207402687] - [0.11414006781802963, 0.29434840557965947, -0.3807509159792396, 0.018526194266235137] - [-0.004597872041091619, 0.5443505269144769, -0.35375155966922006, -0.1611726542580389] - [0.10952641730366547, 0.02947516715520259, -0.15733364494127447, 0.06579951514642678]
B1: 0.007927138862258005 - 0.005335050949502807 - 0.0017939955360905622 - 0.0011877923899517237
B2: 0.004658648990662881 - 0.005330438505970807 - -0.009464332184969138 - -0.004715791184207788
