Number: 6655
Error: 1.2337855292811326e-15
A1: [0.08043167420826987, -0.18046782122567662, -0.01958886743712645, 0.11962496126304951] - [0.037415603627555166, 0.13359640979087598, -0.1347261626115919, -0.03628580147669797] - [-0.001702900642325502, 0.22819003487897616, -0.12282846415522367, -0.10365899183221491] - [0.038863264685762115, -0.11448098838069065, -0.04641641115841675, 0.12203425819077002]
A2: [0.03530742560875334, -0.029273493297774397, -0.07569736654483492, 0.0696633894784198] - [0.10289375603812216, 0.2828967066781132, -0.39260639106008033, 0.006816001624350055] - [-0.011187159799900452, 0.5390145305214815, -0.3594510721033569, -0.16837652758793434] - [0.09786277484220297, 0.01746329181811649, -0.16885103389935302, 0.053524852597322786]
B1: 1.2219956666581693e-09 - 8.709241406931447e-09 - -1.5543817875870377e-08 - -4.8453778219569405e-09
B2: -1.2512492877646984e-09 - 1.8274325200381115e-08 - -5.33580994991978e-08 - 2.764254116553159e-08
