Number: 3473
Error: 1.469270278710101e-09
A1: [0.06615181998992091, -0.11401208538203868, -0.02404528306375682, 0.07166160397537212] - [0.037330264449502874, 0.1881242411659455, -0.1474800373157579, -0.07825814158978049] - [-0.059944686457423284, 0.32922420222177123, -0.12747448905189998, -0.14069127283289296] - [0.039249143523425165, -0.053130012435407374, -0.0372221379302389, 0.051889924795607605]
A2: [-0.009234045370482433, -0.3469362759116328, 0.24932858699264962, 0.1063251653410298] - [0.08011615433203421, 0.03636447794246706, -0.050166681019609784, -0.06598780471183997] - [-0.042650979255744646, 0.23061313286785337, -0.040743682326542206, -0.14806707205546685] - [0.06804294998378935, -0.293568955821565, 0.14167171190205122, 0.0834589184980438]
B1: 1.130056439362155e-05 - 2.24151135991967e-06 - 7.006260505262054e-05 - -2.982376105672912e-05
B2: -7.193969531587899e-05 - 0.00011990434540211008 - 7.877582515412449e-05 - -1.5097482443840656e-05
