Number: 2565
Error: 1.0235273686575707e-08
A1: [0.0637681791073534, -0.047534401674536444, -0.023110724809327274, 0.008188203956258785] - [0.04320682540039453, 0.19083153798386202, -0.1430334511271096, -0.09301359192387118] - [-0.12290212134483663, 0.4154111445604821, -0.10430379809384861, -0.18651874867224175] - [0.037184264381984064, 0.019355742132198147, -0.03294771221090476, -0.022868019857215423]
A2: [0.06345087110346079, -0.173682171371438, 0.08633900689380784, 0.023967822855928196] - [0.02968460268783685, 0.20068707988743933, -0.10131666898746301, -0.12748710803342553] - [-0.09268758586072608, 0.5143893364039615, -0.2248858380044429, -0.19439890039028412] - [-0.025047343409608812, 0.019397328528468746, -0.04941536422990053, 0.05783176436430633]
B1: 0.0002385180037643873 - 0.0001257661515108222 - 2.7373232127287732e-05 - -3.337911056521342e-05
B2: -4.0980775104932865e-05 - 0.0001705226290215024 - -2.2465074278205036e-05 - 2.5020297485241465e-05
