Number: 1219
Error: 7.134800054778445e-08
A1: [-0.008656598870757842, -0.01647268585268662, 0.0014683629114041676, 0.01794298272168302] - [0.06704735553696149, 0.19009710088202342, -0.14650739252503744, -0.10961664457324882] - [-0.11344191203807948, 0.44094891211773496, -0.07167753463756851, -0.2590299886948922] - [-0.024371451745643053, 0.014362963066512177, -0.030951742817205842, 0.037849219315457996]
A2: [0.13167803685341084, -0.22453783028646607, 0.02275642712887174, 0.07025078587814515] - [0.03316974863834581, 0.20426470547973544, -0.11436720208409289, -0.12094606100811797] - [-0.09527818720419645, 0.5548934020181311, -0.23585046460225956, -0.22628113578549405] - [-0.021409819191718304, -0.019853899405333608, 0.007540529188831766, 0.031625175009880484]
B1: 0.0003096022049091759 - 8.327861876830498e-05 - 0.00043767812978540247 - 0.0004349330950094106
B2: -0.00044359562696014686 - 0.0010415471844099852 - -4.727744587505994e-05 - 0.0001988831041184211
