Number: 4472
Error: 1.049389860682925e-15
A1: [0.0662132018350544, -0.11395206000647476, -0.023983930142661182, 0.07172288826909327] - [0.03740262422382235, 0.18819338099232705, -0.14740893488815696, -0.07818699828577118] - [-0.060229428226282015, 0.3289507454760487, -0.12775316536412432, -0.14096837759030392] - [0.039046155968264086, -0.05332268907512368, -0.03741859345906158, 0.051695117376587496]
A2: [-0.009108470187894756, -0.3468030734453821, 0.2494551967793681, 0.10645679060397442] - [0.08003981754507093, 0.036282248115971624, -0.05025012124574497, -0.06607196855719828] - [-0.04245284883116666, 0.2308318586699485, -0.040531277022466526, -0.14784787145837158] - [0.06813481230039488, -0.29346781530543553, 0.14177127700789557, 0.08356189803786532]
B1: -3.382862623695201e-08 - -5.676406800470029e-09 - -1.2846992113110526e-08 - 1.046358105905463e-08
B2: 2.1383646973184116e-08 - 1.0109604093282427e-08 - -7.379130692022015e-08 - 6.395023815405218e-09
