Number: 8860
Error: 3.783772701789966e-05
A1: [0.08385663141166352, -0.17679967053823, -0.01767174865501055, 0.12340392020885617] - [0.041080358820288966, 0.13752019619909112, -0.13185940424654907, -0.03246954002092786] - [0.0021366203192433484, 0.23206349669279308, -0.11941228313357605, -0.0998287819718402] - [0.043851561353844784, -0.10913476396040213, -0.04318963554714722, 0.12745634237044928]
A2: [0.025829045791166176, -0.03887954962681084, -0.08475425577405526, 0.059788193132246495] - [0.10428608938985807, 0.28441550716849756, -0.3906177672820886, 0.008196222399966981] - [0.009439209965199388, 0.5588785295507956, -0.34047327351504203, -0.14655696092271522] - [0.0951410530052766, 0.014880225378711313, -0.17119214860556464, 0.05067646665750855]
B1: 0.0007055310751570933 - -0.0036186550153890756 - -0.004361936336793609 - 0.002422544877084244
B2: 0.00554464370051072 - 0.005557342444780639 - 0.0024818650353792843 - 0.003914161385294455
