Number: 860
Error: 8.776647768118949e-10
A1: [-0.012218567129529439, -0.014584115358505503, 0.018015242396690195, 0.008513447952958914] - [0.06584616729930076, 0.18950577710714922, -0.14531126728411137, -0.10999638906579809] - [-0.0963237813885486, 0.4217564088422922, -0.05349065588709266, -0.27207151214430825] - [-0.0013040491999302105, -0.01820246218468503, -0.0038165355501863485, 0.023396913845867506]
A2: [0.16161209069924087, -0.16772987953365123, 0.00852619138441878, -0.0023083353082460987] - [0.03549363715710257, 0.20752450786617027, -0.1172025439493973, -0.12578428803859706] - [-0.08620050431039464, 0.581550892654436, -0.2353760405153584, -0.2599228518561836] - [-0.00382327451137403, -0.004507791789154881, 0.0011218290205563045, 0.00725457972036284]
B1: 1.7536183784655222e-05 - 1.4939600040887698e-05 - 1.8197758185886932e-05 - 1.002014196027899e-05
B2: -7.841273000255436e-06 - 6.730177954249764e-07 - -2.4443320422626518e-05 - -1.9217539456915305e-05
