Number: 1095
Error: 5.085577289597437e-06
A1: [-0.01107472095679226, -0.01883034337518314, -0.0009623181141343229, 0.015322829377698027] - [0.06684710199224071, 0.189818868640996, -0.1468021304544587, -0.10977343757655872] - [-0.10722851564929976, 0.4472729358405919, -0.06533947902657779, -0.25271738190011844] - [-0.03856859932678146, 0.0005010830000074655, -0.04502461832751317, 0.023040704254075967]
A2: [0.13428711164129414, -0.22199485012261957, 0.025490610584475965, 0.07279944748289631] - [0.029026013916663325, 0.20028421138474695, -0.1183710647747162, -0.1251540325180867] - [-0.0980664451584301, 0.5522579292270064, -0.23830070347716245, -0.22929248343102862] - [-0.010588047028158205, -0.009417698798686487, 0.018748980554512518, 0.041685969037091625]
B1: -0.001256499820187387 - -0.004184558765605734 - 0.0015140301966502885 - -0.003142578238179477
B2: -0.004815068552013814 - 0.0018109746705911988 - -0.007361549600749034 - -0.003393640680400149
