Number: 603
Error: 1.103653904561461e-13
A1: [-0.012153688664444362, -0.014517472919541054, 0.01808695752484865, 0.00858278228636549] - [0.06583517452496038, 0.1894952023184911, -0.14532263322145939, -0.11000862855606083] - [-0.0962940721455084, 0.4217851252558233, -0.053458416322932016, -0.2720368970715084] - [-0.0013219099346014342, -0.018219638870194243, -0.003835546825549952, 0.02337627005869604]
A2: [0.16158664961759278, -0.16775484311452243, 0.008501264139518681, -0.002333138892685256] - [0.0354857757162637, 0.20751677312510056, -0.11721037224469194, -0.12579197849551244] - [-0.08621363074759189, 0.5815380374783524, -0.23538881037441378, -0.2599356520986574] - [-0.0038343698057008773, -0.004518702244542028, 0.0011108482579173383, 0.0072439644077010356]
B1: 1.2527292177929135e-08 - 1.3311323114496884e-07 - 1.15385915317634e-08 - 1.9448963701414317e-07
B2: -2.7806730513763874e-07 - 1.1712190468846853e-07 - 1.5254823367055866e-06 - -2.6053708467220777e-07
