Number: 7349
Error: 9.696860595561089e-16
A1: [0.08043166008987256, -0.18046783534247623, -0.019588881538641138, 0.11962494714626506] - [0.03741558007578497, 0.1335963862569327, -0.13472618611643006, -0.0362858250154202] - [-0.001702857481050201, 0.22819007803933003, -0.1228284210571395, -0.10365894868245465] - [0.03886322061537401, -0.11448103232740454, -0.04641645520072814, 0.1220342141477695]
A2: [0.035307375868823966, -0.02927354317527475, -0.07569741383696703, 0.06966333742022027] - [0.10289370262157836, 0.2828966528082249, -0.3926064427238657, 0.006815945689443624] - [-0.011187088538634237, 0.5390146022077783, -0.3594510046530187, -0.16837645249745595] - [0.09786277309329176, 0.017463290061250154, -0.16885103556422643, 0.053524850761556525]
B1: -2.232691609011879e-08 - -1.155123442212872e-08 - 6.4940775733571296e-09 - -3.5123865375106438e-09
B2: -1.0402654729648525e-08 - 1.8536808213725347e-09 - -1.9352166149876104e-08 - 8.839897585041174e-10
