Number: 5407
Error: 1.8536111106646342e-15
A1: [0.06621312420335174, -0.11395213590329668, -0.023984007713393277, 0.07172281076770377] - [0.03740252166018027, 0.18819328299982957, -0.14740903571599318, -0.07818709912253863] - [-0.06022943257245454, 0.32895074130149987, -0.12775316961693434, -0.14096838182004293] - [0.03904633167141063, -0.05332252230381434, -0.03741842347168876, 0.051695285983660785]
A2: [-0.009108430578502543, -0.34680303142629937, 0.2494552367087619, 0.10645683213199796] - [0.08003975673971073, 0.03628218261135219, -0.05025018770203901, -0.06607203557809459] - [-0.04245282776827426, 0.23083188191625764, -0.04053125445083089, -0.14784784816364227] - [0.06813470902750426, -0.29346792901309304, 0.1417711650498126, 0.08356178225030401]
B1: -2.1554208391917422e-08 - 2.236675284658395e-08 - -5.444495182501754e-08 - -6.491986117259354e-08
B2: 1.9491604186367544e-09 - -8.555304480048942e-09 - -1.1816307567948633e-07 - 7.519203878254627e-08
