Number: 2859
Error: 3.283142759935191e-08
A1: [0.06331892977797364, -0.04798721724196346, -0.023558070003010988, 0.007740842788198832] - [0.043684574377011856, 0.19129268843262567, -0.14254098994402595, -0.09248670254511687] - [-0.12309939051515495, 0.41520468105061015, -0.10451288363802187, -0.18672816734722295] - [0.03754418588594668, 0.019707806773203503, -0.03259342693692913, -0.02251534465217]
A2: [0.06305862421485883, -0.1740670678639618, 0.0859399555309528, 0.023577431952115962] - [0.029347799891675717, 0.20035572890988082, -0.10165251642617013, -0.12781642172530935] - [-0.09338599678015196, 0.5137053405502918, -0.22558231874023266, -0.1950753164585621] - [-0.025893072835863007, 0.018554596873857538, -0.05025345260591738, 0.05700984693100802]
B1: -0.00011991663371502194 - -5.944712355041334e-05 - 1.3555418903055813e-05 - -0.00010551729443043454
B2: -4.529205177866618e-05 - 0.00013183029876892268 - 8.030356022295664e-05 - 0.0001846271466957315
