Number: 9963
Error: 9.12436126508631e-16
A1: [0.05317253621356217, -0.14800128490756925, -0.026999061232004382, 0.12182780804870563] - [0.005313772909053957, 0.13083674741639453, -0.11360069068818607, -0.02254971020916185] - [-0.014444511010204152, 0.2230915863833547, -0.12704121400313906, -0.08160596744480983] - [0.02714657216854985, -0.1000199259657687, -0.04942439609053107, 0.12229823276121862]
A2: [0.08925438892187589, -0.07291344252089954, -0.12362749154866941, 0.10728630979877615] - [0.10884158441441773, 0.24981403670124744, -0.40484543105804166, 0.04618933327425484] - [0.0366357250636274, 0.462554913628106, -0.37771765189245715, -0.12147347652303817] - [0.1434262541375412, -0.04460680171769451, -0.20149971031773875, 0.10267968077469498]
B1: 2.641856779435441e-08 - -5.451245684884266e-09 - 1.4318798733331332e-09 - 2.0114564767565423e-08
B2: 5.531569227638956e-09 - 1.36428231595344e-08 - -9.36159596608603e-09 - 3.737528030385736e-08
