Number: 8368
Error: 1.0980109601970516e-15
A1: [0.0804316481843453, -0.18046784724667056, -0.019588893429985814, 0.11962493524206888] - [0.037415669636482525, 0.13359647574988368, -0.13472609673403355, -0.03628573550423887] - [-0.0017028178016303076, 0.2281901177179027, -0.12282838143581785, -0.10365890901361513] - [0.038863183008076854, -0.1144810698291604, -0.04641649278407449, 0.12203417656383951]
A2: [0.03530754923759778, -0.029273369326946304, -0.07569724899984343, 0.06966351886914719] - [0.10289370016384394, 0.2828966503296693, -0.3926064451009625, 0.006815943115877507] - [-0.011187105085862934, 0.5390145855618015, -0.3594510203153501, -0.16837646993383892] - [0.09786276247203875, 0.017463279391650263, -0.16885104567503098, 0.053524839612751396]
B1: 3.891715318540479e-08 - -2.6107341354595535e-09 - -3.67071375924283e-10 - -2.0193478785187208e-08
B2: -2.332346594313206e-08 - 5.7928638345447365e-08 - 9.5308288332011e-09 - -2.8470222502871074e-08
