Number: 915
Error: 1.1607539607621864e-09
A1: [-0.01224670161395782, -0.014613154607880994, 0.017984098035886416, 0.008483287227391525] - [0.06584166276845296, 0.18950143604056685, -0.14531592021330073, -0.11000140672527836] - [-0.09639249341440966, 0.4216899199489772, -0.05356525151011456, -0.2721516357958162] - [-0.00141060653982093, -0.018304852764942058, -0.003929946652833834, 0.02327389723241891]
A2: [0.16159255676470957, -0.16774887397600305, 0.008507164735902146, -0.0023271566292231752] - [0.035538673336223896, 0.20756882133964152, -0.11715769143042123, -0.1257402350855758] - [-0.08622996824340774, 0.581522183330549, -0.23540460614378003, -0.2599514202119574] - [-0.0039073965590315125, -0.004590456098486289, 0.0010386110093219521, 0.007174116790279277]
B1: -5.972122111172198e-05 - -5.520172551318671e-05 - -4.490523670179905e-05 - -1.9497434460042795e-05
B2: -3.221388543815278e-05 - 8.329208305866176e-06 - -4.179894895121441e-06 - -4.057402407988416e-05
