Number: 8134
Error: 1.1987733155796784e-15
A1: [0.08043173540571975, -0.18046776003518503, -0.01958880631289426, 0.11962502245348643] - [0.03741553141777482, 0.13359633763578405, -0.1347262346773733, -0.0362858736464189] - [-0.001702799390708648, 0.22819013612842529, -0.12282836305185921, -0.10365889060761882] - [0.0388632420068529, -0.11448101099596633, -0.046416433822889354, 0.12203423552594818]
A2: [0.03530736568007759, -0.02927355339213857, -0.07569742352435888, 0.06966332675668667] - [0.10289374318225213, 0.28289669371314385, -0.39260640349408915, 0.006815988162369601] - [-0.011187063318543009, 0.5390146275782366, -0.3594509807816008, -0.1683764259222414] - [0.0978627849471783, 0.01746330196902359, -0.16885102428010434, 0.053524863204278295]
B1: -2.0927158534572846e-08 - -3.845125632570255e-09 - 2.315633840078635e-08 - 1.709944135901049e-08
B2: 3.628562059068465e-08 - -3.9066932928361755e-08 - 1.025220833766989e-08 - 1.0872072366434605e-08
