Number: 177
Error: 4.77628297283806e-06
A1: [0.009258494250394579, 0.007351424265277592, 0.041583681335726645, 0.03134387983910566] - [0.06887976197056367, 0.19242932020113074, -0.14217727841888966, -0.10661035247007704] - [-0.08475626689241973, 0.43302014226406293, -0.04096553323598708, -0.2586066144946432] - [-0.007275745501262098, -0.024080906342125237, -0.010018518452432566, 0.016435188224561515]
A2: [0.17689494398251504, -0.15284848002154053, 0.023605290248192468, 0.012257149997698108] - [0.049157587228305585, 0.22095215838496518, -0.103606148443444, -0.11246445691185496] - [-0.06986859845174029, 0.5973778056364781, -0.21950368985202293, -0.2443355378076912] - [0.007977458643746145, 0.007061304061250437, 0.012833104120423107, 0.018414388923491457]
B1: 0.0016315096108698488 - -0.004003413482184027 - 0.0023861425461324972 - 0.0013457659203908847
B2: -0.008374717281002019 - -0.0017012641094115225 - 0.009759675183934976 - -0.00045023678999878483
