Number: 3611
Error: 1.0884042852529394e-12
A1: [0.06621060405823831, -0.11395459972111804, -0.02398652592000312, 0.07172029484909413] - [0.037405702039716084, 0.1881963216329994, -0.14740590916289348, -0.07818397228394236] - [-0.06023039432171245, 0.3289498176266896, -0.12775411067969397, -0.1409693178873874] - [0.03904778286548657, -0.053321144902715376, -0.0374170195190692, 0.051696678520902074]
A2: [-0.009107548652392576, -0.3468020958524292, 0.24945612578021525, 0.10645775673918434] - [0.0800443988039721, 0.03628718347450273, -0.05024511418344125, -0.06606691897296996] - [-0.04245924386970474, 0.23082480063943225, -0.04053813027636034, -0.1478549441845345] - [0.06814018762544108, -0.2934618968398096, 0.14177710441946062, 0.08356792479947495]
B1: -3.8527131410998486e-07 - -1.963748615034848e-06 - -2.855839691271384e-06 - 1.3680798563721065e-06
B2: 3.491588882883456e-08 - 5.251412226976044e-07 - -2.196509283091908e-07 - -2.2439582349457834e-06
