Number: 3768
Error: 7.560068928878492e-16
A1: [0.06621319080292491, -0.11395207079205794, -0.023983941166126538, 0.07172287725548097] - [0.037402647364538744, 0.1881934031017025, -0.1474089121390798, -0.07818697553466042] - [-0.06022934801843897, 0.32895082251133123, -0.1277530868774239, -0.1409682995258221] - [0.039046223691392844, -0.05332262479498293, -0.037418527939262404, 0.05169518236436823]
A2: [-0.009108556185600934, -0.34680316467542927, 0.24945511008592147, 0.10645670044016946] - [0.0800398065028014, 0.03628223622024901, -0.05025013331435312, -0.06607198072830237] - [-0.04245286317123198, 0.23083184284328262, -0.04053129238994108, -0.14784788731808604] - [0.06813473721572505, -0.2934678979769151, 0.141771195608926, 0.0835618138540888]
B1: -9.649850606585988e-09 - 4.107956507685321e-09 - 2.243825177499445e-08 - -2.2150325929658765e-08
B2: 1.3531437350032434e-08 - 1.3704026539094336e-09 - 8.930474431144907e-09 - 6.424960944415558e-10
