Number: 8850
Error: 1.867981855447398e-05
A1: [0.07456516803199806, -0.18637065766411015, -0.026750954446779267, 0.1140014006332481] - [0.03118906758680104, 0.12733848150637417, -0.1419344873771121, -0.042351553479997514] - [-0.009135526378024741, 0.2208135748033322, -0.13064579580849423, -0.11106609406902639] - [0.03430469458538121, -0.11901829422616127, -0.0524797905527488, 0.11776585514314711]
A2: [0.050687949877193786, -0.013998535015920348, -0.06085470280192385, 0.08574256454636457] - [0.08469751227425967, 0.2645487091240832, -0.4099177809121385, -0.012248946376358405] - [0.01622806632412277, 0.5660475138473536, -0.33399067032888685, -0.1393183265080069] - [0.10229647621763352, 0.021901344369384335, -0.16423346175912285, 0.058119080460690926]
B1: 0.010135548836376592 - -0.008635909474138618 - -0.00042336532467073277 - 0.009381020383214585
B2: 0.0031006291322961434 - 0.0009235964358820263 - -0.004490479379205794 - 0.004506149052701936
