Number: 8482
Error: 1.1047211059080102e-15
A1: [0.08043168875618478, -0.18046780667940113, -0.019588852906639375, 0.11962497580929882] - [0.03741550724048057, 0.13359631347673884, -0.1347262588065044, -0.036285897810330536] - [-0.0017027896937714473, 0.22819014582516092, -0.12282835336911486, -0.10365888091325764] - [0.03886320106879132, -0.11448105181909585, -0.04641647473484195, 0.12203419461336176]
A2: [0.035307564119095865, -0.02927335440431283, -0.07569723485064374, 0.06966353444417933] - [0.10289376763974059, 0.2828967183782471, -0.3926063798390813, 0.006816013772891392] - [-0.011187005980658467, 0.5390146852581215, -0.3594509265098731, -0.168376365503495] - [0.0978628507870708, 0.017463368108406933, -0.16885096160464672, 0.053524932314574315]
B1: 1.732703020945863e-08 - -2.176506501203315e-08 - -2.327392563149924e-08 - -9.635538311242001e-09
B2: -1.0197845504991891e-08 - 2.4581891450102148e-08 - -3.965366798146814e-08 - 2.1193458889449052e-08
