Number: 8475
Error: 8.279523419499606e-16
A1: [0.08043167123019514, -0.1804678242034053, -0.019588870411672572, 0.11962495828531103] - [0.0374155539610242, 0.1335963601619233, -0.13472621217905, -0.03628585111566647] - [-0.0017028063601281062, 0.22819012915916032, -0.12282837001106842, -0.10365889757516637] - [0.03886318500142779, -0.11448106784136813, -0.04641649079196679, 0.12203417855598471]
A2: [0.03530742203843179, -0.029273496877931588, -0.07569736993947265, 0.06966338574171435] - [0.10289388715890485, 0.2828968389117401, -0.3926062642415724, 0.006816138926711108] - [-0.011187015913771444, 0.5390146752657594, -0.3594509359118051, -0.1683763759703359] - [0.0978628703011635, 0.017463387711255284, -0.16885094302845097, 0.053524952797970225]
B1: -1.6924345534588758e-08 - 5.051236708071504e-08 - 2.944578898714442e-09 - 1.2998667843970494e-08
B2: -1.9873388142994422e-09 - 4.0961835958509164e-08 - -1.0404761429611094e-08 - 1.0837704549416714e-08
