Number: 2402
Error: 7.134080628107623e-06
A1: [0.07258303746437524, -0.03974380589061672, -0.015469879983586758, 0.01651761062340648] - [0.04932115720218727, 0.1964437827952622, -0.1371261659077249, -0.0862267989780626] - [-0.1332368723948426, 0.4058469378969706, -0.11434735410552864, -0.19679110820207543] - [0.029475916023302837, 0.012209089530355877, -0.040338020739215885, -0.030331415537793893]
A2: [0.040537128982149964, -0.19648993441238805, 0.06399912238645071, 0.0015705620515350269] - [0.03839485006594909, 0.20931267222593944, -0.09269398697146491, -0.1190332066439233] - [-0.09466360015326938, 0.513169886702067, -0.22592114241798184, -0.1954477977298661] - [-0.051698423886062266, -0.007130145985540491, -0.07539900578360498, 0.03205058730915598]
B1: 0.0022777571070930983 - 0.0076082478518944546 - -0.01047263719549559 - -0.0027165807779192417
B2: -0.004469069826121318 - -0.0012883931570769325 - 0.0018623375244264668 - -0.0002170071769607494
