Number: 2996
Error: 6.524261201871567e-09
A1: [0.06326344697537664, -0.04804089924410469, -0.023612189421013674, 0.007684059947790545] - [0.043910510822116625, 0.19151155809362683, -0.14230712940268953, -0.09223641884630575] - [-0.12384712850195391, 0.41446597745508823, -0.1052582662319196, -0.187468599145465] - [0.0372227672685379, 0.01939076811248276, -0.032913583333535765, -0.022834439392293737]
A2: [0.06431986552905755, -0.17281357272539766, 0.08720231682068089, 0.024824457869946782] - [0.02892204758231721, 0.19993627025263933, -0.10207713338970707, -0.12823382667928343] - [-0.09295559126420688, 0.5141267131830758, -0.2251499519349536, -0.19465634236628762] - [-0.025328380219426603, 0.01911104689678488, -0.04969288512903317, 0.05756040129768493]
B1: -0.0001328153009102908 - -1.963068223611239e-05 - 0.00011685135070657623 - 0.0001279342103296879
B2: 9.681977992340834e-05 - -0.00013714211310202447 - 5.331231530257137e-05 - -7.961378880482795e-05
