Number: 1444
Error: 1.3462010831998587e-09
A1: [-0.0071069643438063075, -0.014912488174737459, 0.0030809167571399032, 0.019537497902182746] - [0.0667964645067209, 0.18985530311076704, -0.14676639486613424, -0.10989603681909009] - [-0.11243014822466241, 0.44193739785366315, -0.07062776988292627, -0.25793180058891996] - [-0.0236954596711677, 0.015023673706572491, -0.030267560873244417, 0.03856720207820982]
A2: [0.13157523120152068, -0.2246391650231269, 0.022655861097905593, 0.07014991381776224] - [0.03260515037549524, 0.20370880617808312, -0.11492921379253355, -0.1214976621325005] - [-0.0945373069611466, 0.5556240678243168, -0.23511839248214642, -0.2255511117688292] - [-0.021028040748930995, -0.019473654228704465, 0.007919033549149182, 0.0319888477918057]
B1: 1.6476335691840315e-05 - 1.991918049615616e-05 - -3.777810024434084e-05 - 1.544667915626431e-05
B2: 2.185944042306121e-05 - 9.621332682684898e-06 - -2.8392256793234987e-05 - 9.320558075481315e-05
