Number: 1118
Error: 3.398878201534969e-06
A1: [-0.01508445489051566, -0.02296142154999966, -0.005123471180107111, 0.011241272403943023] - [0.06217021873250463, 0.1853732740405131, -0.1515751941328186, -0.11500250470565365] - [-0.1167214508205653, 0.43783056013427035, -0.07500471236514637, -0.2626646183632558] - [-0.036064429525593744, 0.002747238727845544, -0.04269108597394973, 0.025408256707176568]
A2: [0.12793016504885035, -0.22818886055764823, 0.019129259358114638, 0.0665125342959972] - [0.015789224215915325, 0.18719607313525174, -0.13167218604441877, -0.13796028294829077] - [-0.09478651070652686, 0.5555148665905636, -0.2353440375723872, -0.22588635190275846] - [-0.03280763459443117, -0.031182693959445878, -0.0036556680164212675, 0.020500792921498343]
B1: -0.000890736909994424 - 0.002282707558681382 - -0.00380687797710709 - 0.0011365493556480613
B2: -0.0003339474624756769 - -0.0012190305808487654 - -0.0011189695118155383 - -0.0006529849174311687
