Number: 174
Error: 4.334204637146527e-06
A1: [-0.0011543910137348928, -0.0033586178154614644, 0.030043895120315002, 0.020165922157872922] - [0.07010389994804678, 0.1936054866699312, -0.14091993237474393, -0.10525082682119523] - [-0.08934854973667306, 0.4285960201844948, -0.045931169640670254, -0.2639634905630732] - [-0.006306959423763008, -0.023124915557811064, -0.008932715936811728, 0.017593612134019256]
A2: [0.1798706797779896, -0.1499340630956886, 0.026530822207515445, 0.015154268502819387] - [0.0494538880802181, 0.22124129957332925, -0.10331951726192845, -0.11218758816005284] - [-0.07466336789081233, 0.5927076784549392, -0.22417776014799387, -0.24900684141595372] - [0.00535020160068834, 0.004494828886215848, 0.010221271824432603, 0.015899337898984747]
B1: -0.000549115483111142 - -0.0034982193572237644 - 0.0035351431899364482 - 0.0022268585082401305
B2: -0.004461749883280002 - -0.006169807927372002 - 0.006158649769555525 - -0.0006369310563671646
