Number: 5057
Error: 1.080035293392877e-15
A1: [0.0662132259752865, -0.11395203640564863, -0.023983906021353706, 0.07172291236881816] - [0.03740261842120646, 0.18819337544835146, -0.14740894059255957, -0.07818700399068425] - [-0.06022952419097123, 0.32895065330711004, -0.12775325926955622, -0.1409684709905463] - [0.03904625166727129, -0.05332259824107311, -0.03741850087331156, 0.051695209210507825]
A2: [-0.009108631991781383, -0.34680324509377675, 0.24945503366629054, 0.10645662096167136] - [0.08003984466004675, 0.03628227732657289, -0.050250091610552584, -0.06607193867043357] - [-0.04245280008604316, 0.23083191246804338, -0.040531224785193415, -0.147847817548224] - [0.0681347755944264, -0.2934678557202628, 0.1417712372149347, 0.08356185688373734]
B1: 2.5359231946406487e-09 - 7.767703096497575e-09 - 1.0898720332055609e-08 - 1.2161658147432197e-08
B2: 1.2622191061425931e-08 - -2.3747885049753013e-09 - 4.1864766678062225e-08 - -2.9759961868923833e-08
