Number: 6447
Error: 1.1214407755162578e-15
A1: [0.08043170420420964, -0.18046779123313397, -0.019588837477053183, 0.11962499125556338] - [0.03741560145710934, 0.13359640762207214, -0.13472616477771326, -0.03628580364594131] - [-0.0017028070405306528, 0.22819012847877612, -0.1228283706904764, -0.10365889825540053] - [0.0388632242405358, -0.11448102871241314, -0.04641645157787103, 0.12203421777068112]
A2: [0.03530745026973135, -0.029273468568587292, -0.07569734309749888, 0.06966341528881557] - [0.10289376394754117, 0.2828967146546607, -0.39260638341019627, 0.0068160099066716] - [-0.011187079015021266, 0.5390146117882112, -0.3594509956387374, -0.16837644246205763] - [0.09786281533641407, 0.01746333249652278, -0.16885099535149609, 0.053524895103074045]
B1: -4.706707082665182e-10 - 9.735479451768354e-09 - 2.6864301812660832e-09 - 2.6340599520399613e-09
B2: 1.091069918611603e-08 - 4.188444089206372e-09 - 1.024177873183275e-08 - -7.793785584740149e-09
