Number: 9816
Error: 1.632038634145797e-15
A1: [0.053172562469961424, -0.14800125864157526, -0.02699903500462945, 0.12182783431768605] - [0.005313726565861731, 0.1308367010245698, -0.11360073702440102, -0.022549756617732977] - [-0.01444448080602419, 0.2230916165985655, -0.127041183822913, -0.08160593722989601] - [0.027146429965015047, -0.1000200681688776, -0.049424538593819296, 0.12229809019649227]
A2: [0.0892543148619628, -0.07291351640954927, -0.12362756393992325, 0.10728623482591193] - [0.10884190571590241, 0.24981435805941046, -0.40484511612052876, 0.046189659981764504] - [0.03663619027885858, 0.4625553764226901, -0.3777171980052477, -0.12147300648277358] - [0.14342672056084144, -0.04460633703166168, -0.2014992548957391, 0.10268015411792329]
B1: 7.591070295072037e-08 - 6.481672977660197e-08 - 5.524408394951702e-08 - -5.968101245115241e-09
B2: 2.6054984119044124e-08 - 2.267941294376401e-08 - 4.1050752143015864e-08 - 2.5792100362337867e-09
