Number: 5976
Error: 1.755172304506297e-11
A1: [0.08041314454113782, -0.18048634863219348, -0.019607373918044048, 0.11960643428893288] - [0.03742404040101901, 0.1336048397843155, -0.13471774392117808, -0.036277370104880816] - [-0.0017137072217976875, 0.2281792286782925, -0.12283925432140905, -0.10366979523276221] - [0.03884822227822117, -0.11449598826787602, -0.046431443060064775, 0.12201922560422103]
A2: [0.035240695096254236, -0.02934040972181865, -0.07576081342775616, 0.06959354871678713] - [0.10285208808120348, 0.2828546840544678, -0.3926466922462915, 0.006772368912676613] - [-0.011153075068845948, 0.5390488190131796, -0.359418810192034, -0.16834061132570755] - [0.09785185222991202, 0.01745231933439968, -0.1688614316208662, 0.05351338744456693]
B1: 7.089854843826507e-07 - 1.0973264560578709e-05 - 3.680724431096006e-06 - -1.6154608027410888e-06
B2: -2.857153716650044e-06 - 5.527563007437185e-06 - 3.7030631750558556e-06 - 3.89479716075379e-06
