Number: 259
Error: 4.8725739732065485e-08
A1: [-0.01266182433257595, -0.015040767287026554, 0.017524849603162748, 0.008039802867535036] - [0.06515803758431638, 0.18884373956226128, -0.14602262846603845, -0.11076226121567317] - [-0.09680796370967613, 0.42128863656165566, -0.054013095622557954, -0.2726346418313277] - [-0.002782057009902359, -0.01962327621282501, -0.005387800105725624, 0.02168949628648968]
A2: [0.16074110789290638, -0.16858358393129588, 0.007673788515063166, -0.0031569673439337622] - [0.035991752230662456, 0.20801483276016933, -0.11670634362586846, -0.12529696482603572] - [-0.0865013659834898, 0.5812560931720032, -0.23567134645349447, -0.2602175923155582] - [-0.004229644423231193, -0.0049071395224226915, 0.0007193452919742823, 0.006865512009835536]
B1: 0.00012574638463473868 - 0.00027202439586956613 - -0.00020506054848144442 - 0.00012773655325620827
B2: -0.000856883895778448 - 0.0010367170297517505 - 0.0005095371119620956 - 8.818522127005203e-05
