Number: 4212
Error: 8.759402397450018e-16
A1: [0.06621318296960961, -0.113952078450321, -0.02398394899328421, 0.07172286943532144] - [0.037402627483999515, 0.1881933841072085, -0.14740893168315752, -0.07818699508047659] - [-0.060229365174114584, 0.32895080603425153, -0.12775310366492967, -0.1409683162230249] - [0.039046123723584715, -0.0533227196806163, -0.03741862465474666, 0.05169508643417738]
A2: [-0.009108610557328733, -0.34680322235534256, 0.24945505527424383, 0.1064566434343849] - [0.08003983774494294, 0.03628226987699142, -0.05025009916846083, -0.06607194629247297] - [-0.042452838928431096, 0.23083186959916888, -0.0405312664103679, -0.14784786050643886] - [0.06813479380367547, -0.29346783567108475, 0.14177125695571452, 0.08356187729967224]
B1: 3.006496679177506e-08 - 9.082356429019189e-10 - -3.090398260577824e-09 - 1.4124643017019307e-08
B2: 1.1055150639690193e-08 - 2.1241111582031054e-08 - 1.5917978967547731e-09 - -9.035417714988778e-09
