Number: 2739
Error: 2.4224728662596704e-08
A1: [0.06341508388776954, -0.0478919057391683, -0.023463173628860794, 0.007836209505140605] - [0.04372302775513972, 0.19132977008612384, -0.14250143864858567, -0.09244489905614951] - [-0.12420103971866663, 0.4141084238935011, -0.10561608855619001, -0.18782666136732679] - [0.03669420100634006, 0.0188578911454159, -0.03344058366272273, -0.023358588383844185]
A2: [0.06347908310440877, -0.17364775945371677, 0.08636417751107105, 0.023996642244063927] - [0.029278267179521696, 0.20028712479344127, -0.10172161935206202, -0.12788446533357972] - [-0.09316716701936929, 0.5139206523910148, -0.22536316628772857, -0.194862840408678] - [-0.025430267605201888, 0.019015629404801854, -0.049792081838787895, 0.057461130176419906]
B1: 7.472805702462593e-05 - -7.407770799199414e-05 - 0.00015907527999028766 - 0.0001500461790775762
B2: -2.4136867173286182e-05 - -5.78908316613684e-05 - 3.7323565403141686e-05 - -0.00019937501363934368
