Number: 9896
Error: 9.874455274668234e-16
A1: [0.05317250186156649, -0.14800131927221952, -0.026999095546181445, 0.12182777368009483] - [0.0053136771836433585, 0.13083665159058488, -0.1136007863991095, -0.022549806069566004] - [-0.01444449881707434, 0.22309159858092462, -0.127041201819699, -0.0816059552473714] - [0.0271463405794054, -0.10002015755434383, -0.04942462816798077, 0.12229800058374153]
A2: [0.08925441023862642, -0.07291342125343413, -0.12362747071216043, 0.10728633137857621] - [0.10884166375911844, 0.2498141160599466, -0.40484535328489624, 0.04618941395397916] - [0.036635758945798826, 0.4625549473339744, -0.3777176188353034, -0.12147344228943176] - [0.1434263070359519, -0.04460674901632646, -0.20149965866698583, 0.10267973445794372]
B1: -1.731714199785162e-08 - 8.2520547342549e-09 - 1.864331246425784e-08 - 1.4209571202217223e-08
B2: 9.47963889455469e-09 - 2.3533571551521012e-08 - -1.7628060040078737e-09 - -4.237181516462775e-09
