Number: 9180
Error: 3.4779125422993314e-07
A1: [0.05450988991204853, -0.14666201500023648, -0.025666320271459302, 0.12317158430687856] - [0.006932209738544588, 0.1324648248346065, -0.1119851802359854, -0.02091793019874375] - [-0.012956718222829504, 0.22459554417823047, -0.1255474928966282, -0.08010023961845948] - [0.027942890936640912, -0.09922688550708461, -0.048631046006822526, 0.12309908320566157]
A2: [0.09445699868495464, -0.0677331632355607, -0.11853380839041167, 0.11255818815237667] - [0.10794301584142604, 0.24891202916562014, -0.4057276217691525, 0.04527713222361982] - [0.036529977803828044, 0.46244303341742415, -0.37782197310571375, -0.121580076787521] - [0.1443623656356951, -0.04367154470321379, -0.20058218510370346, 0.10363157519686601]
B1: 0.0007725077207878482 - 6.850374018173898e-05 - 0.001359111594235933 - -0.00046204009419748395
B2: 0.00017119822095374945 - -7.107655021028016e-06 - 0.0005689755283467724 - -0.0006728818034155981
