Number: 123
Error: 0.00014609677769794155
A1: [-0.003138342173218231, -0.005405977637314531, 0.028714942445252144, 0.019198294278158782] - [0.08982933964907107, 0.2135026652300512, -0.12124236203839586, -0.08420681665804436] - [-0.08294701874734262, 0.43578472700343107, -0.038437490769117746, -0.2554811424905861] - [0.019261237619387014, 0.002848769477487534, 0.019076912054373348, 0.04837727110907405]
A2: [0.21692052629579717, -0.11403602367154769, 0.06275172404540263, 0.05122932282749664] - [0.04633945654009866, 0.21695263595096018, -0.10792914202948355, -0.11672614873408364] - [-0.043373007010078554, 0.6237152104075011, -0.1938527656381584, -0.2186809481595563] - [0.05370626249339293, 0.05293648824472759, 0.05797262587301526, 0.06204298724948069]
B1: 0.0012986099818765523 - 0.1869046665592837 - 0.005509961065435655 - 0.0018138335881251468
B2: 0.0018151803834446528 - 0.17320247013533097 - -0.003691801779625089 - -0.0032004714472458656
