Number: 3706
Error: 3.278356888298098e-15
A1: [0.06621299306067953, -0.11395226411536134, -0.02398413875319542, 0.07172267984508932] - [0.037402789200986775, 0.18819353861666624, -0.14740877270303918, -0.07818683608623038] - [-0.06022968811129647, 0.328950495871143, -0.12775341967216552, -0.14096863053058967] - [0.03904624310220178, -0.05332260637120513, -0.03741850915991977, 0.051695200991256914]
A2: [-0.009108817883190007, -0.3468034422961229, 0.24945484627090392, 0.10645642606412693] - [0.08004021379541619, 0.03628267499135978, -0.050249688166524774, -0.06607153180043797] - [-0.04245312992880851, 0.23083154843267673, -0.040531578258055936, -0.147848182342432] - [0.06813437852645111, -0.29346829291014526, 0.14177080675480572, 0.08356141169627757]
B1: -1.7398276363362047e-07 - 7.12217084596445e-08 - 2.034086543841128e-07 - -1.1905568672101912e-07
B2: 7.525441289466764e-08 - 1.0853635267198768e-07 - -3.2110138807631633e-08 - -1.0005768978535891e-07
