Number: 6853
Error: 9.502888161781743e-16
A1: [0.08043165906154415, -0.18046783637068636, -0.01958888256574213, 0.11962494611805326] - [0.0374155581394813, 0.13359636433722993, -0.13472620800903068, -0.036285846939574685] - [-0.00170285310971091, 0.22819008241057584, -0.1228284166922035, -0.10365894431228548] - [0.038863199708428484, -0.11448105317567275, -0.046416476094347646, 0.12203419325381994]
A2: [0.03530741920346609, -0.029273499720777866, -0.075697372634901, 0.06966338277459257] - [0.10289375431246202, 0.28289670493780705, -0.3926063927291159, 0.0068159998173305935] - [-0.011187072380034649, 0.5390146184627664, -0.3594509893585639, -0.16837643547055858] - [0.09786281535500375, 0.017463332515195225, -0.16885099533379405, 0.05352489512257967]
B1: 6.027974650636403e-09 - -2.3103022980199704e-08 - 1.4184864903695953e-08 - 1.6801710354312934e-09
B2: 5.954948180920637e-09 - 3.2856979295798795e-09 - -3.745755604578988e-09 - 3.0183956912025873e-09
