Number: 768
Error: 5.867007903705943e-14
A1: [-0.012152801003767491, -0.01451656119844122, 0.018087938656115958, 0.008583730855543686] - [0.06583562989698669, 0.1894956403672035, -0.14532216240619616, -0.11000812154444727] - [-0.0962925000283181, 0.42178664467615595, -0.05345671039094776, -0.2720350654769639] - [-0.001322412577445807, -0.018220122269446908, -0.0038360818754290408, 0.023375689088371874]
A2: [0.1615867269635179, -0.16775476722927887, 0.008501339918370366, -0.0023330634901247305] - [0.03548558963691882, 0.2075165900358326, -0.11721055754426343, -0.125792160528843] - [-0.08621358352498545, 0.5815380837269492, -0.23538876443228388, -0.25993560604891136] - [-0.003834833163577778, -0.004519157901690647, 0.0011103896387939438, 0.007243521100025232]
B1: 1.289758848737168e-07 - -1.0686923445939677e-07 - 7.582201434717883e-08 - 1.2474955955009987e-07
B2: -5.87884359704651e-07 - 9.245275307617633e-07 - -9.127183883398027e-07 - 7.241925191165687e-07
