Number: 1620
Error: 1.2298115942389552e-07
A1: [-0.007100778357936929, -0.014906310435152998, 0.003088412274854897, 0.019534721788429327] - [0.06702127650297073, 0.1900718830232612, -0.14653489920354784, -0.10964495518584365] - [-0.1121240771576422, 0.4422353360197346, -0.07030547135963751, -0.25760192146285976] - [-0.023964904055921908, 0.014756336798623058, -0.030542531535205367, 0.03827670734077124]
A2: [0.1316284308619627, -0.22459076622561347, 0.022703134300434892, 0.07019874174959645] - [0.03246690994905312, 0.2035729670638077, -0.11506628335051299, -0.12163251789416796] - [-0.09487170438336218, 0.5552961603031353, -0.23544877249589705, -0.22588063002879394] - [-0.02115473795648151, -0.019610801515550273, 0.007783857319719198, 0.03186153096082536]
B1: -0.00032213047975959534 - -0.000173054507462446 - -0.000324527664057089 - -0.000404052562973264
B2: 0.0003483045574300011 - -0.0005685924722154348 - -8.816666616108404e-05 - 0.000374012324110479
