Number: 8177
Error: 1.2320604661526627e-15
A1: [0.08043170991366527, -0.1804677855243556, -0.01958883177447513, 0.1196249969643358] - [0.03741558923854139, 0.13359639541279708, -0.13472617697179884, -0.036285815857666576] - [-0.0017028119756286387, 0.2281901235437727, -0.12282837561835537, -0.10365890318918271] - [0.03886325408326661, -0.11448099895344453, -0.046416421754173966, 0.12203424759485307]
A2: [0.035307513144484104, -0.029273405519900927, -0.07569728331682894, 0.06966348109390243] - [0.10289374610402116, 0.28289669665970674, -0.39260640066819047, 0.006815991221883234] - [-0.011187084378300028, 0.539014606392891, -0.3594510007151473, -0.16837644811359503] - [0.0978628674779759, 0.017463384875230775, -0.16885094571599069, 0.05352494983460717]
B1: 2.1035457782386856e-08 - 1.0018667156004753e-08 - -4.916606155247187e-09 - -1.1028013103812569e-08
B2: 1.3722212641567082e-08 - -3.182482770819935e-09 - 7.078897559257982e-09 - 1.0739469881292727e-08
