Number: 5050
Error: 1.062134760464743e-15
A1: [0.06621321168343235, -0.11395205037812989, -0.023983920301990324, 0.07172289810095096] - [0.03740256297107501, 0.18819332246949244, -0.1474089951042985, -0.07818705850724425] - [-0.06022930084989277, 0.3289508678141487, -0.1277530407210211, -0.14096825361744886] - [0.03904610459972151, -0.05332273783220352, -0.03741864315635449, 0.05169506808274685]
A2: [-0.009108473937367939, -0.34680307742312433, 0.2494551929994884, 0.10645678667280083] - [0.080039835334879, 0.03628226728070514, -0.05025010180241963, -0.06607194894883986] - [-0.04245279514559179, 0.2308319179206162, -0.04053121949082026, -0.14784781208428788] - [0.06813479886991901, -0.2934678300930061, 0.14177126244775504, 0.08356188297977298]
B1: 4.384777696327037e-08 - 3.228369193096442e-09 - 9.403081187735756e-09 - 1.4131612504543368e-08
B2: 2.4536697972086016e-08 - 3.962722133270182e-08 - -8.953058252495085e-08 - 6.739162563263389e-08
