Number: 1138
Error: 1.8557013035543007e-06
A1: [-0.010393965646351165, -0.018207569108401708, -0.0002787611519255919, 0.016135219555684692] - [0.06715863882380782, 0.1901845947139518, -0.1464008626350141, -0.10947012704035322] - [-0.1170231906381811, 0.4374731892202057, -0.07535302684266985, -0.26290682906816576] - [-0.02968184964514565, 0.009108422747890014, -0.03626107189723685, 0.03226986698558816]
A2: [0.13440884938218026, -0.22185252093997146, 0.025462592511684166, 0.07289564818754171] - [0.030912402604549673, 0.2020667505568617, -0.11661821732555476, -0.12315278015959066] - [-0.09150249883687792, 0.5586589966022998, -0.2321038139045937, -0.22262874457156637] - [-0.014724609203540184, -0.013321042974814214, 0.014181694750671048, 0.037968473359236386]
B1: -0.0003622748358508053 - -0.00043178909806627897 - -0.0005901886510026273 - -0.0012793617703470107
B2: -0.001730014101109541 - -3.0118028202993257e-05 - -0.0029634776950330233 - -0.0005101381489682277
