Number: 263
Error: 5.8134395900766295e-08
A1: [-0.014259008413891355, -0.016680140806417915, 0.01576015531301873, 0.0063333555673764095] - [0.06494404557980578, 0.18863792485728342, -0.14624389802607857, -0.11100060860014559] - [-0.09797979322089768, 0.42015654095210386, -0.05528520012230711, -0.2739999651196323] - [-0.0030093737776562463, -0.019841668340643565, -0.005630138314298468, 0.02142660567474014]
A2: [0.16093217081593728, -0.16839648524123516, 0.007860665821421343, -0.002970891369640166] - [0.03587559645134781, 0.20790046728830675, -0.11682211513593134, -0.1254106247926739] - [-0.0862462561153461, 0.5815061432095201, -0.23542214084885363, -0.2599682195007568] - [-0.004061687851496591, -0.004742030078448978, 0.0008857953989167503, 0.0070263910111833154]
B1: 0.00011484005140026682 - 0.0003376186341425285 - -0.00022281161738980216 - 6.52964046925675e-05
B2: -0.0003606766303723825 - 0.0003968490227379782 - -9.64830185567733e-05 - -0.0001373329357781934
