Number: 7528
Error: 1.2182842282325804e-15
A1: [0.08043172290838266, -0.18046777253108706, -0.019588818795252354, 0.11962500995759479] - [0.037415614371348355, 0.13359642052653461, -0.13472615188920495, -0.03628579073885923] - [-0.001702770865628072, 0.22819016465290246, -0.12282833456854023, -0.10365886209014996] - [0.038863259678769545, -0.11448099337364072, -0.046416416162230155, 0.12203425318688106]
A2: [0.03530746215339259, -0.029273456652047954, -0.0756973317986494, 0.06966342772633217] - [0.10289379516990252, 0.28289674614201454, -0.392606353212309, 0.006816042601025973] - [-0.011187054010932406, 0.5390146369414235, -0.3594509719717728, -0.16837641611443221] - [0.09786285768560081, 0.01746337503834043, -0.16885095503777375, 0.05352493955589095]
B1: 9.336667324326585e-09 - 1.6511673612420608e-08 - 2.121796285600883e-08 - 1.3707846077425912e-08
B2: 1.3482953060430284e-08 - 6.089084086892535e-09 - 2.2997252679006338e-08 - 5.022800583382494e-09
