Number: 8739
Error: 1.498066608798136e-10
A1: [0.08042722334247188, -0.180472271513882, -0.019593312928203852, 0.11962051092038457] - [0.03741287092751783, 0.13359367920898993, -0.13472888982284761, -0.03628853265033801] - [-0.0017096687074528592, 0.22818326697351024, -0.12283522229033658, -0.10366575808636197] - [0.038856861625255444, -0.11448737341292547, -0.046422810091555314, 0.1220278591223127]
A2: [0.03530788920301053, -0.02927302843434028, -0.07569692576489562, 0.06966387467289577] - [0.1028982160700537, 0.28290120460201335, -0.392602077349762, 0.0068206719180468394] - [-0.011177522405919104, 0.5390242254149804, -0.35944195006404356, -0.16836637236888263] - [0.09786587990561553, 0.017466411000629012, -0.16884807806994043, 0.053528111888180956]
B1: 3.2232878127234046e-06 - 2.9853169883997634e-06 - -2.894495360994326e-07 - 2.3897531463808527e-06
B2: -9.114496342994092e-06 - -1.31314114179918e-05 - -8.57027028423131e-06 - -8.26897011337845e-06
