Number: 4508
Error: 9.01270226304348e-16
A1: [0.0662131365089249, -0.11395212387279001, -0.023983995417526695, 0.07172282305258601] - [0.03740257700677732, 0.1881933358796379, -0.14740898130613447, -0.07818704470786128] - [-0.06022940106207648, 0.328950771565848, -0.12775313878276004, -0.14096835115188014] - [0.03904605965405596, -0.05332278049298, -0.037418686639866985, 0.051695024952365665]
A2: [-0.009108460796683676, -0.34680306348279444, 0.24945520624651268, 0.10645680045013106] - [0.08003979610222273, 0.036282225015888625, -0.050250144681540654, -0.06607199219200072] - [-0.04245283820003074, 0.23083187040312808, -0.040531265629663076, -0.1478478597007401] - [0.06813475084454408, -0.2934678829709617, 0.14177121038376728, 0.08356182913456091]
B1: -5.0271493078477764e-08 - 5.465913844297762e-10 - -4.00181279358492e-09 - -1.5083907725125806e-08
B2: 7.871551139903578e-09 - -1.7289904462101244e-09 - -8.407766206098325e-08 - 1.7034832708852836e-08
