Number: 6881
Error: 1.060718353710805e-15
A1: [0.08043165885455811, -0.18046783657764884, -0.019588882772480477, 0.11962494591109096] - [0.03741556565481329, 0.13359637184687395, -0.13472620050867298, -0.03628583942840567] - [-0.001702838797719779, 0.22819009672226145, -0.12282840240116737, -0.10365893000411401] - [0.038863208065869896, -0.11448104484168545, -0.04641646774223157, 0.12203420160606715]
A2: [0.035307497471900165, -0.029273421235864013, -0.07569729821827495, 0.06966346469100161] - [0.10289377455575309, 0.2828967253529054, -0.39260637315007024, 0.006816021015015645] - [-0.011187128123593147, 0.5390145623867207, -0.35945104212105083, -0.168376494209497] - [0.09786282920811454, 0.017463346431319044, -0.16885098214652955, 0.05352490966383679]
B1: 7.210248862775287e-09 - 1.6413079612013652e-08 - -1.664702213129897e-08 - 5.346531944730715e-09
B2: 1.5039463068737133e-09 - 4.8762538677706395e-09 - 3.0417911964514246e-09 - 4.238121403313809e-09
