Number: 7762
Error: 6.753189132830096e-16
A1: [0.08043170388739013, -0.18046779154992532, -0.019588837793486726, 0.1196249909387838] - [0.03741556115100587, 0.1335963673464697, -0.13472620500349042, -0.03628584392971378] - [-0.001702810774498549, 0.22819012474488334, -0.12282837441896996, -0.10365890198836464] - [0.03886324360161712, -0.11448100940567582, -0.046416432229123346, 0.12203423711972942]
A2: [0.03530743491472488, -0.029273483966053348, -0.0756973576968455, 0.06966339921813293] - [0.1028937131946389, 0.28289666347102743, -0.39260643249774213, 0.006815956760993097] - [-0.011187091842352481, 0.5390145988843562, -0.3594510077800461, -0.16837645597870662] - [0.09786280730269928, 0.017463324426266316, -0.16885100299906, 0.05352488667027634]
B1: -1.3083491838577188e-08 - -2.749264552175608e-08 - -1.1557645857764586e-08 - -1.2434640593433875e-08
B2: -3.2862361877239895e-08 - 1.6631359821277353e-08 - -3.135932031126033e-08 - -2.6804789540054545e-08
