Number: 9525
Error: 2.6054936074732153e-13
A1: [0.05317152639700423, -0.14800229511476926, -0.027000069946485624, 0.12182679775281219] - [0.005313175273350023, 0.1308361491208455, -0.11360128826456481, -0.022550308705878104] - [-0.014445247063655362, 0.22309085004362428, -0.1270419494899552, -0.08160670377318281] - [0.027148882328150912, -0.10001761580797543, -0.049422081053892924, 0.1223005487898527]
A2: [0.08925677679243818, -0.07291106018828897, -0.12362515748975658, 0.1072887271117207] - [0.10884126186900729, 0.24981371409994055, -0.40484574722392946, 0.046189005299701276] - [0.03663560816700093, 0.4625547973473172, -0.377717765944362, -0.12147359463052923] - [0.14342622645401526, -0.044606829295847444, -0.20149973734454157, 0.10267965269096638]
B1: -4.862883447881394e-07 - -5.822488681648281e-07 - -3.0443623826947046e-07 - -1.1632708246006082e-07
B2: 5.144359283739426e-07 - 2.4955331995826e-07 - -1.4958091432561707e-07 - -1.05474963283886e-06
