Number: 534
Error: 6.035811415320284e-14
A1: [-0.01215471114142638, -0.01451852310678978, 0.018085827378940572, 0.008581689652624427] - [0.06583642792389433, 0.18949640803510934, -0.14532133731646552, -0.11000723302184097] - [-0.09629196857654586, 0.421787158321165, -0.05345613369377035, -0.27203444630601364] - [-0.0013200164799117336, -0.0182178178992817, -0.003833531301668033, 0.023378458581500935]
A2: [0.16158670576903142, -0.16775478802125543, 0.008501319159264414, -0.0023330841465158945] - [0.03548598637090838, 0.2075169803952296, -0.11721016247215987, -0.12579177241952058] - [-0.08621370319480423, 0.5815379665150764, -0.2353888808714321, -0.25993572274444554] - [-0.0038352475140588224, -0.004519565364023388, 0.0011099795354035191, 0.007243124672077293]
B1: 1.6041193457188956e-07 - 4.479562165543495e-07 - 1.0020756441234109e-07 - -1.7168806471652414e-07
B2: 7.165023353180899e-07 - 6.480188455886005e-07 - -5.98585930045779e-07 - -5.008732340660104e-09
