Number: 7548
Error: 1.087008621789125e-15
A1: [0.08043173433089008, -0.18046776110987334, -0.019588807386402937, 0.11962502137879756] - [0.03741561254948294, 0.13359641870604802, -0.13472615370744026, -0.036285792559715466] - [-0.0017027447814244672, 0.22819019073654964, -0.12282830852252818, -0.1036588360129079] - [0.038863262592012615, -0.11448099046857327, -0.046416413250843384, 0.12203425609831355]
A2: [0.035307353625745976, -0.029273565479861277, -0.0756974349854336, 0.06966331414046377] - [0.10289367445491764, 0.28289662440252206, -0.39260646996630827, 0.006815916194863131] - [-0.011187222652920346, 0.5390144672935753, -0.3594511315952102, -0.16837659381824227] - [0.09786270858576014, 0.017463225260307424, -0.16885109697127318, 0.05352478304971158]
B1: 1.214294049945249e-08 - -9.38943946059729e-09 - 3.969026045755743e-09 - 8.150541814301758e-10
B2: 5.563747740386625e-09 - -1.002811642683277e-08 - 2.4957918946378316e-08 - -8.424029201483875e-09
