Number: 4350
Error: 1.1564572286083559e-15
A1: [0.06621325523476734, -0.1139520078000663, -0.023983876784843136, 0.0717229415791875] - [0.03740265869329039, 0.18819341392556732, -0.14740890100202989, -0.07818696439664462] - [-0.06022933232175932, 0.32895083758708304, -0.1277530715175897, -0.14096828424858515] - [0.03904603828320675, -0.053322800777377916, -0.03741870731545459, 0.05169500444469077]
A2: [-0.009108514191942196, -0.34680312012674447, 0.24945515241931035, 0.1064567444681578] - [0.08003982396145902, 0.03628225502824515, -0.05025011423301489, -0.06607196148491477] - [-0.04245281826996399, 0.2308318923991604, -0.0405312442719123, -0.14784783765886333] - [0.0681348679601368, -0.29346775402162395, 0.14177133734846512, 0.08356196044269693]
B1: -7.331576226819545e-09 - -1.1152824397581586e-08 - -1.967239793959838e-08 - 1.955088067202276e-08
B2: -4.4850996024379555e-08 - 5.495693215811952e-09 - -1.5480719146503048e-08 - 4.034648972773255e-08
