Number: 3385
Error: 2.235121130276247e-08
A1: [0.06515628121569733, -0.11498441322820893, -0.025040292923692798, 0.07066863948122297] - [0.037122118028988196, 0.18792546695201967, -0.1476848006369325, -0.07846269977909197] - [-0.054809134358972667, 0.33415726089862097, -0.12245112737147046, -0.13570112021424252] - [0.03634153416792174, -0.055889840884151464, -0.0400358515119428, 0.04909581401329601]
A2: [-0.009236853385967752, -0.34693684506908185, 0.24935161775592624, 0.10632348064807245] - [0.08037715970370075, 0.03664607010214934, -0.04988028313840235, -0.06570417916484973] - [-0.04216548964192881, 0.23114945158796685, -0.04021754278736523, -0.14753459877621156] - [0.06836764518495625, -0.29320845752799857, 0.14204475630592842, 0.08382677428816833]
B1: -0.00014433042913714322 - -0.00016654131258051491 - 4.8785558376062253e-05 - 2.1841849768169252e-05
B2: 0.00029103356936256524 - 0.00024066731568181174 - -0.0001488519795119761 - -0.0006066219761084246
