Number: 464
Error: 9.63184040994386e-13
A1: [-0.012152116994321198, -0.014515858583216147, 0.018088694789877072, 0.0085844618656917] - [0.06583215877562121, 0.18949230129454148, -0.14532575124200134, -0.11001198629679788] - [-0.0962899879164936, 0.4217890727054468, -0.05345398431834427, -0.27203213864467934] - [-0.0013189902130667282, -0.018216830789718877, -0.0038324387323701555, 0.023379644884387915]
A2: [0.16158816564915138, -0.16775335569573005, 0.008502749674827982, -0.0023316608764266953] - [0.03548704581339927, 0.20751802282451742, -0.1172091074639711, -0.12579073600631566] - [-0.08621214104052369, 0.5815394966658988, -0.23538736081738712, -0.25993419939226475] - [-0.003834796843833895, -0.004519122167195973, 0.0011104256200819508, 0.007243555875641338]
B1: 1.413329467889489e-06 - -1.99140213731576e-06 - -2.1990508496474355e-07 - 2.822650335792734e-07
B2: -1.3350074294520586e-06 - -3.162683855273797e-06 - 8.311657851916869e-07 - 1.2207476685093018e-06
