Number: 2002
Error: 7.753632723567576e-05
A1: [0.005449788093480551, -0.0028301108506610215, 0.013714862162308102, 0.03181171638521512] - [0.04580786044340822, 0.16967101372674417, -0.16844443339708942, -0.13319967114528258] - [-0.1511177540466066, 0.4040608925956093, -0.11122178575841171, -0.2986879001202409] - [-0.027702902474775463, 0.011560201493241492, -0.03429571962497816, 0.03594182824876898]
A2: [0.1316249629770487, -0.22615538519634254, 0.02263668645715944, 0.07042790746132216] - [0.02380671184290602, 0.1940855592444678, -0.12413868530328664, -0.1307466865788061] - [-0.07638798669391865, 0.5712230851841412, -0.21778455460239873, -0.20902603015859064] - [-0.0028563164227606557, -0.0034903674230179864, 0.025089131093724522, 0.048565860021838735]
B1: 0.008540378249122457 - 0.003170746495881175 - 0.00046210335040668474 - 0.004668445024240135
B2: -0.004949844526318577 - -0.008898973016230107 - -0.0017717702370801235 - 0.0006725673874182834
