Number: 2179
Error: 0.00016149113539455385
A1: [-0.020831012124799344, -0.11423355677071495, -0.07704218052002768, -0.029617702387814193] - [0.04826066429773042, 0.17822375386469716, -0.16454169618869344, -0.11233378722136732] - [-0.10989512379082533, 0.41850507338533244, -0.09565204099406258, -0.2072014189048555] - [0.02090577914039286, 0.04768472303231749, 0.00996678108340213, 0.00021908381054060004]
A2: [0.23739800046054926, -0.06074439631589326, 0.24385248366660472, 0.20337742261279132] - [0.03296656659719546, 0.19988129104286487, -0.10019109735444444, -0.12895732880489855] - [-0.10939633279379957, 0.5245528250299707, -0.22724895380418417, -0.2117870805113576] - [0.034189323752685005, 0.12379805058997394, 0.06107788488484026, 0.1387318436169208]
B1: 0.029504843947810458 - 0.012690652606353214 - -0.019732917768239287 - -0.035602938351711924
B2: -0.022587913306043136 - -0.0062206556229415745 - -0.024013256195230717 - 0.026052192258674788
