Number: 3195
Error: 0.00936631566579468
A1: [-0.014773127598482587, -0.1373530668062128, -0.10842497216444352, -0.0770294553094868] - [0.08598676296870783, 0.23032845622419493, -0.10204710083729347, -0.05169527442132452] - [-0.10025784402789388, 0.429526157807535, -0.08720310238576606, -0.17200879261708596] - [0.11329897834269148, 0.09290490748949223, 0.046321035011339544, 0.05740053800058559]
A2: [-0.028556128930471412, -0.24657353345677105, 0.017082853935449203, -0.022058107335834777] - [0.05090647305999889, 0.22434512826727668, -0.0770549935653066, -0.10226734387901656] - [-0.10214510188631092, 0.5108826553303476, -0.2312371428930272, -0.20227279405550197] - [0.05934480182508692, 0.10400262542500212, 0.029650234974378277, 0.12047036361671189]
B1: 0.05426532773017279 - 0.005774636976178277 - 0.04804357309912889 - 0.03613841432371759
B2: -0.011905474628986432 - -0.007685913727747282 - -0.053427084877032904 - -0.11175034801251085
