Number: 1502
Error: 2.4998539917022012e-08
A1: [-0.008079949218724378, -0.015894434383829578, 0.0020690927281984766, 0.01853785768625063] - [0.06647302400457086, 0.1895440754832454, -0.14710075405256223, -0.11025585495045426] - [-0.11349351330237606, 0.4408949708624847, -0.07173569438416133, -0.25908300032960935] - [-0.023901051619344735, 0.014821456772503936, -0.030477233731101304, 0.03835050605088811]
A2: [0.13154497517900937, -0.22466893062546045, 0.02262592571253221, 0.0701203791114648] - [0.03271465770067298, 0.2038165379047961, -0.11482016881258793, -0.12139058916731431] - [-0.09466626453753833, 0.5554968539971967, -0.23524565151542748, -0.22567863216545775] - [-0.02090292067102948, -0.019350424230969124, 0.008042775686342579, 0.032108793833621155]
B1: -3.8785462596667395e-05 - -0.00022097185613919508 - -1.1829051825622757e-05 - 1.1918731673794648e-05
B2: -0.0001986842771209333 - -0.00012601164645651314 - 9.383727255000675e-05 - -0.00046290569494904406
