Number: 4048
Error: 1.0447569759788961e-15
A1: [0.06621318284423537, -0.1139520785728926, -0.0239839491185575, 0.07172286931015867] - [0.03740263480584998, 0.1881933911027381, -0.14740892448522183, -0.0781869878818989] - [-0.060229409487436644, 0.32895076347374463, -0.12775314702733317, -0.1409683593522084] - [0.03904611182075429, -0.05332273097834142, -0.03741863617034345, 0.05169507501208569]
A2: [-0.009108662048098404, -0.3468032769790424, 0.24945500336686235, 0.10645658944908999] - [0.08003984853328693, 0.036282281499130466, -0.05025008737741225, -0.06607193440130513] - [-0.0424529295594238, 0.23083176957313964, -0.040531363534156276, -0.14784796074094747] - [0.06813479368338284, -0.2934678358035326, 0.14177125682531408, 0.08356187716480763]
B1: 3.0313093285524385e-08 - -1.2156215787550423e-08 - -2.6291177142010143e-08 - 1.7953027455603657e-08
B2: 3.6171680819366246e-09 - 3.4475559292024626e-08 - -7.249248228996956e-09 - -1.7721315015808293e-08
