Number: 5067
Error: 1.5099687353626944e-15
A1: [0.06621337070800552, -0.11395189490719032, -0.023983761402224895, 0.07172305685863319] - [0.03740264813922623, 0.18819340384191602, -0.14740891137746132, -0.07818697477300247] - [-0.060229370759471886, 0.3289508006697667, -0.12775310913045831, -0.1409683216589508] - [0.0390461687626671, -0.05332267693107871, -0.037418581080797424, 0.05169512965427292]
A2: [-0.00910867186270298, -0.34680328739049604, 0.24945499347278077, 0.10645657915926265] - [0.08003984960279657, 0.0362822826513253, -0.050250086208413404, -0.06607193322242587] - [-0.04245279803663861, 0.23083191472988648, -0.04053122258897593, -0.14784781528166663] - [0.06813477291951725, -0.29346785866544595, 0.14177123431508, 0.08356185388468085]
B1: -1.172438380775866e-08 - 1.6480967292142593e-08 - 1.5491801084791476e-08 - 1.4233307594020946e-08
B2: 8.288596863102653e-08 - -2.3670194589976753e-08 - -7.380683006947319e-08 - 1.4349877284946148e-08
