Number: 8170
Error: 8.817222524373302e-16
A1: [0.08043169637882518, -0.1804677990576618, -0.019588845293129563, 0.11962498343104373] - [0.03741562699506292, 0.13359643314074093, -0.1347261392905114, -0.036285778122064634] - [-0.001702812327761166, 0.22819012319164805, -0.1228283759699716, -0.10365890354122068] - [0.038863249538044715, -0.11448100348591035, -0.046416426296498385, 0.12203424305245714]
A2: [0.03530724025553907, -0.029273679163591408, -0.07569754277664509, 0.06966319548653158] - [0.10289369795743052, 0.2828966481045019, -0.39260644723498395, 0.006815940805429535] - [-0.011186933476954465, 0.5390147581942663, -0.3594508578834701, -0.16837628910388136] - [0.09786301696120628, 0.017463535038385308, -0.168850803417389, 0.053525106743061074]
B1: -5.513781893188682e-08 - 1.6409664730094442e-08 - 4.0308265298740634e-08 - -4.139875849046018e-08
B2: -1.737329625313625e-08 - -1.2369405404778561e-08 - -1.2409086800287432e-08 - -1.217688101671052e-08
