Number: 7345
Error: 8.774971465820921e-16
A1: [0.08043166838152958, -0.1804678270517582, -0.019588873256898433, 0.11962495543697499] - [0.03741558210685334, 0.13359638828646386, -0.1347261840894086, -0.03628582298547695] - [-0.0017028468903744413, 0.22819008862978, -0.1228284104819701, -0.10365893809460544] - [0.038863223391079955, -0.11448102955948818, -0.04641645242679082, 0.12203421692175029]
A2: [0.03530738350939216, -0.029273535513574016, -0.07569740657240849, 0.06966334541689975] - [0.10289370728798677, 0.28289665751423726, -0.39260643821057545, 0.006815950575853494] - [-0.011187104782134895, 0.5390145858673931, -0.35945102002785334, -0.16837646961379105] - [0.09786279444561924, 0.017463311510701105, -0.16885101523818336, 0.05352487317453864]
B1: -1.0010131887210212e-08 - -8.984472092710406e-09 - 6.533547965750063e-09 - -6.6801786940733965e-09
B2: -7.2212931440946846e-09 - 7.84043846773872e-10 - -1.339936944064925e-08 - 4.192298808757972e-10
