Number: 9993
Error: 9.2984199895883e-16
A1: [0.05317246299055048, -0.14800135815748616, -0.02699913437429831, 0.12182773479039606] - [0.005313652258966373, 0.13083662663979612, -0.1136008113199827, -0.022549831029366176] - [-0.014444513737624034, 0.22309158365493936, -0.12704121672839533, -0.08160597017319908] - [0.02714639344727886, -0.10002010468673465, -0.04942457518876534, 0.12229805358581469]
A2: [0.08925457569112892, -0.072913256183538, -0.12362730898741987, 0.10728649887090674] - [0.10884182311680536, 0.24981427544575216, -0.4048451970835835, 0.046189575992881926] - [0.03663596524382885, 0.46255515255860197, -0.3777174175606359, -0.12147323385178571] - [0.1434265208092243, -0.04460653603923922, -0.20149944993589886, 0.1026799514027498]
B1: -3.7854367909076794e-09 - 4.954913333495665e-09 - -2.873793553343758e-09 - -8.48912619029141e-09
B2: -1.42263082938826e-08 - -2.067046098859346e-08 - -1.9488949220121837e-09 - -5.954176879490316e-09
