Number: 9938
Error: 9.469055101636818e-16
A1: [0.05317248398219132, -0.14800133715814584, -0.02699911340581767, 0.12182775579213267] - [0.005313711380013675, 0.13083668582282854, -0.11360075220790782, -0.022549771824968454] - [-0.014444574957183421, 0.22309152241294175, -0.12704127789951808, -0.08160603141463385] - [0.027146584798517275, -0.10001991333580545, -0.049424383433902465, 0.12229824542331309]
A2: [0.0892545016557277, -0.07291333004773631, -0.12362738135476238, 0.10728642392266553] - [0.10884178467612148, 0.24981423699828129, -0.4048452347628767, 0.04618953690541152] - [0.03663590295602861, 0.4625550905948873, -0.37771747833172215, -0.12147329678563455] - [0.14342635330856907, -0.04460670291604549, -0.20149961348578263, 0.10267978141698327]
B1: -2.656725218066803e-09 - 1.6946246095235584e-08 - 1.0350413462313975e-08 - 3.0892052075508686e-08
B2: -5.7932056059391414e-09 - -7.267389044701556e-09 - 1.51344242999683e-08 - 5.509695700745695e-08
