Number: 5277
Error: 9.90385746729551e-16
A1: [0.0662130488637036, -0.11395220955943541, -0.023984082993963738, 0.07172273555444206] - [0.03740256246288486, 0.18819332198400684, -0.14740899560384402, -0.07818705900684296] - [-0.060229398030434304, 0.3289507744772293, -0.12775313581632297, -0.14096834820121643] - [0.03904603188886965, -0.0533228068466419, -0.037418713501740815, 0.05169499830849863]
A2: [-0.009108505542149153, -0.34680311095077004, 0.24945516113876348, 0.1064567535369954] - [0.08003982779170021, 0.03628225915454585, -0.05025011004661312, -0.06607195726309383] - [-0.04245292667296453, 0.23083177275932532, -0.040531360440479204, -0.1478479575480418] - [0.06813467017914021, -0.29346797178669637, 0.1417711229347784, 0.08356173869428649]
B1: 1.1582910740785488e-07 - -4.617333314139652e-08 - -1.4627227738443506e-08 - -2.9213813614344426e-08
B2: -9.233526412603241e-09 - 3.268606380900905e-08 - 2.4548220015318865e-08 - -1.089132045629749e-08
