Number: 7507
Error: 5.568482548991e-16
A1: [0.0804317076871823, -0.18046778775056324, -0.01958883399825244, 0.11962499473813328] - [0.03741560964323592, 0.1335964158020009, -0.1347261566078965, -0.03628579546435235] - [-0.0017027977526814357, 0.2281901377664231, -0.12282836141622633, -0.10365888897002705] - [0.038863251255472936, -0.11448100177329834, -0.04641642458015912, 0.1220342447688199]
A2: [0.03530741687837462, -0.029273502052288188, -0.07569737484559173, 0.06966338034114918] - [0.10289376375848168, 0.28289671446400466, -0.39260638359303535, 0.006816009708694573] - [-0.011187071828881042, 0.5390146190172002, -0.35945098883686183, -0.1683764348898122] - [0.09786283318656841, 0.01746335042787188, -0.1688509783592826, 0.05352491383990021]
B1: -7.503416956240902e-09 - 9.768575541604404e-09 - 1.3912897618049869e-08 - 4.8750629119155185e-09
B2: 6.036599752217657e-09 - 3.2526869144829967e-09 - 1.0677327665049679e-08 - 4.210868295895987e-09
