Number: 3048
Error: 7.089683843250403e-08
A1: [0.06294289330577896, -0.04836347505191478, -0.023932435388359867, 0.007360219214809655] - [0.04365874751689543, 0.1912673444515502, -0.14256527626315055, -0.09251361414445534] - [-0.12567694290347023, 0.4126454859939413, -0.10709021888950512, -0.18928779893900455] - [0.037216964040313744, 0.019378011207316456, -0.032927179413211195, -0.02285404696921459]
A2: [0.062435905011406334, -0.17468849210513024, 0.08532494273407817, 0.022962534496164654] - [0.02983390003471565, 0.20083478293272952, -0.10116816715233765, -0.12734144341551848] - [-0.09261586988993152, 0.5144579331098026, -0.22481062229771295, -0.1943254036422896] - [-0.02382811629586584, 0.020599777436577194, -0.04819851435325077, 0.0590244831921247]
B1: 0.00042162181009925803 - 0.0006748210072608301 - -7.817012711484536e-05 - -8.554451658250462e-05
B2: 0.00011047356000652399 - -7.282485202073887e-05 - -0.0002635376453012282 - 0.0004974368438636636
