Number: 8961
Error: 0.0036087119979698887
A1: [0.06877140050870038, -0.18980190023946264, -0.015686358593722978, 0.12723833290944592] - [0.07000712668692366, 0.17560449759654717, -0.0629529401649509, 0.03333115019560921] - [-0.0003106032173968293, 0.22801794880398996, -0.11497490689784294, -0.09303779352623519] - [0.0639290204478823, -0.09049316333446938, -0.01653369911571929, 0.15288848029752142]
A2: [0.3272272936416492, 0.27207022965000605, 0.18500951467069623, 0.4070541067955058] - [0.5000599682231421, 0.6801000599958866, -0.01361824802824925, 0.4498386134152919] - [0.16692688369731287, 0.6909518620744678, -0.19125688602774962, 0.05361660257011933] - [0.2513815763727545, 0.15177744531485374, -0.02491531540509133, 0.2531554374049174]
B1: -0.06469337670258811 - 0.0005490610276657347 - -0.08234508395633236 - -0.07805750512663989
B2: -0.02279040673649911 - -0.01575131525767548 - 0.01880225635321234 - -0.015386889288696269
