Number: 9828
Error: 1.110674529850828e-15
A1: [0.053172571331995364, -0.14800124977628049, -0.026999026152358486, 0.12182784318399663] - [0.0053137663516764225, 0.13083674085210767, -0.1136006972446115, -0.022549716775814656] - [-0.014444428440376099, 0.22309166898338723, -0.12704113149872437, -0.08160588484556593] - [0.02714646754272393, -0.10002003059123492, -0.04942450093685164, 0.12229812786968627]
A2: [0.08925423513712354, -0.07291359595002446, -0.1236276418685088, 0.10728615411805074] - [0.10884164947985302, 0.24981410177815686, -0.40484536728133386, 0.046189399434456345] - [0.036635845212020964, 0.4625550331513275, -0.3777175346696681, -0.12147335512849759] - [0.14342635174420093, -0.04460670447460513, -0.2014996150132484, 0.1026797798294786]
B1: 3.0195627045970355e-08 - 2.993722730149665e-08 - 1.8017654199347204e-08 - -2.1900376300322696e-09
B2: 2.8974544269209997e-08 - 2.0284695084050756e-08 - 3.760377953432972e-08 - 1.7270606352646534e-08
