Number: 6550
Error: 1.0115810050959314e-15
A1: [0.08043168561588886, -0.18046780981934957, -0.01958885604314769, 0.11962497266936553] - [0.037415582216049896, 0.13359638839557544, -0.13472618398043434, -0.03628582287634243] - [-0.0017028046490753462, 0.22819013087018056, -0.12282836830252257, -0.10365889586458345] - [0.03886322067636041, -0.11448103226658618, -0.046416455139775326, 0.12203421420872093]
A2: [0.035307427783885, -0.029273491116626697, -0.0756973644767467, 0.06966339175493004] - [0.1028937370362225, 0.2828966875149419, -0.39260640943846686, 0.006815981726580496] - [-0.011187113943996248, 0.5390145766508982, -0.3594510286997583, -0.1683764792679535] - [0.0978627955152227, 0.017463312585171076, -0.16885101421998033, 0.053524874297267835]
B1: -6.788777831111197e-11 - -1.6707642961746537e-09 - -1.2294603019379505e-09 - -3.0049713898354498e-09
B2: -2.2222713792577857e-09 - -7.213786114907073e-09 - 1.181571623897447e-08 - -9.62698622570803e-09
