Number: 7374
Error: 7.48527482303326e-16
A1: [0.08043168476856456, -0.18046781066657996, -0.019588856889459817, 0.11962497182213835] - [0.03741554752649137, 0.1335963537322742, -0.13472621860086792, -0.03628585754668342] - [-0.001702824112602174, 0.22819011140706513, -0.12282838773755154, -0.10365891532291235] - [0.03886319851732751, -0.1144810543634359, -0.04641647728469323, 0.12203419206345724]
A2: [0.03530764569497779, -0.029273272602821334, -0.07569715728956566, 0.06966361982241837] - [0.10289378418618368, 0.28289673506507357, -0.3926063638356263, 0.006816031099475572] - [-0.011187139760635444, 0.5390145506802636, -0.3594510531357838, -0.16837650647183713] - [0.09786283679818795, 0.017463354055915665, -0.16885097492125895, 0.053524917630925505]
B1: 4.346720688415425e-08 - 1.6574896628157075e-09 - -3.710962017081714e-08 - 1.2614984384726505e-08
B2: 1.858338582250256e-08 - -9.675086410978568e-09 - 1.852795654909985e-08 - -6.114623315623854e-09
