Number: 3890
Error: 9.986754480155243e-16
A1: [0.06621316405997633, -0.11395209693738087, -0.023983967888081385, 0.07172285055742049] - [0.03740257373005787, 0.18819333274896485, -0.14740898452741313, -0.07818704792940011] - [-0.06022931723380858, 0.32895085207824515, -0.1277530567534029, -0.14096826956383082] - [0.03904606226145846, -0.05332277801812557, -0.03741868411728692, 0.051695027454470785]
A2: [-0.009108672930571942, -0.3468032885236733, 0.2494549923963404, 0.10645657803937744] - [0.08003978010142435, 0.03628220777839667, -0.05025016216955528, -0.06607200982853476] - [-0.04245280682558367, 0.23083190502989012, -0.040531232007675215, -0.14784782500189056] - [0.06813487806650195, -0.293467742893945, 0.14177134830485663, 0.08356197177397738]
B1: 2.594217920755695e-09 - 5.218342748185862e-10 - -2.8544541381929596e-08 - -2.1327895435317823e-08
B2: -1.5177018641137135e-08 - -1.9632469934253955e-08 - -3.9332492308129724e-08 - 2.5554364624688074e-08
