Number: 2228
Error: 0.00017446488776097336
A1: [0.08898637677199359, -0.015395040065830881, 0.009573183078075748, 0.041771872088403716] - [-0.005911642571242341, 0.13056214757303095, -0.21593278844098232, -0.17116535636292343] - [-0.1400432734652587, 0.404741378461078, -0.11065924916819861, -0.2009981514454622] - [0.053260983484420724, 0.05073403353315832, 0.005684058761178451, 0.001576966394289104]
A2: [0.24000469388976947, -0.03910562914053475, 0.24875041342840135, 0.19230745763034932] - [0.11990563895510185, 0.2871311396375804, -0.009700496061314559, -0.04150104235265334] - [-0.03833486706350683, 0.5833841689037012, -0.15993582907479603, -0.1449809203193931] - [0.037291341575632235, 0.10260132171325162, 0.021762754600747142, 0.12972725894228918]
B1: 0.014296349438133725 - -0.023707657516099552 - 0.004218402477669025 - -0.02926201163549453
B2: -0.020514826203951342 - -0.02713635024938022 - -0.003310861503756546 - -0.016180164740390586
