Number: 4199
Error: 7.935319373098407e-16
A1: [0.06621317210067255, -0.1139520890763727, -0.02398395985369161, 0.07172285858462578] - [0.03740261893821533, 0.18819337594229202, -0.14740894008431862, -0.07818700348238032] - [-0.06022938822247133, 0.32895078389757554, -0.12775312621869264, -0.14096833865548042] - [0.03904609088562414, -0.053322750849171346, -0.03741865642437844, 0.05169505492250974]
A2: [-0.009108489878428407, -0.3468030943338989, 0.24945517692956581, 0.10645676995961817] - [0.08003984045814477, 0.03628227279988712, -0.0502500962030856, -0.06607194330191818] - [-0.042452824600744316, 0.2308318854120934, -0.04053125105625339, -0.14784784466056014] - [0.06813483299553841, -0.2934677925191369, 0.14177129944347425, 0.08356192124099049]
B1: 5.658456420748919e-09 - -9.24640740931096e-10 - -1.7323852709646e-08 - 6.749056081941297e-09
B2: 5.602784673448435e-09 - 1.2843754046453122e-08 - -7.00403490149412e-09 - -1.8040293389955525e-08
