Number: 8826
Error: 2.2544641507886935e-05
A1: [0.07493820031859824, -0.18600358266967973, -0.02497229297207468, 0.11412136589004782] - [0.03346554664569617, 0.1295942754370577, -0.13853258088468948, -0.04025171792539685] - [-0.009091127042122558, 0.22076252889700995, -0.13010647179148938, -0.11105172674380599] - [0.032851426574067324, -0.12051047376361694, -0.05233079979751127, 0.11601826765329012]
A2: [0.04365922953819051, -0.020976268320511485, -0.0676351562093849, 0.07839630956944342] - [0.10387363085407313, 0.2838527810294493, -0.3915586308714221, 0.007838400143075908] - [0.01979494068079182, 0.5700618261456823, -0.33007834675642034, -0.13575222157453767] - [0.10241688803682572, 0.02197464252143438, -0.16439252319421885, 0.05829751921469428]
B1: -0.0001356427988027664 - 0.00317577326556479 - -0.00804902872687121 - 0.001743646011489751
B2: -0.004431657562544237 - -0.004604326732868045 - -0.001338623345350974 - -0.004423837087106892
