Number: 2910
Error: 2.458023548336398e-08
A1: [0.06312957002496236, -0.048175410009253135, -0.023745185930732784, 0.007552464011787042] - [0.043444121880880246, 0.19106042709939794, -0.14278866224517814, -0.09275160389505631] - [-0.12355069547921617, 0.41475476834728514, -0.10496623082248722, -0.1871806570053927] - [0.03674813242423166, 0.01891024666173281, -0.033389195532726824, -0.02330794363857319]
A2: [0.06443044251943866, -0.17270335657621205, 0.08730781810536992, 0.024931659428926133] - [0.029466187166549015, 0.20047226058859777, -0.10153455784951902, -0.12770070458377955] - [-0.09244544537485011, 0.5146281425016249, -0.22463927858863822, -0.19416371295065815] - [-0.025026318559518042, 0.019415869996644592, -0.04938565231019953, 0.05785471299895571]
B1: -0.00014195783272131 - -0.00016363620823966308 - -8.268146665694467e-05 - -9.982612341187744e-05
B2: -7.30958141193052e-05 - 5.452236833492566e-05 - -3.5098438866707456e-05 - -3.902906360157407e-05
