Number: 2114
Error: 0.000796168021352655
A1: [0.06533371580720473, 0.026827905454797144, -0.016356682481277807, 0.08924001546285704] - [0.0953958740939301, 0.2254901227350839, -0.10880407371685302, -0.06962659303314678] - [-0.2026447372390994, 0.32384704460007546, -0.23549917635830128, -0.24262774954037325] - [0.052324571218263144, 0.06750339946963954, 0.037722864722348926, 0.0011720954749941948]
A2: [0.17805318303050394, -0.18322662866286474, 0.07201772633799415, 0.057917812211392736] - [0.10601412294090887, 0.259065507568778, -0.04792081391889496, -0.06557815640024409] - [-0.08985215092163461, 0.4221349650915299, -0.29463878469733085, -0.3764224277786475] - [0.08016382529189471, 0.09680322831822799, 0.001854531693918273, 0.1483320189578686]
B1: -0.020089987825520732 - -0.04241529415787226 - -0.04707593603117777 - -0.013036488695956755
B2: -0.04186155128189458 - -0.041283363343608395 - -0.01806762950511895 - -0.08300069206837118
