Number: 3416
Error: 4.221636349631339e-08
A1: [0.06715866856045552, -0.113028538239585, -0.023040584254513347, 0.0726666618979685] - [0.037606825709919744, 0.18838824726761513, -0.14720824751380807, -0.07798592158824336] - [-0.06037888227447057, 0.3288041183159969, -0.12790242141536154, -0.14112005824087442] - [0.039586943564588147, -0.05280714220036027, -0.03689425492796616, 0.05221264735405588]
A2: [-0.007812322418125112, -0.3454278721373237, 0.25075932466278084, 0.10781759516085299] - [0.08022978323850113, 0.03648670654985355, -0.05004461217501784, -0.06586489598349708] - [-0.04214531445955839, 0.23117070378717203, -0.040204990127916035, -0.14750978690284505] - [0.06906482541327262, -0.29244347900617595, 0.14278321393804128, 0.08460813327157993]
B1: 0.00034441014150982867 - -0.00038353913176670753 - 0.0001474210428041812 - 0.0001703107483984289
B2: -0.0002640907515736599 - 8.582751178431687e-05 - 0.0005919318006062051 - 3.5678425990332506e-05
