Number: 3371
Error: 1.305253476032027e-07
A1: [0.06564562970279862, -0.11450824106993092, -0.02455448586774451, 0.07115470185561128] - [0.03964355364631012, 0.19033183356867478, -0.145208902017845, -0.07598649677231238] - [-0.05714097798247187, 0.33194063281334385, -0.12471328787723263, -0.13795472753225346] - [0.036807914276944576, -0.05545103795704718, -0.03958686647349845, 0.04954170674382098]
A2: [-0.008071568030214695, -0.34570263602750817, 0.2505545816762331, 0.10754298565029914] - [0.08080519238394152, 0.037108091916748125, -0.049416942293822985, -0.06523206979611988] - [-0.040691162179993655, 0.2327763577236946, -0.03863288794097405, -0.14590825297810436] - [0.07040944269805852, -0.290959570018526, 0.14426839348430498, 0.08611155757584149]
B1: 0.0005609430609984396 - -4.69975325827131e-05 - -7.706748335779555e-05 - -3.210892388469612e-05
B2: -6.915870159690128e-05 - 0.00020762070206412534 - 0.000255217122523858 - -0.0004104975584659533
