Number: 9091
Error: 8.042784939284673e-06
A1: [0.0639867588667812, -0.1387756145888835, -0.01681113422938834, 0.1311193394990796] - [0.015995372259436244, 0.14061810663558713, -0.10432862753565918, -0.013225683568603952] - [-0.03635297503618702, 0.20216895798437284, -0.14597506774571214, -0.1010495897791175] - [0.0376306631160884, -0.09042669089131762, -0.03899491101048817, 0.13193810557041966]
A2: [0.028178910074809355, -0.1337388914019134, -0.17906999207262297, 0.0459430121682897] - [0.044520440385741815, 0.18449295675774477, -0.46616346958204047, -0.01960502950205393] - [0.03908042102003952, 0.46586695649322696, -0.3766167588988225, -0.11913459636943693] - [0.12986403572278277, -0.05829911748308257, -0.21596737606451832, 0.08861593538786368]
B1: -0.0086112610407692 - 0.008952177481317446 - -0.002339945509566888 - 0.003417666885047438
B2: -1.5920606338609526e-05 - -0.003125892740695701 - 0.0008916095422711722 - -5.124075301343473e-05
