Number: 806
Error: 2.816054482649987e-12
A1: [-0.01216068217993754, -0.014524655967840177, 0.018079227569493993, 0.008575308908867235] - [0.06583448236355852, 0.18949453649029271, -0.14532334885432865, -0.11000939920722451] - [-0.09630272087507147, 0.4217767664075672, -0.05346780124819915, -0.2720469732421229] - [-0.0013157871007469786, -0.01821375044053086, -0.003829029258347495, 0.023383347011794623]
A2: [0.16158673588525316, -0.16775475846993484, 0.008501348661259404, -0.0023330547871315893] - [0.035486322819201804, 0.2075173114365632, -0.1172098274354721, -0.12579144328203462] - [-0.08621550403710954, 0.5815362025856922, -0.2353906331499795, -0.2599374788454802] - [-0.003834540550481614, -0.004518870148157987, 0.0011106792509819488, 0.007243801069758188]
B1: 1.0131333914312242e-06 - 1.9612530752763347e-06 - 1.0512899758271433e-06 - 1.323724454039232e-06
B2: 3.103935932444055e-06 - -1.1203402094403717e-06 - 2.661272724997494e-06 - -1.8781022976040739e-07
