Number: 5772
Error: 0.00022274920213822936
A1: [0.1005981346860306, -0.16400669622888353, -0.002318258117498577, 0.13773894337845913] - [0.04942021187439781, 0.13763951229203125, -0.12905806591674437, -0.02873354105403532] - [0.024242932069280704, 0.25779407876964194, -0.09564690528574822, -0.0768357900407514] - [0.0980819929808107, -0.050184980396122125, 0.01668577656318978, 0.18380775298261312]
A2: [0.06485320802545073, -0.001710292674272357, -0.04245602608394266, 0.10646035122425003] - [0.08086042207860183, 0.2621286252205803, -0.4173347507289979, -0.020823349519355584] - [-0.0005093293098427897, 0.5513758688713117, -0.34912154896760417, -0.1607438193837711] - [0.11166209343171797, 0.03189674160418179, -0.15425534280138173, 0.06692213713682112]
B1: 0.016139444584961117 - -0.010403879606707073 - -0.0071180612432694725 - -0.0013316151350939768
B2: -0.018110071927104857 - -0.021413290147433463 - 0.003312738365485993 - -0.01256175541713484
