Number: 2989
Error: 1.3185790637186104e-08
A1: [0.06404016247087302, -0.047267376731147615, -0.022842746094050723, 0.008454707687127453] - [0.043800946295294456, 0.191405738669745, -0.14242009584739893, -0.0923570618025691] - [-0.12307272271086343, 0.4152382248283703, -0.10448058286340449, -0.18669410791173538] - [0.03651057992137398, 0.018677475954423907, -0.03362445360911956, -0.023541200023413672]
A2: [0.06344852847737545, -0.1736802219232495, 0.08633354327006813, 0.023964731380152475] - [0.029119068499429905, 0.20013027912069295, -0.1018808892779534, -0.12804091875607096] - [-0.09328549518616375, 0.5138030491273858, -0.22548047395573362, -0.19497613018391804] - [-0.025340751842958233, 0.0190991167211357, -0.04970474970433498, 0.057547437229541136]
B1: -0.00020871850292008003 - 1.6224970291943403e-05 - 5.870351528548149e-05 - 0.00022178858914283928
B2: -0.00013307298064552884 - 5.6149827363767884e-05 - -0.00010293467809091042 - 0.00017677194550624957
