Number: 9423
Error: 3.686407329750773e-12
A1: [0.05317485475974012, -0.14799896550384217, -0.026996745275104886, 0.12183012771058117] - [0.00530953438610823, 0.13083250458045168, -0.11360492845842053, -0.02255395447390605] - [-0.014434946315006188, 0.22310115437224962, -0.12703165699745939, -0.08159639952055443] - [0.027142480978552295, -0.10002401676633711, -0.049428495609106886, 0.12229413167571387]
A2: [0.08925357504022387, -0.07291425453785474, -0.1236282870610415, 0.10728548602521393] - [0.10885352533183767, 0.24982597973153312, -0.4048337266003957, 0.04620147505461213] - [0.036639153537035424, 0.4625583240843456, -0.3777143067871007, -0.12147001269723325] - [0.14343419382271777, -0.04459889189267409, -0.2014919577122975, 0.10268773783859067]
B1: 2.2468389905006177e-06 - -3.741910605084737e-07 - 3.789570882341335e-06 - 3.8559573508977386e-06
B2: 1.4220737218012275e-06 - -5.659399300446189e-07 - 3.115066267310095e-06 - 9.943339968443161e-07
