Number: 7208
Error: 8.400442056391797e-16
A1: [0.08043171475933071, -0.1804677806792096, -0.019588826934553594, 0.11962500180947769] - [0.03741562035983756, 0.13359642651049491, -0.13472614591264817, -0.036285784753684866] - [-0.0017028416210321904, 0.22819009389901804, -0.12282840522033275, -0.10365893282666536] - [0.03886327095604036, -0.11448098212801333, -0.04641640489214286, 0.12203426445714631]
A2: [0.035307381005083224, -0.029273538024809895, -0.07569740895346097, 0.06966334279586092] - [0.10289376534906837, 0.28289671606808603, -0.3926063820546457, 0.006816011374271303] - [-0.011187039407401131, 0.5390146516320571, -0.3594509581492229, -0.16837640072617963] - [0.09786280313064855, 0.017463320235235506, -0.1688510069705899, 0.05352488229098478]
B1: -2.204307907910945e-08 - 1.6858502673997535e-08 - 1.8955933552758928e-08 - -2.9932271732747204e-09
B2: 1.0116220911446766e-08 - 8.52224033488677e-09 - -2.9616668271363403e-08 - 1.517779035957456e-08
