Number: 7094
Error: 9.846131787904024e-16
A1: [0.08043169483845766, -0.1804678005978245, -0.01958884683160377, 0.11962498189088173] - [0.03741559717751801, 0.13359640334572162, -0.13472616904877463, -0.036285807923161696] - [-0.0017028046742955385, 0.22819013084495643, -0.1228283683277073, -0.10365889588979754] - [0.038863239695705966, -0.11448101330061378, -0.04641643613254875, 0.12203423321624558]
A2: [0.035307487957707294, -0.02927343077637128, -0.07569730726423535, 0.06966345473335443] - [0.10289368875794405, 0.2828966388269273, -0.39260645613259254, 0.006815931172184927] - [-0.011187099025778127, 0.5390145916580851, -0.35945101457933737, -0.16837646354812077] - [0.09786284012161728, 0.017463357394463138, -0.1688509717575741, 0.05352492111945436]
B1: 1.0929450497335085e-08 - 4.585087421194823e-09 - -5.710571569366856e-09 - 3.022844735078553e-09
B2: 3.980684758291524e-09 - 4.214238325295519e-09 - 1.0313227067199292e-08 - 3.4134598148085387e-09
