Number: 1607
Error: 9.18734606973354e-08
A1: [-0.00845279150928519, -0.01626942512345287, 0.0016834367386452454, 0.018148112928578937] - [0.06496163539498037, 0.18809014562565818, -0.1486636616405112, -0.11193619764396054] - [-0.11462541218350604, 0.4397851382320364, -0.07291188778248328, -0.26030757290879] - [-0.02458416706646844, 0.01414920742912764, -0.031174306226951633, 0.03762474395272293]
A2: [0.13170040330339136, -0.22452008254073122, 0.02277558136973271, 0.07026918685092667] - [0.03291509798915792, 0.20401355369078655, -0.11461983122733932, -0.1211940780201059] - [-0.09432183454924936, 0.5558365019504163, -0.23490554491636084, -0.22533984318297257] - [-0.02050894096152803, -0.01897264856823835, 0.008424405923800742, 0.032482483737460724]
B1: -1.7485669611482635e-05 - -0.0008632302570577863 - -0.00013974080397621412 - 7.224934223555541e-05
B2: 0.0004412061513008183 - -0.00024941800638010375 - -0.00018787319922175576 - 0.0001432518674603285
