Number: 632
Error: 2.7581492539702493e-14
A1: [-0.012151684513779619, -0.014515414450463225, 0.01808917271761487, 0.008584923953988206] - [0.06583544549160579, 0.18949546297698958, -0.14532235306559832, -0.1100083268618855] - [-0.09629212225700612, 0.4217870097884876, -0.0534563004608726, -0.2720346253557701] - [-0.0013200464696265918, -0.01821784674395884, -0.003833563227736839, 0.023378423913030844]
A2: [0.1615863575640061, -0.16775512966849632, 0.008500977972061816, -0.0023334236046783233] - [0.03548551420169093, 0.20751651581289737, -0.11721063266353332, -0.12579223432447362] - [-0.08621392458364645, 0.5815377496660378, -0.23538909628950508, -0.2599359386331963] - [-0.0038351159754942328, -0.004519436008967558, 0.0011101097291121762, 0.007243250523969915]
B1: -4.250357977740406e-08 - -3.9491586867058845e-08 - -8.69781629527281e-09 - -6.952221592280979e-08
B2: 3.0919799278261414e-07 - 1.565103829604446e-07 - -2.9840962890870156e-07 - 5.014804907526261e-08
