Number: 926
Error: 8.197996845645332e-09
A1: [-0.012388351348611444, -0.014758644338260064, 0.017827517122145253, 0.008331902685940612] - [0.06586590944064383, 0.18952475953645603, -0.1452908499126176, -0.10997441177319546] - [-0.09612277600326977, 0.42195059008360475, -0.053272580612201394, -0.2718373986907348] - [-0.001117565548562515, -0.018023071139723693, -0.0036180297477822715, 0.023612590587406532]
A2: [0.16154140629722255, -0.16779909408956972, 0.008457001814067616, -0.0023770935443242604] - [0.03546859620442704, 0.20749986902109252, -0.11722747311202819, -0.12580879123153194] - [-0.08617461998548279, 0.5815763762862908, -0.2353507703752326, -0.2598974921412806] - [-0.0037372365067945895, -0.004423116284077101, 0.0012070468071489493, 0.007336919718041471]
B1: 6.439352232617793e-05 - 4.377517337675095e-05 - 3.343292304522087e-05 - -9.894970923577116e-06
B2: -5.7978412525567694e-05 - 4.317961029579547e-05 - -7.916508378778379e-05 - -0.00011843764911931855
