Number: 3160
Error: 4.4977734792208565e-05
A1: [0.0632502847905431, -0.04785300676723147, -0.02308712744911235, 0.008540358347742562] - [0.03791634292777989, 0.18575508034598345, -0.14838001148201332, -0.09876094359559474] - [-0.11938984195984176, 0.41935094362420444, -0.09991840914049357, -0.18171682336220268] - [0.04950993032104637, 0.032152772742812655, -0.020146977307944375, -0.009423305613838464]
A2: [0.06567501283436367, -0.17192424254738553, 0.08876324366636172, 0.02579383363741088] - [0.0259330293376491, 0.19691756719113052, -0.10506187888312639, -0.13125237746498053] - [-0.11974834690159693, 0.48807009487410685, -0.2520147923899157, -0.22030710481096402] - [-0.060523452210851536, -0.015317433109464958, -0.08494455284795199, 0.02370340450042238]
B1: -0.008595008971669543 - -0.002676257495315404 - 0.00882696412506801 - 0.011719734481502011
B2: -0.0015897295844902164 - -0.0007830089730107067 - -0.0029985598582343005 - -0.0010622385866357422
