Number: 7566
Error: 1.1223025380836577e-15
A1: [0.08043172082828982, -0.18046777461094443, -0.019588820872858494, 0.11962500787773928] - [0.03741560766402256, 0.13359641382428525, -0.13472615858316603, -0.036285797442469445] - [-0.0017027634207453283, 0.22819017209762613, -0.12282832713455909, -0.10365885464725477] - [0.03886325301294638, -0.11448100002075716, -0.046416422823805654, 0.12203424652520088]
A2: [0.03530740887037031, -0.029273510082441435, -0.07569738245950584, 0.0696633719599102] - [0.102893707612554, 0.28289665784156703, -0.39260643789666316, 0.006815950915734627] - [-0.011187126206485957, 0.5390145643152607, -0.35945104030648606, -0.16837649218935083] - [0.09786277796617132, 0.017463294956300415, -0.16885103092556283, 0.05352485587650114]
B1: 2.1914757726975877e-09 - -1.6870033438444076e-09 - 6.684496764912892e-09 - 4.568797657811162e-09
B2: -2.983593155092937e-09 - -1.31342025581001e-08 - 1.2186594861530106e-08 - -1.224095722354425e-08
