Number: 8817
Error: 6.045528840874831e-05
A1: [0.0802855892960989, -0.18064546399201956, -0.019616460725860478, 0.1194653728500996] - [0.03993911643327231, 0.13607784324720393, -0.13207525963596328, -0.03378139037702876] - [-0.005806025009765551, 0.22406277011412856, -0.12679536287016838, -0.10777165229034433] - [0.039276140187614245, -0.11409760595298248, -0.045888635698009814, 0.12243426904794348]
A2: [0.042045384551763654, -0.022555809090391392, -0.069210269006008, 0.07671310051127611] - [0.10850051469908295, 0.28854346674038667, -0.3871347772161027, 0.012688369633231273] - [-0.012065116614738254, 0.538053569243189, -0.3602109015677076, -0.16930210164221748] - [0.10503741004238171, 0.02464155102027253, -0.1619472214393585, 0.061054058187129875]
B1: 0.0039016704887381054 - 0.00299595373270561 - 0.00609056053890368 - 0.0034574322792287715
B2: -0.0038736041758643805 - -0.00468502890682476 - -0.000969390363544995 - -0.003866984037293319
