Number: 7086
Error: 1.1969523851896909e-15
A1: [0.08043169557074073, -0.1804677998656244, -0.019588846100196306, 0.11962498262308115] - [0.03741559705604251, 0.13359640322433797, -0.13472616917000815, -0.036285808044569934] - [-0.00170280051116513, 0.2281901350079984, -0.12282836417067204, -0.10365889172777805] - [0.03886324034339529, -0.114481012654742, -0.046416435485272065, 0.12203423386353239]
A2: [0.03530757976847832, -0.029273338711665285, -0.07569721997170777, 0.06966355082326711] - [0.10289366459114847, 0.28289661445502634, -0.39260647950640387, 0.0068159058660217705] - [-0.011187133080090077, 0.5390145574006545, -0.3594510468124908, -0.16837649943233168] - [0.09786286988388722, 0.017463387292110874, -0.1688509434258143, 0.05352495236014334]
B1: 3.323997215856356e-08 - -1.236192510378705e-08 - -1.3074002468669174e-08 - 1.4125625574471532e-08
B2: 1.4518892768776316e-09 - 1.8544965567168014e-09 - 9.000688744889701e-09 - 3.637606766969116e-10
