Number: 7157
Error: 1.0872942668585496e-15
A1: [0.08043171164599, -0.18046778379219647, -0.01958883004416958, 0.11962499869649373] - [0.03741561832031874, 0.13359642447252054, -0.1347261479481017, -0.03628578679207307] - [-0.001702818782542365, 0.22819011673701847, -0.12282838241528576, -0.10365890999427273] - [0.03886326238036447, -0.11448099067962034, -0.04641641346235002, 0.12203425588680261]
A2: [0.03530746662580878, -0.029273452167271195, -0.07569732754633754, 0.06966343240720854] - [0.10289374235568481, 0.2828966928795565, -0.39260640429355115, 0.006815987296844458] - [-0.011187165355147471, 0.539014524933092, -0.3594510773615414, -0.16837653344167508] - [0.09786277956533634, 0.017463296562733488, -0.16885102940324587, 0.053524857555085154]
B1: 2.3566881848206035e-08 - -1.3538786247796689e-08 - -1.1304950218142944e-08 - 4.87652043120797e-09
B2: 4.4457862972656e-09 - 2.552721602364994e-09 - -5.336969018417849e-09 - 1.1329508971014435e-08
