Number: 2231
Error: 0.00035376268952823223
A1: [0.08969076303893496, -0.017048601722380687, 0.0071592019257204174, 0.03795005092778982] - [-0.009959785029201165, 0.12718396742268862, -0.21951972210249293, -0.17477493308855746] - [-0.15301082354358528, 0.3896210480220928, -0.12560605931888413, -0.21683623581201564] - [0.046719506368975275, 0.04167196638167604, -0.003924977852904941, -0.009220499298482789]
A2: [0.26367128748565405, -0.012435475539592893, 0.2731190509206782, 0.21590047664827455] - [0.12353554073937845, 0.29126090886634165, -0.0055749403882518825, -0.03777772948205115] - [-0.010731993272811931, 0.6089320048980019, -0.1337758795564768, -0.11867325355611819] - [-0.006031899010143843, 0.05930111977612817, -0.02217317497240362, 0.08755110369402518]
B1: 0.03806890170813706 - -0.010861965148549167 - 0.000572811748134853 - -0.021379746807549647
B2: 0.005757899436198239 - 0.005478474725196414 - 0.020915012016368806 - 0.00862096386582215
