Number: 6135
Error: 8.505034282890825e-16
A1: [0.08043159506510898, -0.18046790035987625, -0.019588946485654492, 0.11962488212892822] - [0.03741551949188583, 0.1335963257188813, -0.13472624657961946, -0.03628588556575965] - [-0.001702885251251714, 0.22819005026973463, -0.12282844878668514, -0.10365897644524767] - [0.0388630290895674, -0.11448122331570816, -0.046416646604487646, 0.12203402274100146]
A2: [0.03530744761958372, -0.02927347122606643, -0.07569734561722344, 0.06966341251515168] - [0.10289377912448698, 0.2828967299604153, -0.3926063687312631, 0.006816025799162754] - [-0.011187057404344145, 0.5390146335277918, -0.35945097518378166, -0.1683764196901208] - [0.09786279473673072, 0.017463311803136435, -0.16885101496104896, 0.05352487348010207]
B1: -4.232589520589804e-08 - 2.6969004003246564e-08 - -6.196023717486256e-08 - -6.83415323632501e-09
B2: 8.43103155926634e-08 - 8.939234432953078e-08 - -2.1220949607359355e-07 - -1.2212900816038522e-08
