Number: 3283
Error: 5.045314117292167e-05
A1: [0.10833855712925666, -0.07279482110696867, 0.016503359695710894, 0.11261514477368817] - [0.002152708862640098, 0.1522775407710178, -0.18131903377405828, -0.11227002794690748] - [-0.0453412624783675, 0.3439814140240076, -0.11223220879566267, -0.1256582751625242] - [0.053578639720446686, -0.038724970095517244, -0.02364984235935185, 0.06548975780094116]
A2: [0.025987603356038894, -0.31313168227988947, 0.28480155812243974, 0.14226407277715472] - [0.08705337083459788, 0.04534682253632246, -0.04334552310130213, -0.05923293734898492] - [0.0314672228823689, 0.3055969242962309, 0.034644445524332275, -0.06924499057872409] - [0.12554950326571637, -0.23583538370463278, 0.20047374873148419, 0.1451986878622014]
B1: 0.018204517337168782 - -0.006907458096879985 - -0.009424735855655992 - -0.009333751811439271
B2: -0.014575567405300962 - -0.00277953866526073 - 0.001182776941722823 - 0.004997216549687978
