Number: 3314
Error: 1.4555717773561057e-06
A1: [0.05723571754205334, -0.12282333019707876, -0.0331937500186205, 0.06259932324569424] - [0.03374374500307177, 0.18459001041893813, -0.15100487250025527, -0.08176699437452302] - [-0.050231902323515494, 0.3386949047439384, -0.11766428882338643, -0.1310328616081234] - [0.03397541750910079, -0.05807360158246593, -0.04247238360890705, 0.04672182142929651]
A2: [-0.01325616731618484, -0.3512045498902839, 0.24555663683706494, 0.102226068176589] - [0.09062699716574006, 0.04776117314668691, -0.03873677909625825, -0.0544246817824049] - [-0.06040864631502531, 0.2105973961734472, -0.060043086497075286, -0.16792986905630858] - [0.05540806717646658, -0.3077937693958662, 0.12781268393888626, 0.06914696907422513]
B1: 0.0014176182838914423 - 0.003289718120898061 - 0.001142850508138075 - 0.0007266496545273471
B2: -0.003165753682797788 - 0.006249445931177395 - 0.0034563109120613056 - 0.001040101038450033
