Number: 8507
Error: 1.2424576605154978e-15
A1: [0.08043164069938909, -0.18046785473075477, -0.019588900905982507, 0.11962492775799137] - [0.03741540039143911, 0.1335962067086173, -0.134726365442569, -0.03628600460013757] - [-0.001702867880843646, 0.2281900676397348, -0.12282843144173644, -0.1036589590794811] - [0.038863213963799256, -0.11448103896024217, -0.04641646184803216, 0.12203420750038309]
A2: [0.03530769064427197, -0.029273227529194513, -0.07569711455180175, 0.06966366686616281] - [0.10289375428435574, 0.28289670490951335, -0.3926063927562462, 0.006815999787870556] - [-0.011187094408427955, 0.5390145963029706, -0.3594510102089201, -0.16837645868264545] - [0.09786281082913666, 0.017463327968731967, -0.1688509996421022, 0.053524890371853207]
B1: 4.4310384545795144e-08 - -2.5682784615806852e-08 - -4.2264593876258086e-08 - -3.918881535791287e-08
B2: 1.257915579588445e-08 - -7.128778999825494e-08 - -6.2800159636082146e-09 - 3.7688243772003643e-08
