Number: 3584
Error: 1.3294690432233472e-11
A1: [0.0662091729539493, -0.11395599896849491, -0.0239879560762732, 0.07171886612002085] - [0.03739698801428265, 0.1881879959387361, -0.1474144757529764, -0.0781925395411733] - [-0.06023541402930917, 0.32894499634414925, -0.12775902253612334, -0.1409742037443952] - [0.03905912916362841, -0.053310375410067626, -0.03740604235242693, 0.051707566483605694]
A2: [-0.009078498514406392, -0.3467712780792777, 0.24948541098178537, 0.10648821457295402] - [0.08004173123018524, 0.0362843097511236, -0.0502480297153768, -0.06606985931070236] - [-0.04244287958079221, 0.23084286134470045, -0.0405205938388385, -0.14783684587606966] - [0.06814579196029556, -0.29345572629345223, 0.14178318026103187, 0.08357420840894914]
B1: -6.178079650069375e-06 - 5.798123780871705e-07 - -1.0874041927459283e-05 - 8.442046639812719e-06
B2: 1.0291905626228785e-06 - -4.50850078292489e-06 - -8.759093758635245e-06 - -9.73328335065026e-07
