Number: 7095
Error: 1.1187249217228198e-15
A1: [0.08043169505833207, -0.18046780037797497, -0.019588846611992256, 0.11962498211073104] - [0.037415597592593226, 0.1335964037604827, -0.13472616863452644, -0.0362858075083164] - [-0.0017028045477262687, 0.228190130971523, -0.12282836820132337, -0.10365889576326207] - [0.03886323988366679, -0.11448101311318043, -0.04641643594470769, 0.12203423340408959]
A2: [0.035307474135915666, -0.029273444636391924, -0.07569732040582121, 0.069663440267353] - [0.10289369409716223, 0.2828966442114598, -0.39260645096856994, 0.0068159367631258246] - [-0.011187094208479569, 0.5390145965041166, -0.35945101001965857, -0.16837645847196606] - [0.09786283495221657, 0.01746335220154869, -0.1688509766785099, 0.05352491569326746]
B1: 8.763654903620115e-09 - 8.75391799872686e-09 - -2.0861418605576703e-09 - 3.3676775043331394e-09
B2: 1.4764847571424537e-09 - 1.7180722772755974e-09 - 8.03547876417612e-09 - 1.059401795828453e-09
