Number: 8663
Error: 2.1547792774944823e-15
A1: [0.08043169449066297, -0.18046780094556147, -0.019588847178998694, 0.11962498154314118] - [0.0374156117967504, 0.133596417953944, -0.1347261544584391, -0.036285793311907094] - [-0.0017027905167294984, 0.22819014500221627, -0.12282835419087375, -0.10365888173599272] - [0.03886324212634044, -0.11448101087673376, -0.04641643370344655, 0.12203423564542337]
A2: [0.03530726010930838, -0.02927365925492149, -0.07569752390010222, 0.06966321626576326] - [0.1028937296792303, 0.2828966800955533, -0.39260641655403183, 0.006815974022740068] - [-0.011187219058039462, 0.539014470909894, -0.35945112819284475, -0.1683765900298917] - [0.09786266171594545, 0.017463178177282622, -0.1688511415885977, 0.05352473385196051]
B1: 3.758059550076028e-08 - 3.6844235393089026e-09 - 2.8019288262363473e-08 - 2.916521019453572e-08
B2: 6.192670616523297e-08 - 5.9535944499323983e-08 - 6.727460400414728e-08 - 5.8600256895798974e-08
