Number: 4784
Error: 9.490072483803064e-16
A1: [0.06621317452705314, -0.11395208670422609, -0.023983957429238114, 0.07172286100689394] - [0.037402615361056456, 0.18819337252456717, -0.14740894360094034, -0.07818700699933046] - [-0.06022929408275495, 0.32895087431361086, -0.12775303409912195, -0.140968247031168] - [0.039046160127697, -0.053322685127127824, -0.03741858943492258, 0.051695121367983675]
A2: [-0.009108545423699712, -0.3468031532588045, 0.24945512093475228, 0.1064567117233241] - [0.08003986724327401, 0.03628230165515206, -0.05025006692841339, -0.06607191377870185] - [-0.04245279494390792, 0.23083191814321274, -0.04053121927468212, -0.14784781186119544] - [0.06813481238423147, -0.2934678152131868, 0.1417712770985638, 0.08356189813180108]
B1: -7.84945490089552e-09 - 2.2095715218524647e-08 - 4.5944952445313695e-09 - 1.0424126872770042e-08
B2: -1.0051807335429445e-08 - 1.446273554245002e-09 - 8.633716761095733e-09 - 2.2501446012865343e-08
