Number: 480
Error: 1.7820813456169167e-12
A1: [-0.012152314368847082, -0.014516061362650434, 0.018088476558167876, 0.008584250898931542] - [0.065836569925712, 0.18949654463207877, -0.14532119050139186, -0.11000707492077966] - [-0.09629418474473543, 0.42178501647323674, -0.05345853847004371, -0.27203702822124687] - [-0.0013242689281591845, -0.018221907492588587, -0.0038380578502911233, 0.0233735435003878]
A2: [0.1615847808545276, -0.16775667670034586, 0.008499433089079078, -0.0023349606188643214] - [0.03548784500718833, 0.20751880916721685, -0.11720831162221056, -0.12578995419091463] - [-0.08621611984035958, 0.5815355994263617, -0.23539123233882092, -0.2599380793263115] - [-0.0038348829455293566, -0.004519206850825673, 0.0011103403790663044, 0.007243473477723557]
B1: -5.606345167484358e-07 - -5.514472001181446e-07 - 1.9600759314482567e-06 - 5.412093649226296e-07
B2: -1.7083172599070118e-07 - -2.488876802568568e-06 - -5.428910870435931e-07 - -5.265503374190146e-07
