Number: 6775
Error: 7.220810112477081e-16
A1: [0.08043162104866577, -0.18046787437925924, -0.019588920533168366, 0.11962490810951643] - [0.03741554417663645, 0.13359635038495396, -0.13472622194405426, -0.03628586089468487] - [-0.001702866760052079, 0.2281900687605265, -0.12282843032255833, -0.10365895795898354] - [0.03886318377267535, -0.11448106906670327, -0.04641649201994627, 0.12203417732797127]
A2: [0.03530746553329705, -0.0292734532628046, -0.07569732858509404, 0.06966343126379168] - [0.1028937547068049, 0.2828967053354971, -0.3926063923477133, 0.006816000230266737] - [-0.011187077766953763, 0.5390146130437191, -0.3594509944573999, -0.1683764411469403] - [0.09786283275389374, 0.017463349993227677, -0.1688509787711793, 0.05352491338575419]
B1: -1.1922212295159947e-08 - -1.5230158309014185e-08 - -9.081124542639235e-09 - -1.2368869761594528e-08
B2: -2.4617443220625987e-08 - -1.3207330050631574e-08 - -1.3013435000949693e-08 - -1.1785883850081878e-08
