Number: 9719
Error: 7.53261710110237e-15
A1: [0.05317269909699454, -0.14800112196444523, -0.026998898528348463, 0.12182797101053637] - [0.005313877925814878, 0.1308368525430347, -0.1136005856878683, -0.02254960504448129] - [-0.014444317090722093, 0.22309178037366562, -0.12704102023734118, -0.08160577345625014] - [0.02714667024935797, -0.10001982788501763, -0.04942429780281883, 0.12229833109133997]
A2: [0.08925426943383148, -0.07291356173287832, -0.12362760834459045, 0.10728618883762937] - [0.10884149835051285, 0.24981395062207853, -0.40484551541726466, 0.04618924576226093] - [0.03663573972938949, 0.4625549282176836, -0.37771763758384547, -0.12147346170513004] - [0.14342622404220867, -0.044606831701100975, -0.20149973970320476, 0.10267965023285752]
B1: -2.3428213168591957e-08 - -1.1710531083994623e-08 - -4.353071177080714e-08 - -2.0165254289049924e-08
B2: 4.013607096623406e-08 - 7.222103252851356e-08 - 3.0383045629884675e-08 - 4.952674980355915e-08
