Number: 7690
Error: 1.1055970961506873e-15
A1: [0.08043166553261913, -0.1804678299003525, -0.019588876102397436, 0.11962495258839288] - [0.03741555580112485, 0.1335963620006381, -0.13472621034271215, -0.03628584927663068] - [-0.0017028477587264592, 0.22819008776144373, -0.12282841134904852, -0.10365893896272334] - [0.03886321207400134, -0.11448104084481305, -0.04641646373664892, 0.12203420561170868]
A2: [0.035307508184591295, -0.029273410493536902, -0.07569728803272686, 0.06966347590292782] - [0.1028937159448996, 0.2828966662446296, -0.3926064298377274, 0.006815959640919559] - [-0.01118717265566063, 0.5390145175890437, -0.35945108427168154, -0.16837654113441972] - [0.09786276346709395, 0.017463280391273928, -0.16885104472775952, 0.05352484065720767]
B1: -3.4234895813386904e-08 - -2.5003888649972103e-08 - 1.1201802977292584e-08 - 1.811178390179662e-09
B2: -7.111883184837771e-09 - -1.4850219045625406e-08 - -1.07933773028925e-08 - -5.6574733300606535e-09
