Number: 7402
Error: 1.6034337443500786e-15
A1: [0.08043168450324921, -0.1804678109318669, -0.01958885715446107, 0.11962497155685181] - [0.03741557894214701, 0.13359638512415242, -0.13472618724780897, -0.03628582614843067] - [-0.001702814802984036, 0.22819012071648329, -0.12282837844156705, -0.10365890601578003] - [0.03886322602532594, -0.11448102693263633, -0.04641644979422523, 0.12203421955435773]
A2: [0.035307542839239335, -0.029273375743037917, -0.07569725508354253, 0.06966351217278803] - [0.10289371978295012, 0.2828966701152509, -0.39260642612560936, 0.006815963659907685] - [-0.011187186886128114, 0.5390145032736932, -0.3594510977411166, -0.1683765561295797] - [0.09786277795507906, 0.017463294945155812, -0.1688510309361198, 0.05352485586485328]
B1: 3.9150645729812376e-08 - -1.0947082546146418e-08 - -2.9085807117846937e-08 - -8.45092705151358e-09
B2: -4.0083162354705784e-09 - -9.547668274089397e-09 - 1.379355507591553e-09 - -7.329137951269319e-09
