Number: 8222
Error: 1.2367563414495771e-15
A1: [0.08043167236626819, -0.1804678230675029, -0.019588869276983733, 0.11962495942121794] - [0.037415586124163486, 0.1335963923007803, -0.1347261800799615, -0.03628581897030688] - [-0.0017028223180018413, 0.22819011320161978, -0.12282838594558709, -0.10365891352879779] - [0.03886321868849863, -0.11448103424888541, -0.04641645712639399, 0.12203421222207586]
A2: [0.03530756489951642, -0.02927335362171013, -0.07569723410869997, 0.06966353526105525] - [0.10289370739528853, 0.28289665762246324, -0.3926064381068041, 0.006815950688238642] - [-0.011187160140349704, 0.5390145301789621, -0.35945107242571883, -0.16837652794655528] - [0.09786281801304673, 0.017463335185295303, -0.16885099280348262, 0.05352489791261794]
B1: 4.114237341934403e-08 - 1.739757407224314e-09 - -2.600898956135778e-08 - -1.6902354352337054e-08
B2: -5.603781911116067e-09 - 4.838613159688437e-09 - 3.5941054605032453e-09 - -4.8702287254284875e-09
