Number: 6940
Error: 1.1292156346576888e-15
A1: [0.080431667972297, -0.1804678274609419, -0.01958887366564044, 0.11962495502778969] - [0.03741558808949514, 0.13359639426457542, -0.13472617811869125, -0.036285817006151216] - [-0.0017028093903453101, 0.2281901261290077, -0.12282837303684972, -0.10365890060458827] - [0.03886323832685508, -0.1144810146656246, -0.04641643750052877, 0.12203423184824452]
A2: [0.035307468053089694, -0.02927345073604136, -0.07569732618929939, 0.06966343390102346] - [0.10289378907260631, 0.28289673999296644, -0.3926063591095564, 0.006816036216282782] - [-0.011187220677518761, 0.5390144692807463, -0.35945112972536153, -0.16837659173680278] - [0.09786280844363435, 0.017463325572388704, -0.16885100191296934, 0.05352488786789154]
B1: 3.444552179579824e-08 - 2.391545187660929e-09 - -2.5848963500791114e-08 - 1.0372733361996511e-08
B2: -1.2319525358309675e-08 - 1.1501568446002261e-08 - 1.3925807949195019e-08 - 3.3841522324813056e-09
