Number: 7171
Error: 8.936356533887593e-16
A1: [0.08043171543719521, -0.1804677800014208, -0.019588826257497888, 0.11962500248726572] - [0.03741562000208911, 0.13359642615301792, -0.13472614626968252, -0.03628578511123443] - [-0.0017028358494848633, 0.22819009967044107, -0.12282839945723782, -0.10365892705665944] - [0.038863273346813956, -0.1144809797439474, -0.04641640250288952, 0.12203426684643573]
A2: [0.0353075062727662, -0.02927341241065632, -0.07569728985050572, 0.06966347390203861] - [0.10289374010711097, 0.28289669061189876, -0.3926064064683424, 0.006815984942259513] - [-0.011187203959644688, 0.5390144860983366, -0.3594511139015481, -0.16837657412057044] - [0.09786277943201688, 0.017463296428807628, -0.16885102953015765, 0.05352485741514318]
B1: 4.691250641281191e-08 - -2.4232108260769197e-08 - -1.6771472224983866e-08 - 1.4625501172573327e-08
B2: 1.2119552720212861e-08 - 1.1255576982946232e-08 - -1.7567055072096303e-08 - 2.0931944365177073e-08
