Number: 7468
Error: 1.0791581767935714e-15
A1: [0.08043173095144453, -0.18046776448893498, -0.019588810761807466, 0.11962501799973922] - [0.03741563213011351, 0.1335964382718596, -0.1347261341658248, -0.03628577298993072] - [-0.0017027727741220715, 0.22819016274445075, -0.12282833647423941, -0.10365886399813293] - [0.038863278297264756, -0.11448097480739478, -0.046416397555598725, 0.12203427179380583]
A2: [0.03530748842699786, -0.02927343030577445, -0.07569730681802468, 0.06966345522449337] - [0.10289375939728335, 0.28289671006579276, -0.39260638781113144, 0.00681600514188614] - [-0.011187071307242329, 0.5390146195419506, -0.3594509883431197, -0.16837643434014302] - [0.09786282472145648, 0.017463341924255634, -0.16885098641752824, 0.053524904954296314]
B1: 6.114242808208633e-09 - 6.009378686845676e-09 - -5.579029440822777e-09 - 3.796545785655111e-09
B2: 5.789041536138045e-09 - 8.491428370572514e-09 - 4.9293351355412005e-09 - 5.296161615926489e-09
