Number: 3977
Error: 7.627273623401641e-16
A1: [0.06621318113790564, -0.11395208024109156, -0.023983950823547727, 0.0717228676066922] - [0.03740266267564954, 0.18819341773043496, -0.14740889708707905, -0.07818696048132805] - [-0.06022925993182452, 0.3289509071136261, -0.1277530006810554, -0.14096821379306834] - [0.039046064933186596, -0.053322775482242894, -0.037418681532483705, 0.051695030018267994]
A2: [-0.009108534047665299, -0.34680314119054784, 0.24945513240297923, 0.10645672365058356] - [0.08003979212658495, 0.03628222073294581, -0.05025014902673306, -0.06607199657411814] - [-0.04245277264063563, 0.23083194275852478, -0.040531195373724564, -0.1478477871946106] - [0.06813475083005527, -0.2934678829869375, 0.14177121036816256, 0.08356182911827098]
B1: -2.0731614278591733e-08 - -3.0780990073959045e-08 - -5.5755495898573265e-09 - -1.5396512030350298e-08
B2: -7.047628678375944e-09 - -3.342530693174102e-09 - -3.808837113216149e-08 - -9.393819460030009e-09
