Number: 703
Error: 6.7337627763568434e-15
A1: [-0.012153208247763109, -0.01451697948040512, 0.018087488529708474, 0.008583295667103164] - [0.065835263273656, 0.18949528769084936, -0.1453225414629936, -0.11000852974317536] - [-0.09629411798378501, 0.4217850809486547, -0.05345846606525403, -0.2720369504760084] - [-0.0013220939743396744, -0.018219815864345526, -0.0038357427315042648, 0.023376057339875484]
A2: [0.1615868855527959, -0.16775461162578495, 0.008501495311435299, -0.0023329088894605996] - [0.035485589592190725, 0.20751658999200234, -0.11721055758865079, -0.1257921605729863] - [-0.08621361811216577, 0.58153804985135, -0.23538879808538687, -0.2599356397783662] - [-0.0038350709395015108, -0.004519391724092968, 0.0011101543002152757, 0.0072432936103709]
B1: -9.238986856341141e-09 - -1.726550523536367e-07 - 1.1210312179364226e-07 - 3.337273940552328e-08
B2: 7.627213477768527e-08 - -2.0855420248881307e-08 - -1.250297200782448e-07 - 6.385302635750029e-08
