Number: 1556
Error: 5.65118148683991e-09
A1: [-0.006188073035558891, -0.013985386320433918, 0.004035687905418197, 0.020480912040174173] - [0.0669439678127046, 0.18999713250567907, -0.14661398344891727, -0.10973193046946246] - [-0.11250576504754954, 0.44186298464897256, -0.07070687627013415, -0.25801356939269865] - [-0.024010547405158424, 0.014713940667814507, -0.03058922885111086, 0.03823476516989406]
A2: [0.13161025554578876, -0.22460522087344628, 0.02269023018132262, 0.07018445655345601] - [0.032787566968587395, 0.20388815957130849, -0.11474748960981015, -0.12131930717345979] - [-0.09450041427254356, 0.555659597937854, -0.23508246691743245, -0.22551533352909947] - [-0.020944800968398108, -0.019391901928323938, 0.008000988476973619, 0.032068793694389974]
B1: -3.794630943612697e-05 - -3.292199677637388e-05 - 7.188026387435548e-05 - -3.3076013009432995e-05
B2: -6.349327608639254e-05 - -2.1205366984614085e-05 - 0.0001072538871109913 - -0.0002675059133455807
