Number: 6052
Error: 3.526300057426201e-14
A1: [0.0804332343499481, -0.18046626126130935, -0.019587309161644324, 0.11962652122584279] - [0.03741739663820658, 0.13359820144276, -0.13472437317606215, -0.03628400946116886] - [-0.0017018226573024895, 0.22819111284304477, -0.12282738774639453, -0.10365791413326797] - [0.038864786996473694, -0.11447947034162467, -0.046414889817304655, 0.12203577955555558]
A2: [0.03530717701451382, -0.02927374258063635, -0.07569760290217364, 0.06966312929855704] - [0.10289248508116379, 0.2828954249340551, -0.39260762031194774, 0.006814670746197759] - [-0.011188761594469668, 0.5390129191736056, -0.35945258823410287, -0.16837821545565268] - [0.09786182329237594, 0.017462335940317514, -0.16885193971142104, 0.05352385377958909]
B1: 3.195917969868367e-07 - 3.0428366115541865e-07 - -1.353963177209186e-07 - -2.774253430109457e-07
B2: -6.156120222755495e-07 - -9.926540716475086e-07 - 2.164955412070984e-06 - 4.28655687488e-08
