Number: 1161
Error: 7.285260765949242e-07
A1: [-0.008298507642010833, -0.01609011581146207, 0.0018521835280845042, 0.018305788148396656] - [0.06800021060515526, 0.19101065878309084, -0.14552266078949, -0.10855192768691824] - [-0.11281205131602011, 0.4415959960907862, -0.07101232346388107, -0.25834857512969583] - [-0.02733601964346149, 0.01148327722428288, -0.03393867073166452, 0.03472689405597164]
A2: [0.13120798755964053, -0.22501103061056302, 0.02230264179691358, 0.06980444536084772] - [0.03348110386193936, 0.20457780383342264, -0.11405445792011928, -0.1206459142562316] - [-0.09350556703246121, 0.5566295874200071, -0.2340915070885351, -0.224543605743655] - [-0.02065627521692339, -0.01912904036546521, 0.008289464414702089, 0.032348416158154945]
B1: 0.0002158499431366488 - 0.0010020955895804007 - 0.0009898959422612772 - -5.172869668048502e-05
B2: -0.0004496531664562177 - 0.0015946278859689468 - -0.0011987791068897647 - -0.0004158654255503653
