Number: 4438
Error: 1.228630964090164e-15
A1: [0.06621312909087278, -0.11395213112507144, -0.02398400282975355, 0.07172281564699913] - [0.03740264945283199, 0.1881934050969376, -0.14740891008610604, -0.07818697348152817] - [-0.060229350204742585, 0.3289508204114643, -0.12775308901683347, -0.1409683016536576] - [0.03904613369187339, -0.05332271021904285, -0.037418615010730155, 0.05169509599991501]
A2: [-0.009108491620573202, -0.346803096182068, 0.24945517517329915, 0.10645676813300371] - [0.08003974866949451, 0.0362821739172519, -0.05025019652281703, -0.0660720444734587] - [-0.04245279321066636, 0.2308319200561396, -0.04053121741737179, -0.14784780994424554] - [0.06813485275435452, -0.29346777076387487, 0.1417713208638853, 0.08356194339420313]
B1: -1.7010214738553623e-08 - 6.887258126909145e-09 - -1.2286635782272336e-08 - 5.107625288526792e-09
B2: -3.4271515593487966e-08 - 2.2775607950718507e-08 - -1.8756199203102157e-09 - 8.465416900695851e-10
