Number: 3862
Error: 1.1182572886160787e-15
A1: [0.06621312350822481, -0.11395213658292941, -0.023984008408008118, 0.07172281007372648] - [0.037402552006262905, 0.18819331199335657, -0.1474090058835676, -0.07818706928744311] - [-0.060229490441702005, 0.3289506857216801, -0.12775322624439542, -0.14096843814320117] - [0.039046215965881995, -0.05332263212773419, -0.03741853541342318, 0.05169517495088572]
A2: [-0.009108590086980105, -0.34680320063952336, 0.2494550759102332, 0.10645666489639585] - [0.08003980442803112, 0.03628223398512741, -0.05025013558194935, -0.0660719830151705] - [-0.04245285678541585, 0.2308318498910809, -0.04053128554662999, -0.14784788025561513] - [0.0681347036335625, -0.29346793495236506, 0.14177115920260056, 0.08356177620224121]
B1: -5.010523728088066e-09 - -2.4401628886855185e-08 - 4.662443302214128e-09 - 4.332447048261997e-09
B2: 4.2401165901492676e-10 - -5.151957733066963e-09 - 1.3453871486693196e-08 - -2.8571112271589323e-08
