Number: 7736
Error: 9.492843767977729e-16
A1: [0.08043165671054923, -0.18046783872142386, -0.019588884913918466, 0.11962494376733097] - [0.03741555327134048, 0.13359635947276755, -0.13472621286745579, -0.03628585180501431] - [-0.0017028608805892997, 0.22819007463986044, -0.12282842445169795, -0.10365895208108325] - [0.03886320684751462, -0.11448104605663358, -0.04641646895980576, 0.12203420038846999]
A2: [0.03530740753907272, -0.029273511417420513, -0.07569738372529496, 0.06966337056657351] - [0.10289368658201853, 0.28289663663254805, -0.3926064582371337, 0.006815928893711147] - [-0.011187141161453229, 0.539014549271096, -0.3594510544616993, -0.1683765079479073] - [0.09786276817214072, 0.01746328511772119, -0.16885104024885583, 0.053524845595970615]
B1: -2.3428475516977775e-09 - -5.27376521871797e-09 - 1.6610753525502311e-09 - 9.026646611862514e-10
B2: 1.1064600468049236e-08 - -1.7742550855066907e-08 - 7.216225913128719e-09 - 9.712477460446349e-09
