Number: 5753
Error: 0.0012845717338455102
A1: [0.06716337709765786, -0.20361821578250355, -0.038435744441403866, 0.1026882185786269] - [0.08248558365217443, 0.15426726794703344, -0.10253487842597514, 0.0003180476787781293] - [-0.15240650440914413, 0.0938043812124103, -0.2684856964222123, -0.2509294900371129] - [-0.1170324253257441, -0.24389157026897623, -0.19060125486398816, -0.026563594150014448]
A2: [-0.0017959257996820917, -0.06823671685972896, -0.09341433763586177, 0.031717118750712224] - [0.2365349247791764, 0.4228322107565643, -0.2752003222657197, 0.13274818255315016] - [-0.001864266330076022, 0.5514788955748618, -0.34504497148264934, -0.16828957229524305] - [0.08975847388185446, 0.010795152312536319, -0.16747968735275978, 0.03888953069614426]
B1: 0.007209156178541315 - -0.01784471212724085 - 0.006140792239944888 - 0.01111370044993056
B2: 0.021513990325583664 - 0.052287760836479694 - -0.04934661430146701 - -0.08085371092014115
