Number: 6585
Error: 1.0024780368951023e-15
A1: [0.08043167903492866, -0.1804678163995645, -0.01958886261623899, 0.11962496608915699] - [0.03741555531810895, 0.1335963615179924, -0.13472621082478053, -0.03628584975938353] - [-0.001702767897691968, 0.2281901676207803, -0.12282833160494895, -0.10365885912300822] - [0.038863183154463014, -0.11448106968318282, -0.04641649263776341, 0.12203417671014388]
A2: [0.035307438089414576, -0.029273480782593276, -0.07569735467838397, 0.06966340254078805] - [0.10289373677334865, 0.28289668724983685, -0.3926064096927149, 0.006815981451313096] - [-0.011187100866651136, 0.5390145898062445, -0.359451016321771, -0.16837646548789362] - [0.09786280950724602, 0.01746332664083961, -0.16885100090048374, 0.05352488898434187]
B1: -2.1135852172716123e-09 - -3.1371309577588046e-09 - -8.74061382204205e-10 - -2.0500036936647524e-09
B2: -1.663918428226561e-09 - -2.046836705395286e-08 - 4.663171077802165e-08 - -2.9336943488113378e-08
