Number: 8562
Error: 1.8473842714033454e-15
A1: [0.08043166118756732, -0.18046783424487958, -0.019588880442273582, 0.11962494824384796] - [0.03741549505560214, 0.13359630130115888, -0.13472627096698794, -0.036285909988388834] - [-0.001702784784980685, 0.22819015073383533, -0.12282834846751849, -0.10365887600578379] - [0.03886322020397848, -0.1144810327375688, -0.04641645561184065, 0.12203421373668494]
A2: [0.035307294649357585, -0.029273624619334773, -0.07569749105973132, 0.06966325241553542] - [0.10289371026099545, 0.2828966605125245, -0.3926064353351171, 0.006815953689049054] - [-0.011187165050086307, 0.5390145252399791, -0.3594510770729801, -0.1683765331200124] - [0.09786271500387311, 0.017463231707594437, -0.16885109086178174, 0.05352478978676617]
B1: -8.689806366983948e-09 - 1.984823803741892e-08 - 6.246245829607336e-09 - 1.4513516519828867e-08
B2: 3.584409635526235e-09 - -7.459576111077907e-08 - 4.5063241537644434e-09 - 2.118097984263558e-09
