Number: 4740
Error: 1.3241142578943931e-15
A1: [0.06621321212339405, -0.11395204994803419, -0.02398391986240122, 0.07172289854014086] - [0.03740263728413715, 0.18819339347058747, -0.14740892204886877, -0.07818698544535214] - [-0.06022934051394631, 0.3289508297189792, -0.1277530795339621, -0.1409682922216376] - [0.039046181494240474, -0.053322664846813674, -0.03741856876351263, 0.05169514187155354]
A2: [-0.009108551294957426, -0.34680315948727986, 0.2494551150159856, 0.1064567055676143] - [0.08003993310928145, 0.03628237261167321, -0.05024999494066803, -0.06607184117969693] - [-0.04245285009864949, 0.23083185727112104, -0.04053127838062023, -0.1478478728601528] - [0.06813468747478946, -0.29346795274369003, 0.14177114168486168, 0.08356175808552109]
B1: -1.5447858039550104e-08 - 4.405199283184764e-08 - -3.608023533663817e-09 - -2.2025132399498483e-08
B2: 9.025621825674554e-09 - 6.652851623708439e-09 - 1.3585085341529191e-08 - 2.1233098283435105e-08
