Number: 4178
Error: 1.155069783915553e-15
A1: [0.06621318718473157, -0.11395207432939228, -0.0239839447814692, 0.07172287364337017] - [0.03740261830337639, 0.1881933753357466, -0.14740894070841395, -0.07818700410653065] - [-0.06022941757293577, 0.32895075570807075, -0.12775315493932848, -0.14096836722164047] - [0.03904609905051347, -0.05332274309937016, -0.037418648525125116, 0.05169506275762271]
A2: [-0.009108309760294999, -0.3468029032567149, 0.24945535850504502, 0.10645695880364293] - [0.08003982310679178, 0.036282254107508655, -0.050250115167127206, -0.0660719624269877] - [-0.042452881001621826, 0.23083182316458656, -0.04053131149766318, -0.1478479070378028] - [0.06813480424648416, -0.2934678241731002, 0.1417712682767266, 0.08356188900798923]
B1: -2.9046008497833474e-08 - -7.1677223381439e-11 - -2.3406938578996815e-08 - 1.2776622738313821e-08
B2: -5.386657051464266e-09 - 2.6755763222929857e-09 - -1.0484319712417391e-08 - -3.277319696086008e-08
