Number: 5680
Error: 0.001070624059173532
A1: [0.06397968425286554, -0.11430652349121598, -0.02515688856562514, 0.07119485395261936] - [0.06443665536174038, 0.21453090764812158, -0.12078686295579022, -0.05208067927393507] - [0.010614990976731208, 0.39531490563790556, -0.06051219198467443, -0.07819628911760397] - [0.008526255425231211, -0.07781999188112336, -0.06415292517039284, 0.02798169882608994]
A2: [0.014516538663384176, -0.32262477341137447, 0.2701731391139731, 0.1350080584880558] - [0.06421572729477547, 0.019711438950121403, -0.06742513862718517, -0.08319071618561107] - [-0.045884708950741954, 0.22707450152573996, -0.04422444376011367, -0.15005440208153828] - [0.04953300327406278, -0.3139921620682826, 0.12470044828723989, 0.062399493797321515]
B1: -0.01889522911775056 - -0.017209066069257234 - -0.01856737678450076 - -0.017437026374523087
B2: 0.011458984312792509 - 0.026942241505157512 - 0.005604030175931557 - 0.018579927692182006
