Number: 6510
Error: 1.0666880761111137e-15
A1: [0.08043168544952008, -0.18046780998569947, -0.01958885620931755, 0.11962497250301575] - [0.03741558209335755, 0.1335963882729759, -0.1347261841028822, -0.036285822998966814] - [-0.0017028113447825352, 0.22819012417461612, -0.12282837498842615, -0.10365890255850368] - [0.03886322098920015, -0.1144810319546245, -0.04641645482713498, 0.1220342145213662]
A2: [0.03530744029867468, -0.029273478567222753, -0.07569735257784845, 0.06966340485301915] - [0.10289373369386728, 0.28289668414421965, -0.3926064126711487, 0.0068159782266454605] - [-0.011187098872491216, 0.5390145918122987, -0.35945101443425637, -0.16837646338657636] - [0.09786280165192433, 0.017463318749786596, -0.1688510083782395, 0.053524880738809]
B1: -1.2518032273776163e-09 - 8.9219943832611e-10 - -7.303443905780883e-10 - 1.0064569393670768e-09
B2: 5.799442386574374e-10 - -3.653304856899196e-09 - 9.01795044798437e-09 - -6.358290828945256e-09
