Number: 7488
Error: 7.180931616254821e-16
A1: [0.08043173123558658, -0.180467764204825, -0.019588810478005002, 0.11962501828384893] - [0.03741563430662362, 0.13359644044672273, -0.13472613199365105, -0.03628577081462599] - [-0.0017027742241666345, 0.22819016129443703, -0.12282833792216095, -0.1036588654477906] - [0.038863275916326656, -0.1144809771816511, -0.046416399935019594, 0.12203426941434752]
A2: [0.035307451364407196, -0.029273467470873473, -0.07569734205668828, 0.06966341643449829] - [0.1028937070199029, 0.28289665724388485, -0.39260643846986587, 0.006815950295140359] - [-0.011187075512496902, 0.5390146153116138, -0.3594509923234871, -0.16837643877136382] - [0.09786276686503138, 0.017463283804665247, -0.16885104149313485, 0.05352484422392417]
B1: 1.4871804991981008e-08 - 2.960704205364893e-08 - 6.910279825122929e-10 - 2.762488913478671e-08
B2: 1.90592233179157e-08 - 1.5378739026446117e-08 - 2.3789134080449974e-08 - 1.7652216472832013e-08
