Number: 1817
Error: 2.3598893936234596e-08
A1: [-0.0076409414495968095, -0.015440070349594135, 0.0025702209048709354, 0.018966510868001645] - [0.06718745930252894, 0.19023709893746357, -0.1463647158931739, -0.10946001541894235] - [-0.11194262200058017, 0.44244057362985584, -0.07016025847301954, -0.2573973491981631] - [-0.023366735141553935, 0.015381415471600603, -0.03000236784149483, 0.038921422909251664]
A2: [0.13188117677150515, -0.2243671049714247, 0.02296749464869932, 0.07045138466356515] - [0.03198564931201864, 0.20311037251791217, -0.11554377683072915, -0.12209603475985638] - [-0.09616168523468421, 0.5540627706633273, -0.23662947676264562, -0.22702224305761665] - [-0.019977785941799546, -0.018479062584364957, 0.008952738232737118, 0.03297893872590288]
B1: -0.0003055206055936222 - -0.0002161546858019399 - -5.5747714298476575e-05 - -8.845060325277687e-05
B2: -5.135038127410184e-05 - 0.000313876809121172 - -0.00030270648914553953 - -0.00013894573312426683
