Number: 2215
Error: 0.0001407756738147672
A1: [0.04335599964620956, -0.052516802005061716, -0.021992673726873874, 0.017433482812721612] - [0.03424790031888557, 0.16853130572565705, -0.1749440424216577, -0.12704102058467906] - [-0.24108716708702943, 0.3084832864862624, -0.21301451062456583, -0.30057486218392343] - [-7.160082122212785e-05, 0.004867857097419005, -0.03759893933361045, -0.036485166544682396]
A2: [0.06910673857650046, -0.2224508805588747, 0.06516458991868665, 0.019897968736713095] - [0.08002952314112344, 0.24675328476318253, -0.05234160871390039, -0.08141966369069786] - [-0.16851970505250646, 0.4618097218740204, -0.277171558816802, -0.26748559496959246] - [-0.08385263280982921, -0.001805361060742798, -0.07479277981866417, 0.0190428490564244]
B1: 0.016466807243125207 - -0.043837018314484645 - 0.011558930061880884 - 0.0003124788565331965
B2: -0.011544480320116023 - 0.019841176089190397 - -0.0013806022731559543 - -0.01923608184884055
