Number: 677
Error: 5.2890418672007335e-15
A1: [-0.012153858057369085, -0.014517646901775452, 0.018086770293677213, 0.008582601270197773] - [0.06583592187356538, 0.18949592123618314, -0.14532186052832727, -0.11000779645828654] - [-0.09629278476510557, 0.42178636948320053, -0.05345701936269248, -0.27203539721091624] - [-0.0013223267774726895, -0.018220039755211033, -0.0038359905425713464, 0.02337578825824473]
A2: [0.16158708390563803, -0.16775441700785182, 0.008501689665651176, -0.002332715523026334] - [0.03548561307272095, 0.2075166130950781, -0.11721053420662168, -0.12579213760301314] - [-0.08621347273371542, 0.5815381922494092, -0.23538865662689684, -0.25993549801268434] - [-0.0038346171895342436, -0.004518945517771553, 0.0011106034032993004, 0.007243727727074663]
B1: -1.993241477172067e-08 - 3.229497549267344e-07 - 1.1514971031505327e-07 - 3.583841596677602e-08
B2: -2.036208957945407e-07 - 3.93726839039692e-09 - 3.0196160657312646e-07 - 2.0157084305441836e-07
