Number: 2155
Error: 0.0004503780018222319
A1: [0.09373488488926146, 0.01627312524416126, 0.07967282387819086, 0.08219146726761] - [0.03334478241828681, 0.16035387411167196, -0.1889230895128581, -0.13230391921216883] - [-0.0438677044346829, 0.4947977040032455, 0.013206911523353085, -0.14289846320232674] - [-0.008007726262175725, 0.0027087324967618965, -0.041746267526777577, -0.02902163054152279]
A2: [0.1478176766156391, -0.17305605862628076, 0.12727520146609167, 0.08566361849981782] - [0.049462932620409295, 0.21821232841008315, -0.07805662818666437, -0.11255494823669834] - [-0.2489567240094929, 0.4190149525518564, -0.3648782414290575, -0.3207637381319299] - [-0.023008285751672453, 0.044749397114896394, 0.0006588656955308914, 0.0477189335688626]
B1: 0.021240847894036657 - -0.0016790952520185252 - -0.03486160115579175 - 0.021421263826474503
B2: 0.029263718887259944 - 0.004155077841623275 - -0.002043469124628927 - 0.0173222994404211
