Number: 7755
Error: 6.939842589424102e-16
A1: [0.08043167933817164, -0.1804678160963639, -0.019588862313351853, 0.11962496639236908] - [0.0374154902733254, 0.13359629652243177, -0.13472627573994694, -0.03628591476813257] - [-0.001702852947340961, 0.22819008257293963, -0.12282841653006508, -0.1036589441499521] - [0.038863225772358484, -0.11448102718489947, -0.04641645004702105, 0.12203421930155182]
A2: [0.03530743713636278, -0.02927348173827066, -0.0756973555845381, 0.06966340154331546] - [0.10289370806820373, 0.282896658301085, -0.3926064374559656, 0.006815951392870327] - [-0.011187097986442813, 0.5390145927036202, -0.35945101359556764, -0.16837646245294186] - [0.09786280650640096, 0.017463323626346235, -0.16885100375708517, 0.05352488583442316]
B1: -1.741516531635056e-08 - -3.325307700524633e-08 - -1.5109221167810257e-08 - -1.560407582468782e-08
B2: -7.57271317387438e-09 - -4.8109106114558875e-08 - -2.5222498149312383e-08 - -4.388606225938955e-09
