Number: 1068
Error: 3.313490258352924e-05
A1: [0.007373519628721828, -0.0008104701895480107, 0.017620451225267883, 0.03329374468168975] - [0.08100329224323383, 0.2033467348989564, -0.1326399184946836, -0.09423304798632053] - [-0.08503127510833373, 0.4664646878340566, -0.04966482688973898, -0.23201732526309243] - [-0.048367614036384676, -0.008280930317366647, -0.04908772411013692, 0.014503843338308429]
A2: [0.11669595677003788, -0.23847826443179046, 0.006172665720001976, 0.05775691745396468] - [0.01812540797007166, 0.18963177912114224, -0.12890380180604136, -0.136054910740867] - [-0.06564188664107187, 0.5846849968488782, -0.20091469528982608, -0.20296745955378978] - [-0.008746510955529425, -0.007727329633201755, 0.020477131850428116, 0.04366358705842336]
B1: -0.011104177846156398 - 0.005105410303022445 - 0.012475473706566927 - -0.004644369080458459
B2: -0.00021122862526078232 - 0.0005225791730920871 - -0.007893430873263258 - 0.000702368497880555
