Number: 2558
Error: 1.715964196363341e-08
A1: [0.06287367010597493, -0.04842544832209623, -0.023997058275122683, 0.007300314095807903] - [0.04372746384401798, 0.19133390664152905, -0.1424977033149808, -0.09244151030716717] - [-0.12375668292298642, 0.4145591957201717, -0.10516202917857372, -0.18737396734510758] - [0.037078763760428596, 0.01925063270853221, -0.033052492071253874, -0.022972142442569374]
A2: [0.06406580687314575, -0.17307140962698506, 0.0869521584328984, 0.024575528595612232] - [0.029718099297567007, 0.20072012163570224, -0.10128329671300015, -0.12745430172155356] - [-0.09299672505482769, 0.5140861839260921, -0.22519569058487116, -0.19469831734558882] - [-0.025702329630150258, 0.01874656670648667, -0.05007101297883384, 0.057193744162273026]
B1: -0.00012097122046675677 - 0.00012402365536344167 - 0.00024660262970042647 - 0.0003101653909044539
B2: 0.00024342378197956402 - -2.2153891105209603e-05 - 9.808003393354347e-05 - -4.799010735615904e-05
