Number: 7618
Error: 1.2193372714386868e-15
A1: [0.08043172804732851, -0.1804677673927231, -0.01958881366245168, 0.11962501509595341] - [0.037415642157886765, 0.13359644829204304, -0.1347261241580306, -0.036285762967712354] - [-0.0017027784184351683, 0.22819015710025634, -0.12282834211029067, -0.10365886964094241] - [0.03886327524334117, -0.11448097785274854, -0.046416400607576035, 0.12203426874177936]
A2: [0.0353074808589109, -0.029273437894794054, -0.07569731401365941, 0.06966344730366389] - [0.1028937616511018, 0.2828967123387397, -0.392606385631265, 0.006816007501958505] - [-0.011186959173299187, 0.5390147323447116, -0.35945088220579924, -0.16837631618080734] - [0.0978629034362797, 0.017463420997119682, -0.16885091148604472, 0.053524987579160486]
B1: 2.9528644308621523e-09 - -1.066947168350651e-08 - 1.631399541852174e-08 - 7.012130758499079e-09
B2: 2.691496804478648e-10 - 5.857813771727902e-09 - 8.358219035769657e-09 - 1.076251336831802e-09
