Number: 3704
Error: 6.609255410566176e-15
A1: [0.0662130203560114, -0.11395223742998398, -0.023984111479281516, 0.07172270709461127] - [0.0374028154091382, 0.18819356365675474, -0.14740874693842707, -0.07818681031933022] - [-0.060229669595097006, 0.3289505136549231, -0.12775340155331602, -0.14096861250919146] - [0.039046360582715094, -0.05332249486324107, -0.03741839550147809, 0.051695313726821006]
A2: [-0.00910870352559703, -0.34680332098049244, 0.24945496155376562, 0.10645654596188993] - [0.08004022451436955, 0.036282686538760614, -0.05024967645131492, -0.06607151998572801] - [-0.04245333665087155, 0.23083132028108286, -0.04053179978974095, -0.14784841096954626] - [0.06813437636259286, -0.29346829529267493, 0.14177080440896472, 0.0835614092701496]
B1: -1.7209874098653236e-07 - 6.284247280719384e-08 - 3.147896791173365e-07 - -6.843559090905715e-08
B2: 5.9564295512666157e-08 - 8.726478498586617e-08 - -4.9252960618024936e-08 - -1.282126982094103e-07
