Number: 3075
Error: 4.3516836650824026e-07
A1: [0.06407082689372227, -0.04724025299008434, -0.0228167679190095, 0.00847625837782558] - [0.04341152452454761, 0.19103283608594296, -0.14281683042408772, -0.09278251325648046] - [-0.12319267750412535, 0.415123637297734, -0.10459855918162188, -0.18680524788862182] - [0.036679696048393086, 0.018839988735759122, -0.03346669027314712, -0.02339333662968732]
A2: [0.06025717756926218, -0.17684360571227126, 0.08314827365807904, 0.020810338055121138] - [0.03168337868963681, 0.20265879476826273, -0.09932708677303802, -0.12553203996929016] - [-0.0924957186045398, 0.5145814677461845, -0.22468792416048836, -0.1942090426544047] - [-0.025297768923500913, 0.019142625986476574, -0.049666818011038866, 0.057595133820356074]
B1: -0.0009265724283083885 - 0.0017127311324015 - -0.0003126112088413671 - -0.0011200619441914966
B2: -0.0005253916607818631 - -0.0012613966516768016 - -0.00021075203277574162 - -0.0002894116878485701
