Number: 3551
Error: 2.0130919386619326e-11
A1: [0.06622241409508156, -0.1139430539291709, -0.023974725717125105, 0.07173208548797934] - [0.03740906582286571, 0.1881995352862558, -0.14740260251431547, -0.07818066467116166] - [-0.06023251837044681, 0.3289477779523809, -0.127756188252413, -0.14097138590713978] - [0.03904938330696284, -0.053319625867425155, -0.03741547157541953, 0.051698214451208355]
A2: [-0.009122500236756557, -0.346817956853974, 0.24944105389598836, 0.10644208075536794] - [0.08004514559280886, 0.03628798822773116, -0.05024429794193406, -0.06606609597961553] - [-0.04243628145073847, 0.23085014369319432, -0.040513523260748134, -0.14782954897112235] - [0.06807267393574733, -0.29353623265330475, 0.14170391414383157, 0.08349223019980788]
B1: 4.389240675236598e-07 - -9.388143833257344e-06 - 8.566762022997775e-06 - 6.1681010013945615e-06
B2: 1.6279480039838737e-07 - 3.14081382095258e-06 - -3.3995766281902046e-06 - -2.844956615059059e-06
