Number: 2613
Error: 1.6916824620477527e-08
A1: [0.06271846920607287, -0.048581550334041435, -0.02415057584961424, 0.007147543884673855] - [0.043541002213780974, 0.19115390019625939, -0.14268871373278338, -0.09264507216962463] - [-0.12421344296642584, 0.41410399660498015, -0.10562099106023344, -0.18783151971848333] - [0.036218650404337804, 0.018386797801802766, -0.03391181338884422, -0.02382643387220061]
A2: [0.0628729800200225, -0.17425571400062984, 0.08576289600257059, 0.023397855762781174] - [0.029353031541982506, 0.20036061663784388, -0.1016475152717225, -0.1278115520875534] - [-0.09319399797859677, 0.5138937350951258, -0.22539143345979323, -0.19488937179556923] - [-0.02614552160307141, 0.01830702698359839, -0.050510651696050166, 0.056762203360986335]
B1: -0.0002235458756878608 - 0.00015667289507970334 - 1.7571417900237274e-05 - -0.00022408491928372918
B2: -5.770301420401626e-06 - 4.190826246039149e-05 - -6.637266048175382e-05 - -4.663297841566169e-05
