Number: 8458
Error: 1.3088813708953897e-15
A1: [0.08043173668290579, -0.180467758758109, -0.019588805037223784, 0.11962502373054573] - [0.0374155947791069, 0.13359640094911454, -0.13472617144229332, -0.03628581032019463] - [-0.0017027955203887475, 0.22819013999866816, -0.12282835918719967, -0.10365888673832019] - [0.03886330235018941, -0.1144809508219284, -0.04641637351798171, 0.12203429583181293]
A2: [0.03530743329484122, -0.02927348559039302, -0.0756973592369979, 0.0696633975227422] - [0.10289378219901173, 0.2828967330610637, -0.39260636575753227, 0.006816029018553271] - [-0.01118706861098242, 0.5390146222542362, -0.3594509857909969, -0.16837643149907713] - [0.0978628139913734, 0.01746333114533829, -0.1688509966318524, 0.053524893691164595]
B1: -6.58355687974422e-09 - -5.376412457853423e-09 - -1.1234485902202993e-08 - -5.134702120492976e-09
B2: 8.240914148532897e-09 - -3.776812267457645e-08 - -1.920217943353364e-09 - 1.323744438920269e-08
