Number: 5623
Error: 9.931175191953563e-08
A1: [0.06583239965901226, -0.1143239279855636, -0.02436511802539993, 0.07134143314730214] - [0.03735620349505522, 0.1881487114794789, -0.14745529603284346, -0.07823448195031944] - [-0.06079762494864506, 0.3284050423442146, -0.12831004420062453, -0.141521947894278] - [0.03875496569405268, -0.05359883380846106, -0.03770053852242833, 0.05141571183203501]
A2: [-0.009064646539267252, -0.3467572525411711, 0.2494996425208611, 0.1065034165188945] - [0.0798510688587969, 0.03607909027065518, -0.0504563662638829, -0.06627986801533357] - [-0.04294604860643054, 0.23028733717841823, -0.04106067124009142, -0.14839400910102613] - [0.06777720348880405, -0.29386145410647097, 0.14138160486995785, 0.08315924916843367]
B1: 0.0004860172680881698 - -0.0001584699352222453 - 0.00020761921346741787 - 9.800818107638648e-05
B2: -2.2705758886889182e-05 - -0.00026601928333871484 - -0.00011478622918115452 - -0.00016805948467314065
