Number: 3384
Error: 2.2366312421373366e-07
A1: [0.0652828977052573, -0.11486069621500614, -0.02491388267118359, 0.07079495517248549] - [0.037294486163989976, 0.1880900763194217, -0.14751544289509783, -0.0782933306665239] - [-0.05425465352650654, 0.33469075871960224, -0.12190784000532016, -0.13516094972880202] - [0.03609589721123115, -0.05612311560693603, -0.04027355707746927, 0.04886006367461858]
A2: [-0.00878764817421172, -0.3464601375310931, 0.2498068419183183, 0.1067939862104921] - [0.0805014020331075, 0.0367799893976214, -0.049744247513727545, -0.06556734092467653] - [-0.041946427582808386, 0.23139131634019955, -0.039982005578405984, -0.14729263599504092] - [0.06866651030554181, -0.2928792247566567, 0.14236995537500766, 0.08416147482241043]
B1: -0.0002622700260417759 - -0.00031313862892366317 - -0.00011105661262928472 - -0.00013958008444131293
B2: 0.0003036609702473481 - 0.0002991728431538515 - 0.00023432300983627775 - -0.0007153729665243688
