Number: 4982
Error: 1.0473557974123931e-15
A1: [0.06621329981819145, -0.11395196421286899, -0.023983832236397575, 0.07172298608779751] - [0.03740264789667045, 0.18819340361016165, -0.147408911615921, -0.07818697501148147] - [-0.06022943545051174, 0.3289507385375664, -0.12775317243329998, -0.14096838462133426] - [0.03904623210368909, -0.05332261681014731, -0.0374185198004704, 0.051695190437032204]
A2: [-0.009108464070771266, -0.34680306695623425, 0.2494552029459204, 0.1064567970173526] - [0.08003984246548033, 0.036282274962398664, -0.05025009400908725, -0.06607194108933102] - [-0.04245280461049011, 0.23083190747460652, -0.04053122963373562, -0.14784782255207324] - [0.06813479438576958, -0.2934678350302299, 0.1417712575865376, 0.08356187795223496]
B1: 3.292303021278802e-08 - -9.535754480730326e-09 - -1.8081865457230456e-08 - -7.124933566512477e-09
B2: 5.0610196463148256e-08 - 3.3220468439759554e-08 - -4.77365900547782e-08 - -9.377558881647135e-09
