Number: 5018
Error: 1.2960977379179714e-15
A1: [0.06621317549110117, -0.11395208576169018, -0.023983956465916004, 0.07172286196936253] - [0.037402650806960314, 0.18819340639074908, -0.14740890875487997, -0.0781869721501877] - [-0.06022942361288728, 0.328950749906964, -0.12775316084968943, -0.14096837310002414] - [0.03904624036440165, -0.053322608969368794, -0.03741851180848899, 0.05169519836412229]
A2: [-0.009108676888945483, -0.34680329272257376, 0.24945498840589264, 0.10645657388949081] - [0.08003980997178639, 0.036282239957411845, -0.05025012952280827, -0.06607197690460424] - [-0.04245287636695884, 0.23083182827992083, -0.040531306530668, -0.1478479019118075] - [0.06813473537279387, -0.2934679000059161, 0.14177119361091828, 0.08356181178799438]
B1: -1.7340569147573208e-08 - -4.948400292464228e-09 - 9.174741811211565e-09 - 1.313751707162133e-11
B2: 1.3801250726921443e-08 - 9.048662943140613e-09 - -6.905553504124297e-08 - 3.402290765881637e-08
