Number: 200
Error: 2.6228973167405058e-06
A1: [-0.017241770635596863, -0.019762672938896775, 0.012419834551042196, 0.003142432068587398] - [0.06862428519119372, 0.19217494338156757, -0.14243424483279285, -0.10689908736470205] - [-0.09311997256709384, 0.42493126295026806, -0.04999358205578456, -0.2682990762142048] - [0.02119157863713975, 0.003193190008434406, 0.02004715922919058, 0.04921150239350516]
A2: [0.15848709350653303, -0.17080684750142375, 0.005566364072733183, -0.005526028920254649] - [0.04525941390179622, 0.21714621195281605, -0.10746314524948489, -0.11621920398400881] - [-0.0814264836021333, 0.5861915029840618, -0.23069546139378946, -0.2553581258431201] - [0.0023210561886249704, 0.0015511078879873496, 0.007262212180842293, 0.0131292463361944]
B1: 0.0052350675681533945 - 0.0010822374032619312 - 0.001865594544918036 - 0.0011923817836499205
B2: 0.010149018758741345 - 0.0036728216342879635 - -0.0051686308240697304 - 0.0045060921429356275
