Number: 4582
Error: 8.32420512561309e-16
A1: [0.06621313595164108, -0.11395212441761957, -0.023983995974379526, 0.0717228224962253] - [0.03740252122083525, 0.18819328257995013, -0.14740903614800363, -0.07818709955458289] - [-0.06022942656705402, 0.3289507470697078, -0.1277531637404739, -0.14096837597524528] - [0.03904611308949152, -0.05332272977406922, -0.037418634942862676, 0.05169507622957459]
A2: [-0.009108598731664077, -0.3468032098101388, 0.24945506719552596, 0.10645665583289021] - [0.08003981714671513, 0.03628224768683116, -0.050250121681100636, -0.0660719689962887] - [-0.04245286966196986, 0.23083183567982993, -0.040531299345456434, -0.14784789449642433] - [0.06813489495661845, -0.29346772429746687, 0.1417713666149181, 0.08356199071062571]
B1: -2.8934149999474887e-09 - -2.167093767469508e-08 - -3.543047484476743e-08 - 3.3629252565192346e-08
B2: 6.478547032944169e-09 - -1.5450182013828363e-08 - -1.0903218061835276e-08 - -1.6535520112506917e-09
