Number: 7138
Error: 1.0503086835111027e-15
A1: [0.08043169204740593, -0.18046780338856003, -0.019588849619318335, 0.11962497910014872] - [0.037415596755911176, 0.13359640292443486, -0.13472616946954089, -0.03628580834453471] - [-0.001702723749511682, 0.22819021176801593, -0.12282828752140708, -0.10365881498660914] - [0.03886322005407737, -0.11448103288712144, -0.046416455761662735, 0.12203421358682383]
A2: [0.03530738284894827, -0.02927353617584579, -0.07569740720032872, 0.06966334472566015] - [0.10289374963451854, 0.2828967002201661, -0.3926063972535581, 0.006815994918845557] - [-0.011187078289756928, 0.5390146125177874, -0.3594509949522344, -0.16837644169785737] - [0.09786279488704308, 0.017463311954133028, -0.16885101481796935, 0.05352487363788558]
B1: -5.398381162531912e-09 - 5.2025705762448815e-09 - 2.161752795733318e-08 - 9.747720740520686e-09
B2: -9.418535358771282e-09 - -1.0249043620089202e-08 - 6.513193748867234e-08 - -1.9960249684683097e-08
