Number: 3001
Error: 1.4462606165925202e-08
A1: [0.06330724314958748, -0.047996941212086586, -0.023568530247220554, 0.007727714220203121] - [0.043440751545133605, 0.19105769331521943, -0.1427909740617357, -0.09275315125669996] - [-0.12373607264210817, 0.4145769509346883, -0.10514656814436592, -0.18735719541679835] - [0.03629353597348954, 0.01845943969449699, -0.033842122517163724, -0.023758787960448245]
A2: [0.06363754113009773, -0.17349289312663738, 0.0865217327002093, 0.024149980320986506] - [0.029210784416920876, 0.20022076058974378, -0.10178938283101414, -0.12795127065220174] - [-0.0929936954513715, 0.5140892687283756, -0.22518815954907848, -0.1946931390272364] - [-0.025453173212303865, 0.018986772196788806, -0.049817981550683926, 0.057439225022663284]
B1: -9.151039496944991e-05 - 9.118967011157937e-05 - -0.0001906859214397562 - -0.0002514565187665556
B2: -7.033112454380401e-05 - 2.1174814945205996e-06 - -0.0003385702954809154 - -1.5113032492176961e-05
