Number: 8323
Error: 9.512687387989993e-16
A1: [0.08043164449480332, -0.18046785093580708, -0.01958889711512722, 0.11962493155293101] - [0.03741564649814004, 0.13359645262906514, -0.13472611982626428, -0.0362857586297511] - [-0.0017028282153884234, 0.22819010730435996, -0.122828391834335, -0.1036589194246045] - [0.038863186900727584, -0.11448106594744652, -0.0464164888939157, 0.1220341804540527]
A2: [0.0353075429087674, -0.02927337567326728, -0.07569725501724624, 0.06966351224537426] - [0.1028937051699046, 0.2828966553782086, -0.39260644025916264, 0.006815948357945037] - [-0.011187132537493245, 0.5390145579464392, -0.3594510462989759, -0.1683764988605136] - [0.0978627111527203, 0.01746322783890021, -0.16885109452779384, 0.05352478574427847]
B1: 2.3168036108237064e-08 - -2.0440106824592332e-08 - -1.4126211037538756e-08 - -3.452599393034301e-08
B2: -2.47060490055666e-08 - 4.2655749922132924e-08 - -1.4711461200239133e-08 - -2.2930640300722812e-08
