Number: 4777
Error: 5.700231169254089e-16
A1: [0.06621320009174156, -0.11395206171082015, -0.023983931884613147, 0.07172288652867752] - [0.0374026511032401, 0.1881934066738053, -0.14740890846363128, -0.07818697185891366] - [-0.06022926553292156, 0.3289509017341726, -0.1277530061619275, -0.14096821924423247] - [0.03904615476330813, -0.05332269021880717, -0.03741859462479333, 0.05169511622025275]
A2: [-0.009108596157885177, -0.34680320707976975, 0.24945506979008103, 0.10645665853135973] - [0.08003984368187271, 0.03628227627278765, -0.05025009267966768, -0.0660719397486126] - [-0.042452818365008284, 0.2308318922942805, -0.04053124437362831, -0.14784783776399868] - [0.06813477822711365, -0.29346785282159327, 0.14177124006900768, 0.08356185983544633]
B1: 1.8226015878010843e-08 - 2.9207032050508494e-08 - 1.913455247763642e-08 - 2.3079738142349847e-08
B2: -7.583668654146754e-09 - 1.8463306315901182e-08 - 4.5821457056100614e-08 - 2.9179194776332234e-08
