Number: 1754
Error: 7.117122351265381e-07
A1: [-0.005627323495941897, -0.013432022977679089, 0.004643834568382723, 0.021032185372246524] - [0.06647428142181086, 0.18954911134846267, -0.1471054626653185, -0.11025240511718638] - [-0.11235914674672927, 0.4419931827409959, -0.07059321809845286, -0.25784755194765807] - [-0.023496166940570662, 0.015216003396825063, -0.03010486187538948, 0.03878219153937454]
A2: [0.1320385674371777, -0.22416490774399148, 0.02311854386700853, 0.07060880649003393] - [0.031939678938976965, 0.20305675308145882, -0.11559140532909308, -0.12214450372450401] - [-0.09537057166686423, 0.5548523196840828, -0.2358827755741196, -0.2263103353699595] - [-0.019739094286038678, -0.018202691820305872, 0.00918270166193306, 0.03321323871425363]
B1: -0.00039239478671809845 - -0.0012061821322688411 - 3.558630291455498e-06 - -0.00048416731274272416
B2: 0.0002738203812411114 - 0.0009214768738539346 - 3.784098893784094e-05 - 1.1651640644289463e-05
