Number: 3271
Error: 2.8274051221421443e-05
A1: [0.02899757047032174, -0.15144859530404492, -0.06570524843698185, 0.030864351102531384] - [0.005133523487877614, 0.15320750556618204, -0.1774932941158884, -0.1084120604661435] - [-0.04497832561126889, 0.3471117504390723, -0.10861884219349609, -0.1222269988316272] - [0.04850523407584781, -0.040978379735426895, -0.028904478934815275, 0.060588433546147694]
A2: [0.006275006244654517, -0.33671193231408075, 0.2668596043298141, 0.12147967966821757] - [0.06505457307628051, 0.024570621156240566, -0.06933972167032446, -0.08540766161858009] - [-0.017736073278622217, 0.2448802754591753, -0.026129120695012418, -0.12818718967195655] - [0.08881932767102503, -0.2815138301756329, 0.15307625066974162, 0.09992640647952834]
B1: 0.001953770183530796 - 0.0026679394859319993 - -0.006344878530207273 - -0.006866881208045015
B2: 0.00638998627381701 - -0.008037580692834436 - 0.004014517933270022 - 0.003617410631165283
