Number: 5534
Error: 1.1966487851914172e-11
A1: [0.0662143083686616, -0.11395097821399179, -0.023982824478896974, 0.07172399294482044] - [0.03741177956552316, 0.18820212835450148, -0.14739993446770452, -0.07817799707641848] - [-0.06020479027809877, 0.3289744085101577, -0.12772905623274347, -0.1409443980698536] - [0.03906899394160757, -0.05330101248750348, -0.0373964985737812, 0.051717032903866235]
A2: [-0.009098626585078028, -0.3467926307999421, 0.24946511923341994, 0.10646710992229631] - [0.08004132207145463, 0.036283868961808206, -0.050248477045343534, -0.06607031045476404] - [-0.04244817729573146, 0.23083701457122505, -0.040526271338506496, -0.14784270569949332] - [0.06814118828068734, -0.29346079497342925, 0.14177818860094069, 0.08356904582668097]
B1: 2.0863828816929785e-06 - 2.681856000095741e-07 - 1.6981480721799568e-06 - 1.55391863439881e-06
B2: -3.1220163845415256e-06 - -7.013245274018736e-06 - 2.931856284496044e-06 - 7.968715174789326e-06
