Number: 1968
Error: 1.7206579464773722e-05
A1: [-0.02529657698357038, -0.03260151722413495, -0.014923667858381421, 0.001751691091801056] - [0.06729050206159891, 0.1903586325075374, -0.1462322727628004, -0.10934337309503243] - [-0.12476127986391214, 0.42987210301529877, -0.08346800070847998, -0.2710268328332223] - [-0.04049756474652911, -0.0021010943421041223, -0.04852089163435684, 0.020067985387998453]
A2: [0.14370117431607118, -0.21389557656848093, 0.033548184402507085, 0.08009771553253657] - [0.04356043567314888, 0.21441757516232315, -0.10407920431614519, -0.11091700120250568] - [-0.09131275406924301, 0.5590966636097108, -0.23173207644250784, -0.2216887049768543] - [-0.029762507792400777, -0.0278739919052212, -0.0006313069070112195, 0.023944710830270693]
B1: -0.0034486580089174482 - 0.002865706198885012 - 0.007443902182910611 - 0.0006956676784660344
B2: 0.006389063528217191 - 0.0015541219998177194 - 0.004761969653748926 - 0.0036735572497735704
