Number: 4070
Error: 7.463213327480474e-16
A1: [0.06621316780288529, -0.11395209327811674, -0.023983964148104154, 0.07172285429405255] - [0.03740262551613586, 0.188193382227047, -0.14740893361772053, -0.07818699701520869] - [-0.0602293836141829, 0.3289507883235747, -0.12775312170929887, -0.14096833417034396] - [0.03904613362974874, -0.053322710278067585, -0.03741861507087556, 0.0516950959402369]
A2: [-0.00910854049543959, -0.3468031480306367, 0.24945512590301377, 0.10645671689044062] - [0.08003982407004678, 0.03628225514520884, -0.05025011411434541, -0.06607196136526794] - [-0.04245270916817922, 0.23083201281067017, -0.040531127354144, -0.14784771699647853] - [0.06813472526172931, -0.293467911138783, 0.14177118264961935, 0.08356180045145993]
B1: -1.6353723407854153e-08 - -7.069187115206922e-09 - 4.138265611446964e-08 - -1.8327616529152024e-08
B2: -3.720369234334733e-09 - 1.997435228730752e-08 - 6.345524801187996e-10 - -7.3570377506911745e-09
