Number: 8698
Error: 3.881885400973109e-13
A1: [0.08043180725959749, -0.18046768818919953, -0.01958873454479997, 0.11962509429925829] - [0.03741549809626402, 0.1335963043396127, -0.134726267932331, -0.03628590694939532] - [-0.0017029163937353116, 0.2281900191280631, -0.12282847988351414, -0.10365900757937609] - [0.03886342485266535, -0.11448082866298011, -0.04641625109344371, 0.12203441825825447]
A2: [0.035307524897808466, -0.0292733937340432, -0.07569727214166888, 0.06966349339483832] - [0.10289229860809974, 0.28289523687910917, -0.3926078006694649, 0.006814475485204087] - [-0.011187559524290604, 0.5390141284129939, -0.3594514504525486, -0.16837694878993345] - [0.0978626320741102, 0.017463148400629368, -0.16885116980572815, 0.053524702737778915]
B1: 2.4134445584866436e-07 - 7.113124332676139e-07 - 3.545687243764714e-07 - 2.6146687090472394e-07
B2: -2.762906562340896e-07 - -6.117705626770014e-08 - -1.528964607532417e-07 - -2.969702119620434e-07
