Number: 3126
Error: 4.154303192846472e-06
A1: [0.06444888397714475, -0.04704877777327494, -0.022662698791553682, 0.008714248888908213] - [0.043480023633987876, 0.19097881680850148, -0.1428581623111706, -0.09284543399723673] - [-0.12145632418068536, 0.416627479405527, -0.10309563394905123, -0.1852544427430696] - [0.042343232839635814, 0.024236439777456594, -0.028188827578075018, -0.017809405256803915]
A2: [0.06378169714543155, -0.17323169131309463, 0.08659554191402523, 0.02416015155699644] - [0.02246522982438919, 0.1935834816371084, -0.10847731534399918, -0.13453931989722348] - [-0.10364410406321081, 0.5036397836891668, -0.23588670016670707, -0.20496642201715962] - [-0.03059479661770717, 0.013890989068585984, -0.05498154310694996, 0.05233300652929272]
B1: 0.0063413164464136956 - -0.004816282580763897 - -0.0014177459711662665 - -0.00719701121340014
B2: -0.0018261168797346484 - -0.005220256651931524 - -0.0014537809153456142 - -0.0003190926545363603
