Number: 9211
Error: 1.5494029265653064e-07
A1: [0.053535973589848594, -0.14764231601678646, -0.026638263575557035, 0.12218789763665343] - [0.0038662499002556725, 0.12939145095724994, -0.11504430479778827, -0.0239945955621009] - [-0.01407756086472334, 0.22345861298988456, -0.1266753310557078, -0.08123780713746528] - [0.0278264781667796, -0.09934523880461808, -0.04874612155067123, 0.1229762952777215]
A2: [0.09143888920460129, -0.07072722055462753, -0.12148729951409214, 0.10949794506037763] - [0.1107764521365464, 0.2517426177297344, -0.40295113772816327, 0.048157917868574214] - [0.03844711914667423, 0.46435186552784413, -0.3759498786697263, -0.11964171414025322] - [0.14561252337019248, -0.04243225689634228, -0.1993648144927871, 0.10489894839424126]
B1: -0.0002723343748356458 - -0.00029020559393469307 - -8.011045093531119e-05 - -0.0003565330334996549
B2: -0.000694209445316152 - -0.0005818397414319639 - 7.755823249538403e-05 - -0.0006950391415054755
