Number: 3398
Error: 9.649648071729639e-08
A1: [0.06699189438277556, -0.11319075967204735, -0.02320652465695457, 0.07250093422989926] - [0.03727257867798455, 0.1880689982772374, -0.1475368504764371, -0.07831454949186971] - [-0.06560042621206168, 0.32378868296795293, -0.13301376540195692, -0.14620590740386352] - [0.037542895253411326, -0.054747811854190045, -0.03887241242981658, 0.0502493905036884]
A2: [-0.009694916159217592, -0.3474244302214035, 0.24886999328443657, 0.10584518307102969] - [0.07985824379074163, 0.03608649249810337, -0.05044953382066617, -0.06627553715202524] - [-0.0429794258138308, 0.23025044063385655, -0.04109567807331097, -0.1484328632662116] - [0.06721343137983479, -0.29448056359251407, 0.14078425293887128, 0.08253503046322036]
B1: -0.00015801232186206984 - -0.0005143393962691667 - -0.0002826652501708632 - -0.00010578884101494719
B2: -5.289032626628339e-05 - 0.00010239198279413904 - 0.0004226238535414671 - -0.0008715808384106063
