Number: 366
Error: 9.360613253629476e-11
A1: [-0.012109322564245219, -0.014471901182347216, 0.01813599877146144, 0.00863019884321155] - [0.06588061349400527, 0.1895389129359777, -0.14527565447863455, -0.10995803676352735] - [-0.09627568588023927, 0.42180289742236265, -0.05343846103948104, -0.2720154766560044] - [-0.001347865640037602, -0.018244600483367263, -0.0038631703507131534, 0.0233462680680362]
A2: [0.16159482451431634, -0.16774682890791676, 0.008509271199923075, -0.002325173857589632] - [0.0354790507240505, 0.20751015455635985, -0.11721707058834363, -0.1257985583629999] - [-0.08617660671647485, 0.5815742974605587, -0.23535279114974256, -0.2598995569754981] - [-0.0038422011831774788, -0.004526404342882234, 0.0011030997373261094, 0.007236473082079943]
B1: -7.75823008231877e-06 - 3.379196597210369e-05 - 1.646601267573275e-05 - 2.655653226274005e-06
B2: 6.589962518178945e-06 - 2.6381696365060295e-05 - 1.960976438722234e-05 - -6.062597981589535e-06
