Number: 6836
Error: 1.2410123157693098e-15
A1: [0.08043167148859194, -0.18046782394504604, -0.019588870153553456, 0.11962495854368173] - [0.0374155525095634, 0.13359635871157333, -0.13472621362773105, -0.036285852566373976] - [-0.0017028657860930342, 0.22819006973446432, -0.12282842935002541, -0.10365895698528452] - [0.038863196648026656, -0.11448105622748576, -0.046416479152799374, 0.12203419019532022]
A2: [0.03530745976329389, -0.029273459048767537, -0.0756973340711379, 0.0696634252248546] - [0.10289381066422215, 0.2828967617678295, -0.3926063382264331, 0.0068160588258600685] - [-0.011187161086656221, 0.5390145292270491, -0.35945107332130083, -0.168376528943831] - [0.09786280931593176, 0.017463326448653657, -0.16885100108259915, 0.05352488878351962]
B1: 5.454709775602721e-09 - 2.0408450338304973e-08 - -2.4477392177861355e-08 - -2.5220307613902783e-09
B2: 1.2250355497038098e-08 - -1.6199544983847451e-09 - -1.316205738422427e-08 - -1.9660052135632557e-09
