Number: 5638
Error: 3.6488478597145373e-06
A1: [0.06682344881649574, -0.11335747756462908, -0.023375059323910586, 0.07232783332217213] - [0.036299277685148436, 0.18713538541165586, -0.14849520683283973, -0.07927513735129697] - [-0.05915521588099597, 0.32997860266876317, -0.1267023272400252, -0.13992871372014254] - [0.03681183573751658, -0.05544746976244724, -0.03958013783587512, 0.04954927577409223]
A2: [-0.011840528762861263, -0.3496930450553191, 0.246684093172528, 0.10359462651321265] - [0.07823907597328135, 0.03434548805762843, -0.052224107980489744, -0.06805737675689302] - [-0.04570277495124984, 0.2272516326561428, -0.044029392303418, -0.15144351296491293] - [0.06321240801426876, -0.29888079373962423, 0.1364194895477252, 0.07804264098746051]
B1: 6.903066178754651e-05 - -0.0011545972798042412 - -0.0005451705644004014 - 0.0001352223632832617
B2: 0.0011258880898709404 - 0.0017460686020658166 - 0.000788046702451162 - 0.0021986384513081915
