Number: 5644
Error: 3.937350418680909e-05
A1: [0.06889923494623057, -0.1113333864472693, -0.021304801411945854, 0.07439936143811195] - [0.03940910173211302, 0.19009910895337342, -0.14544137140328317, -0.07621409247017835] - [-0.05775202062836429, 0.33131025759421917, -0.12534122644971948, -0.13856926142077858] - [0.04859880614364827, -0.044276583494075046, -0.028182046701633403, 0.060872506728326926]
A2: [-0.005475137246173613, -0.3429428753479758, 0.25305656520324904, 0.11027574895009119] - [0.08258404646616402, 0.039023227331406514, -0.04748803193771537, -0.06327034170515965] - [-0.03903068455789127, 0.2346098884199783, -0.036910518322321506, -0.14406785511416248] - [0.06410356795944061, -0.2979049219196188, 0.13735466899113874, 0.07903609284894608]
B1: -0.003359377366580756 - -0.0036350746196489 - -0.0028862779690643284 - -0.000140330601527283
B2: 0.004146730113446063 - 0.0034574893448953894 - 0.0051186139705095834 - 0.0017536269957378649
