Number: 7585
Error: 8.994086863342578e-16
A1: [0.080431716883609, -0.18046777855517845, -0.019588824812822776, 0.11962500393350892] - [0.03741561604996492, 0.13359642220388082, -0.1347261502139326, -0.03628578906117229] - [-0.001702780486252277, 0.22819015503248308, -0.12282834417507989, -0.1036588717082075] - [0.0388632607656271, -0.11448099228983312, -0.04641641507606492, 0.12203425427306328]
A2: [0.03530741837514726, -0.029273500551376234, -0.07569737342247744, 0.06966338190768237] - [0.10289374173183448, 0.28289669225041747, -0.39260640489692794, 0.006815986643587238] - [-0.01118716377123587, 0.5390145265264568, -0.35945107586236935, -0.16837653177260586] - [0.09786276023631804, 0.017463277145801377, -0.1688510478032485, 0.05352483726594169]
B1: 1.6521652662787613e-08 - 1.8681799658270927e-08 - 2.5882551851677255e-08 - 2.2533714994418612e-08
B2: 1.6787161754623703e-08 - 1.671054112394306e-08 - 1.968481618088766e-08 - 1.4413293441498385e-08
