Number: 235
Error: 3.2241354973765066e-07
A1: [-0.017926542274312018, -0.020454163517962688, 0.011692249967966204, 0.0024035569655903232] - [0.06826089730015662, 0.19182702325211212, -0.14281441992616753, -0.10730658710859392] - [-0.09022303293556741, 0.42765736556202105, -0.04685756900604847, -0.26495326128652114] - [0.0017403138068028709, -0.015281580401852407, -0.0005737116921325612, 0.0269113832337891]
A2: [0.16322198998651044, -0.16614475262311307, 0.010116021420956356, -0.0007437007846103652] - [0.038142332121511864, 0.21013371915787266, -0.1145618391269607, -0.12319244799176696] - [-0.08661849384217019, 0.5811341018114571, -0.23579694979592536, -0.2603476849501285] - [-0.004688763896541167, -0.005362021436836677, 0.00025831991630868156, 0.006418188216276073]
B1: 5.645502209104223e-06 - 0.0007686760550728072 - 0.0007379677896225518 - 0.00027733427134797177
B2: -0.00028648320888732955 - 0.0019064658479455488 - 0.00017244861273838037 - -0.0006465161321281041
