Number: 5718
Error: 0.006367783118341144
A1: [-0.22675418909251832, -0.4580884213414089, -0.3326018568880409, -0.1866815651175153] - [-0.3013227683995622, -0.19435616789793564, -0.48743574387292293, -0.37976579062130333] - [-0.13451158201296873, 0.15680797517535938, -0.24971969490329207, -0.22715459090967532] - [-0.3667121355285602, -0.45096271252471454, -0.43829746945194065, -0.27018197606809147]
A2: [-0.23601599188714495, -0.2994053342464941, -0.11103403991816646, -0.5252548283573015] - [0.03594659190582322, 0.21787565178957152, -0.20237102853412853, -0.41672585337532614] - [-0.3138060006994413, 0.23624399416877787, -0.42528793430534634, -0.8178121397723699] - [-0.15327893970195833, -0.23216926940417126, -0.1775750814704332, -0.5397137247675345]
B1: -0.47186222295570746 - -0.6720665693697225 - -0.5021982496912241 - -0.511643227469613
B2: -0.6319168132115813 - -0.5638094265668326 - -0.7797943070794536 - -0.5681623573824174
