Number: 2066
Error: 0.00011122944184006891
A1: [-0.0016889451165297779, -0.032889866499432395, -0.023264768868007046, -0.012600228774452308] - [0.033934594250347394, 0.16291882240272185, -0.1779007458690176, -0.14561039602918072] - [-0.09687370923839525, 0.45638123765629335, -0.0474449876291941, -0.2034626526193585] - [0.000827517440607578, 0.026655061793946055, -0.03843572771517142, 0.0057589403629806565]
A2: [0.12586746479834288, -0.20103325198081612, 0.05868838766824417, 0.07743044704101298] - [0.03234599864527474, 0.1967547451003297, -0.1222878511053678, -0.1262205982691563] - [-0.15705109097272898, 0.4901545008229649, -0.2926558140979576, -0.28565747053252394] - [-0.05302391828303891, -0.05020685934607319, -0.059332666844758686, 0.02924418486876095]
B1: -0.012415213829702452 - 0.02353265997556856 - 0.014335390409515487 - 0.011088385441429927
B2: 0.027713898299652946 - -0.003319846363840114 - 0.005586169614563121 - 0.017810074432530288
