Number: 1966
Error: 4.1404523760131097e-05
A1: [-0.037334787259772594, -0.04483394803355355, -0.02758370097681111, -0.010851676697359754] - [0.06441518038603215, 0.18758082159365927, -0.14924263162775153, -0.11256046370824728] - [-0.12449559073318198, 0.4301316344591504, -0.08319777979125682, -0.2707657066753653] - [-0.012558580049946824, 0.025498051623707812, -0.019825157099512672, 0.04984760673370893]
A2: [0.15036681266618315, -0.20712699857315706, 0.04024153035130892, 0.08693680711434595] - [0.0429525532756816, 0.21385844487705236, -0.10466545745092476, -0.11147285877203164] - [-0.0875846878389673, 0.5628197750180726, -0.2280793191767295, -0.21807416644961133] - [-0.02373050984260583, -0.02191492009328191, 0.005333384026546596, 0.029711038707336945]
B1: -0.006821869573196551 - -0.000491815997613906 - 0.004517634921714496 - -0.0014252196782006468
B2: -0.003630001305743433 - 0.01116097913774089 - 0.0019503118181266434 - 0.00885054520523108
