Number: 1719
Error: 2.964675768593639e-07
A1: [-0.007525929436816488, -0.015346148368137219, 0.002645591522197744, 0.0190924777234959] - [0.0664370913798003, 0.18950991897537997, -0.14713843409397895, -0.11029638251892113] - [-0.11439596921623843, 0.4399876791805877, -0.07268478644498595, -0.26006710719300746] - [-0.02565751394479138, 0.013077561038089814, -0.03227174903095959, 0.036485391674197815]
A2: [0.13229931819397492, -0.22390422638317614, 0.02337482967925434, 0.07085529237963262] - [0.03361410721284489, 0.20470256438472645, -0.11392431493655157, -0.12050657436720244] - [-0.0946446521794299, 0.5555417115390483, -0.23521423545564246, -0.22565852548555593] - [-0.02001193033375471, -0.01845683665548824, 0.008932205419995355, 0.03296373028999176]
B1: -0.00010887557334324627 - 0.0002460012016150601 - -0.0001825579368615009 - -0.00013247453860413915
B2: 0.0007435693768631461 - 0.00016757599251032753 - 0.00024354185763525974 - 0.0005186827145039637
