Number: 5149
Error: 1.8305837764592546e-15
A1: [0.06621312483405795, -0.11395213528676527, -0.0239840070832483, 0.07172281139728975] - [0.03740262911553905, 0.1881933856660896, -0.14740893007918593, -0.07818699347638418] - [-0.06022922282301216, 0.32895094275474535, -0.12775296436839242, -0.14096817767544415] - [0.03904604683909859, -0.05332279265650383, -0.03741869903794381, 0.05169501265488078]
A2: [-0.009108412242791736, -0.3468030119749491, 0.2494552551931086, 0.10645685135607702] - [0.08003981270489663, 0.0362822429017533, -0.05025012653565566, -0.06607197389210726] - [-0.042452832980195455, 0.23083187616408657, -0.0405312600358592, -0.14784785392778294] - [0.06813477421922519, -0.2934678572344529, 0.14177123572396472, 0.0835618553419111]
B1: 1.9832645819505653e-08 - -4.922453071722786e-09 - 2.789126671136728e-09 - 1.5908780784322714e-09
B2: 7.147038476394346e-09 - -1.87577935090933e-08 - 1.1704139298816983e-07 - -2.1848969907538197e-08
