Number: 4288
Error: 8.137769911628584e-16
A1: [0.06621310704580773, -0.11395215267748315, -0.02398402485750228, 0.07172279363893962] - [0.03740258465462407, 0.1881933431866455, -0.1474089737877181, -0.0781870371887585] - [-0.060229505269539615, 0.3289506714802935, -0.12775324075406846, -0.14096845257481233] - [0.039046234263680236, -0.05332261476009579, -0.037418517710879846, 0.051695192509674075]
A2: [-0.009108740239774833, -0.34680335992809924, 0.24945492454254034, 0.10645650746944411] - [0.08003983016316314, 0.036282261709243334, -0.05025010745491816, -0.06607195464928757] - [-0.042452752941181525, 0.23083196450000548, -0.04053117426304256, -0.14784776540781616] - [0.06813479963845544, -0.29346782924674114, 0.1417712632811985, 0.0835618838415068]
B1: 4.312112714594896e-08 - 3.048714032528106e-09 - -8.278860392644792e-09 - -1.6939724139509195e-08
B2: 6.950710031098867e-09 - 1.7886843843664906e-08 - -2.188783147260769e-08 - 1.92035540348742e-08
