Number: 3009
Error: 5.6193315133705226e-08
A1: [0.06338080458810519, -0.04792355320061793, -0.023495429568975493, 0.00780089776260919] - [0.043295276463890066, 0.19091695397059494, -0.14294089308189722, -0.09291325640052449] - [-0.12318166102588089, 0.41512972918530494, -0.10458961601265054, -0.18680200050539644] - [0.03723997814983817, 0.019406800349905422, -0.03289737698523314, -0.022818732634808332]
A2: [0.06312968699627786, -0.17399860928178412, 0.08601526273742609, 0.023647986165370807] - [0.029469066497575084, 0.20047523383449514, -0.10153192906438456, -0.12769844983789055] - [-0.09361734357102838, 0.5134771524672592, -0.22581333663741424, -0.19529708235057597] - [-0.025729057693022472, 0.01871225451919612, -0.05009442158136174, 0.05717080094156498]
B1: -8.25070950047069e-05 - 0.0003075348953863701 - 9.725128814257959e-06 - 0.00019808161571471046
B2: -0.00019316295629647566 - -9.99364694795803e-05 - 1.3822609147818373e-05 - -0.00019636436037141623
