Number: 770
Error: 1.5151076303165049e-13
A1: [-0.012154452942140093, -0.014518257908600483, 0.01808611276592886, 0.008581965568302081] - [0.0658357927807524, 0.1894957970545269, -0.14532199399861592, -0.11000794018971614] - [-0.09629544317811767, 0.4217838001698957, -0.05345990405951023, -0.27203849438692435] - [-0.0013186025415549156, -0.018216458091257475, -0.0038320262182123185, 0.023380092846086296]
A2: [0.16158670328668928, -0.1677547904601819, 0.008501316718861202, -0.0023330865716368375] - [0.03548558776702832, 0.2075165881959859, -0.11721055940632111, -0.1257921623580739] - [-0.08621372421309256, 0.5815379459232863, -0.23538890132672555, -0.259935743241063] - [-0.003834830441831594, -0.004519155225142735, 0.0011103923325774178, 0.007243523704164299]
B1: 1.9825058385732415e-07 - 7.16539436853893e-08 - 2.319963825847535e-07 - 1.52948502738502e-07
B2: 8.51109071315312e-08 - 1.0031564297418444e-06 - 2.4359409774079634e-07 - -8.306692375350824e-07
