Number: 1491
Error: 4.655730697946327e-09
A1: [-0.007752477342774866, -0.01556404959697458, 0.0024094866529162733, 0.018874162525461563] - [0.06667555293223981, 0.18973894898186444, -0.1468914032842192, -0.11003054551071918] - [-0.11234980511567076, 0.4420163184092777, -0.0705437724448845, -0.25784438932279796] - [-0.02387860317126297, 0.014843534477663654, -0.030454318940057915, 0.038374160273424794]
A2: [0.13192160635052314, -0.2242981476236687, 0.022996652666629168, 0.07048862375531084] - [0.032697485477835145, 0.20379965742876746, -0.11483725245815644, -0.12140735288977313] - [-0.0946124381020303, 0.5555498569348538, -0.23519261517804507, -0.2256257671780287] - [-0.020869524979228445, -0.01931749666731814, 0.008075984094112781, 0.032140836135071196]
B1: 8.178274356008327e-05 - -2.7984161159391877e-05 - -3.928700578055827e-05 - -1.7156460284546653e-05
B2: -0.00018404301694303782 - -7.745956530818727e-05 - -0.00020618595521458257 - 0.0003157922745362079
