Number: 4137
Error: 1.1217948321579363e-15
A1: [0.06621318471712129, -0.11395207674185849, -0.023983947247140664, 0.07172287117990156] - [0.03740261437510192, 0.18819337158254668, -0.14740894457020953, -0.07818700796866743] - [-0.060229412354736875, 0.3289507607198619, -0.1277531498331082, -0.14096836214288366] - [0.03904606833992964, -0.05332277224869367, -0.037418678236584735, 0.05169503328741405]
A2: [-0.00910850561341903, -0.34680311102626377, 0.24945516106726665, 0.10645675346234094] - [0.08003983637652276, 0.036282268402811145, -0.05025010066406572, -0.06607194780077759] - [-0.04245289392692282, 0.230831808899414, -0.040531325348939745, -0.1478479213327089] - [0.06813484797225722, -0.2934677760291075, 0.14177131567969514, 0.08356193803267244]
B1: 2.3935057205435213e-08 - -8.084532765781961e-09 - -4.044001307726889e-08 - 1.736302397603202e-08
B2: 1.7862741087695445e-08 - 1.9291218033453527e-08 - -2.3099477488043877e-08 - -2.781186708688748e-08
