Number: 9815
Error: 8.7035192514474e-16
A1: [0.053172559690346635, -0.1480012614222115, -0.026999037781180187, 0.12182783153673149] - [0.005313719251222306, 0.1308366937022603, -0.11360074433793158, -0.022549763942685958] - [-0.014444481224530781, 0.2230916161799055, -0.12704118424108837, -0.08160593764855169] - [0.027146421970071343, -0.10002007616380665, -0.049424546605625064, 0.1222980821812343]
A2: [0.08925428375816771, -0.07291354744141769, -0.1236275943429291, 0.10728620333860223] - [0.10884187359861092, 0.24981432593645342, -0.40484514760167584, 0.04618962732408898] - [0.03663615356236478, 0.46255533989724307, -0.3777172338276905, -0.12147304358007466] - [0.14342672766694078, -0.04460632995202954, -0.20149924795724872, 0.10268016132944982]
B1: 6.965712992374673e-08 - 3.743239539100611e-08 - 2.070005264158092e-08 - -3.690764923769068e-08
B2: 4.0232129368534815e-08 - 3.580815069299054e-08 - 5.4677919020359104e-08 - 1.4404615122968341e-08
