Number: 4321
Error: 1.0279930524976652e-15
A1: [0.0662133493268014, -0.11395191581066896, -0.023983782766641995, 0.07172303551333442] - [0.03740263567460615, 0.18819339193277998, -0.14740892363115926, -0.07818698702776372] - [-0.060229289376781174, 0.32895087883337437, -0.12775302949417092, -0.14096824245116002] - [0.039045961078123664, -0.05332287405756319, -0.037418782008818464, 0.05169493035775868]
A2: [-0.009108434354395185, -0.34680303543161833, 0.2494552329027939, 0.1064568281734486] - [0.08003992361198063, 0.036282362380385264, -0.050250005320683175, -0.06607185164780358] - [-0.04245275523954966, 0.23083196196339642, -0.04053117672604766, -0.14784776794968116] - [0.06813479948362405, -0.2934678294172129, 0.1417712631133518, 0.08356188366793527]
B1: -3.170228071326424e-08 - 2.2122560631443006e-08 - 7.99738373031176e-09 - -4.913780321221424e-09
B2: -9.374315552408769e-09 - -2.0804304023818874e-08 - 3.1367067859724456e-09 - 4.7204275834119714e-08
