Number: 481
Error: 7.605641697955092e-13
A1: [-0.012151445295482208, -0.014515168739047409, 0.01808943714390655, 0.008585179601820972] - [0.06583636457988776, 0.18949634709843105, -0.1453214028111192, -0.11000730355253016] - [-0.09629394859485804, 0.4217852447040627, -0.05345828222365574, -0.27203675309833575] - [-0.0013239775412572053, -0.018221627265649767, -0.0038377476837197825, 0.023373880291166046]
A2: [0.16158557475171628, -0.16775589775111935, 0.008500210977429779, -0.0023341866825438372] - [0.03548784501775208, 0.20751880917727, -0.11720831161185957, -0.1257899541807367] - [-0.08621704329400832, 0.5815346949045408, -0.23539213089127217, -0.2599389798315624] - [-0.0038351976184184044, -0.0045195162925382865, 0.0011100289286631445, 0.007243172420270737]
B1: -9.261008689707212e-07 - -1.9219073518854428e-06 - 9.868103683701444e-07 - -3.5608397501437994e-09
B2: 1.1324047248592282e-06 - -7.14634559566033e-07 - 3.0352995588285393e-07 - 3.634342501269443e-08
