Number: 4065
Error: 8.764088655380911e-16
A1: [0.06621317155806833, -0.11395208960684983, -0.023983960395867955, 0.07172285804293349] - [0.03740262898531983, 0.18819338554161646, -0.14740893020724716, -0.07818699360443347] - [-0.060229394515272296, 0.32895077785368154, -0.12775313237646033, -0.14096834478013165] - [0.039046122534580445, -0.05332272080918121, -0.03741862580507871, 0.051695085293192986]
A2: [-0.009108488370188413, -0.3468030927338793, 0.2494551784500159, 0.10645677154093053] - [0.08003982689544957, 0.03628225818897748, -0.050250111026340506, -0.06607195825104205] - [-0.04245278622772834, 0.23083192776294378, -0.040531209934217445, -0.14784780222145527] - [0.06813473906738171, -0.29346789593815253, 0.14177119761628257, 0.08356181593015335]
B1: -3.1118604962961895e-08 - -4.405124301839394e-09 - 2.202207286489237e-08 - -2.121532515298038e-09
B2: -6.460386604288925e-09 - 2.0411207336381195e-08 - -8.159842591381262e-09 - -1.742805565719269e-08
