Number: 7558
Error: 1.0871754470513232e-15
A1: [0.0804317237705705, -0.18046777166899697, -0.019588817934095833, 0.11962501081968395] - [0.03741560515629543, 0.13359641131845598, -0.13472616108589672, -0.036285799948807596] - [-0.0017027556380193609, 0.22819017988018622, -0.12282831936322787, -0.10365884686660565] - [0.038863253745234146, -0.11448099929052453, -0.04641642209198465, 0.12203424725703342]
A2: [0.03530737904080329, -0.029273539994511145, -0.07569741082110132, 0.0696633407400573] - [0.10289366219622509, 0.2828966120397903, -0.3926064818227601, 0.0068159033582276115] - [-0.011187202898462126, 0.5390144871658581, -0.3594511128971703, -0.16837657300229703] - [0.09786271760832646, 0.017463234323913498, -0.16885108838236754, 0.053524792520461696]
B1: 6.597275346743033e-09 - -8.815479586570943e-09 - -6.248964463434687e-09 - -3.851246296685558e-09
B2: -1.4885478203475746e-08 - -2.7959091924382274e-08 - 3.0793667021861987e-09 - -2.5736735476814896e-08
