Number: 3508
Error: 7.589826268682619e-11
A1: [0.0662042327211057, -0.11396082985076189, -0.02399289403789041, 0.07171393495909023] - [0.03742433150992942, 0.1882141191426801, -0.14738759333614634, -0.07816565656081739] - [-0.06025504439032888, 0.3289261493102317, -0.12777822856467594, -0.1409933112151945] - [0.03908004715106331, -0.05329052538233071, -0.0373858064762772, 0.05172764070310138]
A2: [-0.009152598066456826, -0.34684988796859273, 0.249410717749481, 0.10641052347503982] - [0.08003773495838308, 0.03628000548539875, -0.05025239963846834, -0.06607426347238188] - [-0.04250642774860119, 0.23077272197441318, -0.04058869109595818, -0.14790713001598738] - [0.06810820023326433, -0.2934971182315837, 0.1417424329336896, 0.08353206024229733]
B1: 7.417744778893937e-06 - -2.725570236364453e-05 - -6.619799093725495e-07 - 4.742201594961725e-06
B2: 4.476379940536303e-06 - -2.6956373039977806e-06 - 1.0572412802020309e-05 - -3.4044304205011697e-06
