Number: 3514
Error: 7.082809174706917e-11
A1: [0.06620716930278049, -0.11395795871626409, -0.023989959226005917, 0.07171686653722052] - [0.03742100803079271, 0.18821094387909826, -0.14739086168213478, -0.07816892370330412] - [-0.06029036122692111, 0.32889222973659044, -0.12781278705598798, -0.14102768390019899] - [0.03903518072214583, -0.053333110327459854, -0.03742921414794387, 0.05168458621668899]
A2: [-0.009139431597882193, -0.34683592018873494, 0.24942399112741093, 0.1064243280770942] - [0.08006353280561797, 0.03630779768769304, -0.05022420394123586, -0.06604582865865682] - [-0.04248512683371617, 0.23079623311988168, -0.04056586508401124, -0.14788357155130896] - [0.06810915389274058, -0.2934960686211935, 0.1417434671523611, 0.08353313016391542]
B1: 1.1909348034642746e-05 - -2.6493887923214547e-05 - -8.968824187325546e-06 - 1.5740210852600613e-05
B2: 5.207948366239927e-06 - -3.1570513052479914e-07 - -2.859432641741247e-06 - -1.4159578453163803e-05
