Number: 9439
Error: 6.276725870593583e-13
A1: [0.053167909293852476, -0.14800591353468262, -0.02700368310126324, 0.12182317886398443] - [0.005315297724637884, 0.13083827381225208, -0.11359916607924313, -0.02254818317588676] - [-0.014449431789495983, 0.22308666376114494, -0.1270461309417735, -0.08161089005017651] - [0.027147464730869257, -0.10001903329983942, -0.04942350151913357, 0.12229912776867351]
A2: [0.08925512908940787, -0.07291270405700899, -0.12362676801928585, 0.10728705917489494] - [0.10884546781822746, 0.2498179208174064, -0.40484162454527084, 0.046193282031603236] - [0.03662723653906513, 0.4625464692147158, -0.3777259336896894, -0.12148205315980118] - [0.14341626210651154, -0.04461675662983055, -0.20150946662301908, 0.10266954036893408]
B1: -8.827657717520045e-07 - -2.7909405175496263e-06 - -8.189114945377231e-07 - -1.0328735577791481e-06
B2: -2.5029438422557495e-06 - -6.998662709926906e-07 - -1.396154849161287e-06 - -1.7225662205662046e-06
