Number: 6956
Error: 1.1824675121257724e-15
A1: [0.08043167506820097, -0.1804678203658416, -0.019588866578220787, 0.1196249621228833] - [0.03741559457367845, 0.13359640074385137, -0.13472617164742676, -0.03628581052555944] - [-0.0017028106596360358, 0.22819012485974427, -0.12282837430428188, -0.10365890187354011] - [0.038863236960217824, -0.11448101602842638, -0.046416438866295436, 0.12203423048245667]
A2: [0.035307388552545484, -0.029273530456472935, -0.07569740177740576, 0.06966335069508281] - [0.10289382922736892, 0.282896780488527, -0.39260632027239306, 0.006816078264186686] - [-0.011187201459647635, 0.5390144886132425, -0.3594511115352283, -0.16837657148626217] - [0.0978627920152946, 0.01746330906932227, -0.16885101755168597, 0.053524870623483385]
B1: 3.86372646540643e-08 - -1.3846436992286052e-08 - 4.3301547590570055e-10 - 1.203909524315019e-08
B2: -9.124780089941477e-10 - 1.2120643240882454e-08 - 1.8204685889782497e-08 - 9.225456800130779e-09
