Number: 5097
Error: 8.910911507180392e-16
A1: [0.06621324517028039, -0.11395201763962383, -0.023983886841457643, 0.07172293153156739] - [0.037402598867929564, 0.18819335676652663, -0.1474089598149206, -0.07818702321474706] - [-0.0602293518255875, 0.32895081885473765, -0.12775309060285875, -0.14096830323099951] - [0.03904616397009283, -0.053322681480022886, -0.037418585717469824, 0.05169512505524965]
A2: [-0.009108692262618142, -0.3468033090315243, 0.24945497290781382, 0.1064565577711384] - [0.08003977690845876, 0.036282204338773986, -0.05025016565909833, -0.066072013347729] - [-0.04245278336507601, 0.23083193092226567, -0.04053120686641068, -0.14784779905552517] - [0.06813479197244063, -0.29346783768742335, 0.1417712549702091, 0.08356187524644987]
B1: -5.7641493831071334e-08 - 4.448740652571468e-09 - -1.0523406773808433e-08 - -1.2844796766085122e-08
B2: 2.1143350032010032e-08 - 5.31660131550373e-09 - -5.362860128727006e-08 - 3.186591399708567e-09
