Number: 6768
Error: 8.319469023653849e-16
A1: [0.08043161342299714, -0.18046788200406433, -0.019588928149718965, 0.11962490048471872] - [0.037415539389311636, 0.13359634560125241, -0.13472622672184023, -0.03628586567935781] - [-0.0017028692930116365, 0.22819006622762097, -0.12282843285180921, -0.1036589604912671] - [0.03886317952887864, -0.11448107329859034, -0.04641649626103879, 0.12203417308681214]
A2: [0.035307446925798736, -0.029273471921768907, -0.07569734627686345, 0.06966341178902348] - [0.1028937409496628, 0.28289669146159646, -0.39260640565344057, 0.006815985824527223] - [-0.01118709698241335, 0.5390145937136472, -0.35945101264524754, -0.16837646139494455] - [0.09786281388738824, 0.017463331040904674, -0.16885099673086904, 0.05352489358206232]
B1: -1.7855263389356126e-08 - -2.0480392735571215e-08 - -1.6130911262775483e-08 - -1.8483025377370382e-08
B2: -2.3057209749744228e-08 - -8.788375018544444e-09 - -8.34615411057292e-09 - -7.963941239644023e-09
