Number: 2770
Error: 3.787736818510686e-09
A1: [0.06344676829547698, -0.047860220483396505, -0.023431799870672416, 0.007867187044250655] - [0.04409712486858973, 0.191690930474983, -0.1421162456843806, -0.09203356112520299] - [-0.12324679666288445, 0.41505968935098403, -0.10465884321580544, -0.18687299503133503] - [0.03732696928590154, 0.01949167407969616, -0.03280863864514759, -0.022729640182008477]
A2: [0.06287878022586518, -0.17424524480727488, 0.08576510399467602, 0.0234037103137592] - [0.029282520206446717, 0.20029137768071084, -0.10171759564836227, -0.1278803420536947] - [-0.09354360679613487, 0.5135508377376203, -0.22573982813521806, -0.1952277704578405] - [-0.025660517456744362, 0.018786122090890606, -0.05002146688895323, 0.0572363405506139]
B1: -7.551829721829325e-05 - 0.00013295697294218682 - 0.00011165262564390103 - 1.743417064343227e-05
B2: -9.435361276853795e-05 - 0.00013961361316504822 - 8.974852625998962e-05 - 1.367027418732899e-05
