Number: 2666
Error: 1.187935667181161e-08
A1: [0.06407462745441422, -0.047235217488885956, -0.02280982021248212, 0.008490573412914326] - [0.0442238046414308, 0.19181308983349252, -0.1419857836887455, -0.09189417316808464] - [-0.12336133676611327, 0.41494723305279363, -0.10476965498118287, -0.18698301438717754] - [0.037413126048039314, 0.0195785365751094, -0.032722092841789854, -0.022643467173419803]
A2: [0.06313976628550243, -0.17398584049890473, 0.08602681050616666, 0.023662351481028174] - [0.02955656503800666, 0.20056121631063464, -0.10144472720111486, -0.12761221581235216] - [-0.09310044558865524, 0.5139861395772027, -0.22529745348464095, -0.19479743216020937] - [-0.025549793409419954, 0.018896936507472123, -0.049913352332289176, 0.057345642032152984]
B1: 7.552009368921368e-06 - 0.00025663649365818754 - -2.9831937581497676e-05 - -3.636172852197498e-06
B2: 0.00017230153990581323 - 0.00018046027967965613 - -1.3248373052859036e-05 - -2.337700553603569e-05
