Number: 6294
Error: 7.515420158823478e-16
A1: [0.08043164554128977, -0.1804678498894061, -0.019588896069828124, 0.11962493259934609] - [0.03741555451429198, 0.13359636071478806, -0.13472621162699516, -0.03628585056275197] - [-0.001702837620926916, 0.2281900978990345, -0.12282840122609921, -0.10365892882763329] - [0.038863205266550065, -0.1144810476331477, -0.046416470539767635, 0.12203419880849053]
A2: [0.03530742913095365, -0.029273489765834854, -0.07569736319596529, 0.06966339316477979] - [0.10289380065441163, 0.28289675167306905, -0.39260634790779986, 0.006816048344141097] - [-0.011186923487141382, 0.539014768243759, -0.35945084842830144, -0.16837627857680504] - [0.09786286586039884, 0.017463383250325593, -0.16885094725595529, 0.053524948136837086]
B1: -4.6287525554649014e-08 - 1.0205268002954374e-08 - 1.466066356506229e-09 - 6.370174610666116e-10
B2: -1.533311270648664e-08 - -1.2846468252605006e-08 - 4.8969613970461695e-09 - -3.6113279446708032e-09
