Number: 9823
Error: 4.200254744489519e-16
A1: [0.053172549520883336, -0.14800127159540702, -0.026999047939427277, 0.12182782136236933] - [0.005313728308523027, 0.1308367027690639, -0.11360073528199645, -0.02254975487260884] - [-0.014444475366291305, 0.22309162204029245, -0.1270411783874842, -0.08160593178822147] - [0.027146441108033072, -0.10002005702587725, -0.049424527427295736, 0.12229810136782719]
A2: [0.08925425912385089, -0.07291357201876629, -0.12362761842221812, 0.10728617840053897] - [0.10884178124169798, 0.24981423356324672, -0.4048452381292829, 0.0461895334132389] - [0.03663601967904663, 0.4625552067105542, -0.3777173644509334, -0.12147317885197464] - [0.14342650684608138, -0.04460654995041829, -0.20149946356969334, 0.10267993723246709]
B1: 4.736180933349667e-08 - 5.641230999143349e-08 - 4.832685951314528e-08 - 2.0602503980701962e-09
B2: 3.061685920804641e-08 - 2.936341584404576e-08 - 4.469120917722848e-08 - 1.6869845155851956e-08
