Number: 3154
Error: 9.620696461468212e-06
A1: [0.058219439113487315, -0.05311932505635047, -0.02843758331201636, 0.0030537893670734635] - [0.037784796374300045, 0.1855959642768295, -0.14857805636956178, -0.09899288045873941] - [-0.13398302320202032, 0.4043185015051407, -0.11521088609317252, -0.19717600779683467] - [0.025107574828053838, 0.00695915337345819, -0.045315995807913116, -0.03473600488207854]
A2: [0.08663128256288374, -0.15084359911698958, 0.10927695877572291, 0.04587137854050345] - [0.02634824856587189, 0.19735072394615724, -0.10464620154407588, -0.1308437145321172] - [-0.10117020839056043, 0.5062307936644164, -0.23336842769233065, -0.20243462059867204] - [-0.044270735584342025, 0.0006938555076686122, -0.06854349994334877, 0.039487564678675986]
B1: 0.007193911413308173 - 0.00039215383301893986 - 0.00459885274428323 - 0.003742211293669261
B2: 0.0034816246860915924 - 0.00011224473297030127 - 0.004709515985273806 - 0.005745733277137358
