Number: 6350
Error: 1.1902099903441773e-15
A1: [0.08043171508426138, -0.18046778035431268, -0.019588826610009356, 0.11962500213437356] - [0.037415633841564176, 0.13359643998201817, -0.13472613245778406, -0.036285771279424235] - [-0.0017027661754564479, 0.2281901693429783, -0.12282832988523604, -0.10365885740123253] - [0.03886328872944374, -0.11448096440448656, -0.04641638713005718, 0.12203428221950825]
A2: [0.03530737304504663, -0.029273546006869985, -0.07569741652170338, 0.0696633344647635] - [0.10289384242927511, 0.2828967938024827, -0.3926063075037067, 0.006816092088543705] - [-0.011186995924129714, 0.5390146953747096, -0.35945091699144344, -0.1683763549062364] - [0.09786281938641002, 0.017463336564940233, -0.16885099149616295, 0.053524899354252135]
B1: -3.181756949904857e-08 - 3.5048496950959036e-08 - 2.4960108918947813e-08 - -1.1520726271402156e-09
B2: -5.935476216054172e-09 - -9.645444045755329e-09 - 2.3782084191277676e-08 - 8.647324702724747e-09
