Number: 8681
Error: 6.6465909434377766e-15
A1: [0.080431686931694, -0.18046780850367972, -0.019588854728928868, 0.11962497398503386] - [0.037415630399787014, 0.13359643654289122, -0.13472613589246807, -0.036285774719176704] - [-0.0017027941647694762, 0.22819014135425175, -0.12282835783357052, -0.10365888538305879] - [0.03886323045843634, -0.11448102251189876, -0.04641644536391492, 0.12203422398476921]
A2: [0.03530769735146099, -0.029273220803502337, -0.07569710817458528, 0.069663673885789] - [0.10289391200632234, 0.2828968639700065, -0.39260624020940404, 0.0068161649454677505] - [-0.011186913641782524, 0.5390147781477123, -0.35945083910883, -0.1683762682031074] - [0.09786300668694582, 0.017463524717337135, -0.1688508131976409, 0.05352509595818705]
B1: 1.1082767456872709e-07 - -2.6041773186669107e-08 - 6.044807104164847e-08 - 8.454143486305536e-08
B2: 6.679554405708269e-09 - -7.64211647087666e-09 - -3.226947535885619e-08 - 6.06619169472712e-09
