Number: 9607
Error: 1.9706316429398274e-14
A1: [0.05317287339906258, -0.14800094760351082, -0.02699872442136813, 0.12182814539543713] - [0.0053137381573738806, 0.13083671262508437, -0.11360072543788195, -0.022549745009331865] - [-0.01444433500875514, 0.22309176244806184, -0.127041038142241, -0.08160579137946962] - [0.02714644675642244, -0.10002005138216666, -0.049424521769839164, 0.12229810702734432]
A2: [0.0892538348080955, -0.07291399535157742, -0.12362803317495842, 0.10728574885446594] - [0.10884271454371561, 0.24981516702820017, -0.40484432331497605, 0.0461904824184796] - [0.036635948302028945, 0.46255513570552126, -0.37771743408932695, -0.12147325096860637] - [0.1434259928779598, -0.04460706200749672, -0.20149996541850537, 0.10267941563810465]
B1: -1.4848140807549477e-07 - 2.1079095450537995e-07 - 5.72942889929674e-08 - -1.7711938403331156e-07
B2: 1.2357046071000852e-07 - 1.9917318208193864e-08 - 6.412500976309183e-08 - -1.9370701067002488e-07
