Number: 1581
Error: 3.3608064548237006e-08
A1: [-0.007016295793436981, -0.014820387517813055, 0.0031753883843201342, 0.01963001722310688] - [0.06608380259133526, 0.1891694747565945, -0.14750306918307027, -0.11068884350141528] - [-0.11276343012257958, 0.4416104808457713, -0.07097466819442322, -0.2582927418474984] - [-0.02359445819491194, 0.015121206579454993, -0.030165680739137328, 0.03867392455568987]
A2: [0.13135504445215726, -0.22485678998135403, 0.02243855007966958, 0.06993237923639209] - [0.03262696849621683, 0.20373020347311588, -0.11490725572189414, -0.12147619002811857] - [-0.09451783261230164, 0.555643451519836, -0.23509937388708108, -0.22553258497234702] - [-0.0209627995691417, -0.019410608227082113, 0.007982182681053407, 0.032048748024392795]
B1: 0.00017301655543620588 - 5.173587247161136e-05 - -2.3489147090862133e-05 - 0.00014101018323485237
B2: -0.00010232682809539694 - 2.7530672041303414e-05 - -0.00022087878125539375 - -8.137057426434657e-05
