Number: 7520
Error: 9.418579746940575e-16
A1: [0.08043172432134207, -0.18046777111828763, -0.019588817383982337, 0.11962501137039289] - [0.03741561466686172, 0.13359642082182435, -0.13472615159428036, -0.036285790443509484] - [-0.0017027713480976929, 0.22819016417044333, -0.12282833505030331, -0.10365886257249064] - [0.038863261972710006, -0.1144809910861379, -0.04641641386975137, 0.12203425547939582]
A2: [0.03530743679134368, -0.02927348208424355, -0.07569735591258046, 0.06966340118221631] - [0.10289378663532696, 0.282896737535006, -0.3926063614668419, 0.006816033664082758] - [-0.011187087774228435, 0.5390146029767473, -0.3594510039294916, -0.1683764516919688] - [0.09786285447576973, 0.017463371813909154, -0.1688509580933273, 0.053524936186615656]
B1: 8.67754191088875e-09 - 1.023483704537933e-08 - 2.480193126306267e-08 - 6.320521982153299e-09
B2: 9.43610173637538e-09 - 2.9912692344247606e-09 - 1.8936676953677557e-08 - 1.2684225425179285e-09
