Number: 4087
Error: 9.296586741672343e-16
A1: [0.06621317208548433, -0.11395208909121984, -0.023983959868865787, 0.07172285856946406] - [0.037402628457919494, 0.1881933850377214, -0.14740893072572267, -0.07818699412295352] - [-0.06022935011274873, 0.3289508204998497, -0.12775308892677598, -0.1409683015641428] - [0.03904615898421153, -0.053322686212570594, -0.03741859054128151, 0.05169512027065494]
A2: [-0.009108541197539578, -0.3468031487754554, 0.24945512519523264, 0.10645671615432765] - [0.08003983273059279, 0.03628226447509923, -0.05025010464886009, -0.066071951819409] - [-0.042452836853135036, 0.23083187188958967, -0.04053126418641517, -0.14784785821125998] - [0.06813481103996955, -0.29346781669316946, 0.14177127564153275, 0.0835618966247538]
B1: 7.395120873275222e-12 - -2.484017616208452e-09 - -1.2389308831550163e-08 - 9.038531121578962e-09
B2: -4.868097361399515e-09 - 1.2448648278400883e-08 - -4.592602403643079e-09 - -5.828760769844155e-09
