Number: 9244
Error: 1.6314319645438178e-08
A1: [0.05268666850902497, -0.14848802673444483, -0.02748482192165408, 0.12134196605741128] - [0.004042366285919143, 0.12956416099764023, -0.11487180664389553, -0.02382264460309601] - [-0.015287864062812673, 0.2222477756366218, -0.12788393557807867, -0.08244926743717577] - [0.026721421095412274, -0.10044596548862024, -0.04985115425960444, 0.1218724798787132]
A2: [0.08905415872763217, -0.07311219878302104, -0.12382256679690226, 0.10708369984214397] - [0.10901214022315961, 0.24998423995499872, -0.40467839183565335, 0.04636298270604869] - [0.036677724013598666, 0.4625965257871519, -0.3776766211077694, -0.12143061751091629] - [0.14292239467644174, -0.045107839090844315, -0.20199096247912732, 0.10216829265279513]
B1: -4.0221429753684726e-05 - -5.725289477610385e-05 - -0.00026701114036626076 - -7.375822621483412e-05
B2: -8.422610622298957e-05 - 0.0002458272007343071 - -7.946423953186129e-05 - -0.00015418148023052782
