Number: 9083
Error: 7.809430357249361e-05
A1: [0.025451445277070703, -0.1781880984925152, -0.05547956876131223, 0.09219657794874557] - [-0.027115544605025202, 0.09662141739423848, -0.14770824953467374, -0.056876199071594934] - [-0.02688816073229904, 0.21287435664846546, -0.13451562021759456, -0.09007789748748486] - [-0.0003786805715887276, -0.12872411530615882, -0.07673286404616629, 0.09382485297851803]
A2: [0.14541445128352815, -0.017053825343503477, -0.062181354198519945, 0.16499386923329232] - [0.09598113037311624, 0.23565215605379014, -0.41634982909623064, 0.03241387589263619] - [0.012088871646753433, 0.43906276590474774, -0.4047093582346431, -0.14679805303333177] - [0.11345528695259476, -0.07460595846040413, -0.23332394661002614, 0.07177659755841127]
B1: 0.01583982303548135 - 0.005386417562592996 - -0.011335708498996719 - -0.007314588295211144
B2: 0.0032414904136499043 - 0.0013491290987284576 - -0.019899983106101787 - 0.0010776356704386503
