Number: 5466
Error: 4.971929217236092e-14
A1: [0.06621322642967717, -0.11395203596181136, -0.023983905567744275, 0.07172291282212688] - [0.037402780754130824, 0.18819353054631527, -0.1474087810070044, -0.07818684439093707] - [-0.06022986412354378, 0.32895032681868, -0.12775359190912644, -0.14096880184047908] - [0.039046184329711776, -0.053322662155808116, -0.03741856602061346, 0.051695144592341265]
A2: [-0.009108089242198353, -0.34680266932304005, 0.24945558080548152, 0.10645719000339089] - [0.0800413680051713, 0.03628391840291007, -0.05024842668334017, -0.06607025960693311] - [-0.04245205179316157, 0.2308327383263244, -0.04053042288772328, -0.14784698996852116] - [0.06813547992256672, -0.293467080228245, 0.14177200077100555, 0.08356264656116595]
B1: 6.267567737211149e-08 - -1.7117517031046262e-07 - -9.999792338571231e-08 - -1.213357198760001e-07
B2: 2.2193382966449507e-08 - -8.810378982265458e-08 - 2.764527538050132e-07 - 9.672893728632054e-08
