Number: 8151
Error: 8.7607860195837e-16
A1: [0.08043165896996388, -0.1804678364622845, -0.019588882657257393, 0.11962494602645916] - [0.03741565417936744, 0.1335964603044671, -0.1347261121603776, -0.03628575095282298] - [-0.0017028131221775305, 0.22819012239724934, -0.12282837676322315, -0.10365890433542313] - [0.03886323240855333, -0.11448102056732992, -0.046416443415072985, 0.12203422593361406]
A2: [0.03530748564440478, -0.029273433096029377, -0.07569730946360405, 0.069663452312148] - [0.10289375878947137, 0.2828967094528192, -0.3926063883989784, 0.006816004505389075] - [-0.011187198776556918, 0.5390144913123105, -0.35945110899578964, -0.16837656865881534] - [0.09786267452286192, 0.017463191042447097, -0.1688511293970772, 0.0535247472948916]
B1: 2.5447955626499217e-08 - -1.1169682317533674e-08 - -3.394128622430259e-09 - 3.2506173501330266e-08
B2: -1.6030266850741185e-08 - 4.748677053050489e-08 - 2.07890402867035e-09 - 4.766436524762085e-09
