Number: 3275
Error: 6.0857484573647494e-05
A1: [0.07033513111144947, -0.11036471393432425, -0.0229294376932516, 0.07342573731263953] - [-0.015833873954070928, 0.13364827121981956, -0.19848320002892328, -0.1295040032071848] - [-0.06346386796632708, 0.3274576361399893, -0.1283765905127264, -0.1418820162302298] - [0.07754734278124152, -0.01407775143793661, -0.0007674662390009966, 0.08845333247429177]
A2: [0.02442123751792831, -0.3170096477607309, 0.2836813122404265, 0.1404635053600134] - [0.06758650292939816, 0.026095186103190827, -0.0656514403521056, -0.08183608966009813] - [0.016507220074801265, 0.28566031304691825, 0.014616949090675471, -0.08793286444630324] - [0.11424111145255952, -0.25097710032012693, 0.18450906692444566, 0.13058931771691132]
B1: 0.022303436705522827 - 0.0016156298259554268 - -0.0101419590051118 - -0.011222994421156943
B2: -0.005909680110239077 - 0.010273753871540852 - 0.004559214454124807 - -0.010886121333693898
