Number: 3566
Error: 2.568070187738027e-12
A1: [0.06620546443680707, -0.11395962463652695, -0.02399166176963048, 0.07171516389343846] - [0.03739950676675657, 0.18819040240948395, -0.1474119996813124, -0.0781900630509905] - [-0.06022685224187222, 0.3289532196515949, -0.12775064401035985, -0.14096587085716925] - [0.03904851545264444, -0.053320449451362065, -0.037416310876217614, 0.05169738145742845]
A2: [-0.009105411650517717, -0.3467998287017609, 0.2494582802169225, 0.10645999725377585] - [0.08005004132909584, 0.03629326217470414, -0.05023894723028108, -0.06606069971467965] - [-0.04246555500503111, 0.23081783526780905, -0.040544894167223566, -0.14786192403601797] - [0.06816895461010554, -0.2934302231200088, 0.1418082912594955, 0.08360017829093724]
B1: 1.953462548865541e-06 - -1.0620041774795909e-06 - -3.413596102186932e-06 - -8.035841804077003e-07
B2: 3.2704170646997294e-07 - -1.1416148020492144e-06 - -4.737814688252733e-06 - -2.30784249951888e-06
