Number: 8497
Error: 1.430354165957927e-15
A1: [0.080431693296721, -0.18046780213937755, -0.019588848371538643, 0.11962498034931762] - [0.03741559167937356, 0.13359639785174757, -0.13472617453582175, -0.036285813418191544] - [-0.0017028340299515621, 0.22819010148991692, -0.12282839764039573, -0.1036589252376128] - [0.03886325709316, -0.11448099595193235, -0.04641641874616455, 0.12203425060292493]
A2: [0.03530726687419062, -0.02927365247128677, -0.07569751746804018, 0.0696632233459081] - [0.1028937002519183, 0.2828966504185169, -0.39260644501577696, 0.0068159432081109465] - [-0.011186848307185937, 0.5390148438720177, -0.35945077726812175, -0.16837619935787015] - [0.09786277919304967, 0.017463296188748628, -0.1688510297576792, 0.053524857164339565]
B1: -4.36698014256864e-08 - 4.469726537990767e-08 - -7.223558956467292e-08 - 2.6302487538164103e-08
B2: -1.706852290448055e-08 - -4.6692242378540146e-08 - -1.0911805994686221e-08 - -1.86247649374204e-08
