Number: 3116
Error: 1.0969258394131296e-06
A1: [0.06356306636026146, -0.04791876599465776, -0.02352388282689666, 0.007841777764703958] - [0.04297846915072568, 0.19052097375415245, -0.14334929585644463, -0.09335552297017902] - [-0.12300722213505619, 0.4151090275893405, -0.10462000922415916, -0.18678796757730265] - [0.03523146992628759, 0.017172171947891404, -0.03519167167360062, -0.02487206102075606]
A2: [0.061480325954350414, -0.1755281110125001, 0.08433410885560036, 0.02195177050151399] - [0.02801615475532214, 0.1990467918268776, -0.10294705897262865, -0.12910962735232256] - [-0.09025491466243916, 0.5167908571095633, -0.22246359055208872, -0.19200826616516253] - [-0.034504883584884474, 0.00997167243443638, -0.05890919377352635, 0.048510075504641606]
B1: -0.00863923371422668 - -0.0006421467443030963 - -0.001145483902783317 - 0.002690900362112119
B2: -0.0011783151448676059 - -0.0008572050886388185 - -0.0013209959976658277 - -0.0017850610147402979
