Number: 5305
Error: 1.713903269064297e-15
A1: [0.06621321771706522, -0.11395204447932306, -0.023983914273107396, 0.07172290412443012] - [0.037402614532649814, 0.18819337173317338, -0.1474089444152545, -0.07818700781372402] - [-0.060229437594588, 0.32895073647791956, -0.127753174531552, -0.14096838670823061] - [0.039046163658650386, -0.05332268177555946, -0.03741858601875911, 0.05169512475637171]
A2: [-0.009108542109799589, -0.3468031497431936, 0.24945512427520697, 0.10645671519788162] - [0.08003983227161693, 0.03628226398070821, -0.05025010515030555, -0.06607195232523594] - [-0.042452790369297826, 0.23083192319194284, -0.040531214372445154, -0.14784780680192333] - [0.06813481899372376, -0.2934678079359857, 0.1417712842636464, 0.08356190554214876]
B1: -5.601620140133698e-08 - 1.9009352672757673e-08 - 1.0650998497962315e-08 - 5.570800828000888e-09
B2: 1.4268478538610602e-08 - 6.99232691333575e-09 - 5.4252478542800115e-08 - 7.949690154236162e-09
