Number: 385
Error: 2.096368832222096e-11
A1: [-0.012076957681415442, -0.014438659240192149, 0.018171771274175165, 0.008664779930303885] - [0.06582929654497413, 0.189489548030477, -0.1453287109058225, -0.11001517318722374] - [-0.09628078965351544, 0.42179796415347265, -0.05344400070114159, -0.2720214219152829] - [-0.0013143196724431404, -0.01821233817979483, -0.003827464419073909, 0.023385043285412684]
A2: [0.16160483920559005, -0.16773700070569272, 0.008519084642639415, -0.0023154092622632823] - [0.035482463784529863, 0.20751351369665777, -0.11721367106511296, -0.12579521920590195] - [-0.08618581336275515, 0.5815652804116308, -0.23536174753259717, -0.2599085310709559] - [-0.0038126112749230744, -0.00449730733476616, 0.0011323828790920608, 0.007264780007325298]
B1: 2.757195350376943e-06 - -4.794041955801682e-06 - 4.560011411411327e-06 - -2.0308673000672543e-06
B2: -6.807923732547609e-06 - -1.857420626144298e-05 - 1.473171049622371e-05 - 2.6811068787119712e-06
