Number: 2176
Error: 0.0002584267357450986
A1: [0.01268076340567088, -0.08260349596275912, -0.04596636540411608, 0.0029240514111738385] - [0.04790458222809102, 0.1770250476494496, -0.1660203399767408, -0.11350694864713941] - [-0.028629525257303747, 0.49043628280872587, -0.023458293889255282, -0.13580169712785575] - [-0.01888106561032745, 0.011546400860778315, -0.02545135026227615, -0.0357083745365562]
A2: [0.037516257900821325, -0.26087790608062367, 0.03015560605541677, 0.0074818140315032755] - [0.036870884155461324, 0.20390004305118808, -0.09511127157848545, -0.12534085143211435] - [-0.06256062408589688, 0.5714193069102458, -0.1782668768508743, -0.16593456959683764] - [-0.0130876863351393, 0.0788039372210939, 0.013985262389468851, 0.09577703384461209]
B1: -0.038326582234389256 - 0.01226371089074862 - -0.002189526676907654 - -0.027320589407512644
B2: -0.008100979948107677 - -0.0011343409261447288 - -0.04355833571658113 - 0.030015373712802138
