Number: 4643
Error: 1.0499291032449668e-15
A1: [0.066213207202375, -0.11395205475909315, -0.023983924779564455, 0.0717228936273842] - [0.0374026147204483, 0.188193371912502, -0.14740894423071105, -0.078187007629151] - [-0.06022940750131496, 0.3289507653812536, -0.1277531450838852, -0.14096835741902836] - [0.039046089835174734, -0.05332275184619884, -0.03741865744064055, 0.051695053914474806]
A2: [-0.00910865419787778, -0.346803268651066, 0.24945501128045686, 0.1064565976796286] - [0.08003979292325018, 0.0362822215912316, -0.05025014815594769, -0.06607199569594384] - [-0.042452902154282664, 0.23083179981935864, -0.04053133416545853, -0.14784793043163527] - [0.06813465949426575, -0.29346798355145826, 0.14177111135124948, 0.08356172671421919]
B1: 1.0792994752506655e-09 - 9.78913294894341e-09 - -6.358419269826865e-09 - -1.5862715416263337e-08
B2: -5.6841729313265726e-09 - -1.7169521800465475e-08 - 1.9499080192470688e-08 - -4.12240532191587e-08
