Number: 3599
Error: 2.159173126308346e-12
A1: [0.0662117310640173, -0.11395349793869475, -0.023985399855890467, 0.07172141994127128] - [0.03740516339554419, 0.18819580699344438, -0.14740643868703548, -0.07818450183826708] - [-0.06022316447842443, 0.3289567614713818, -0.1277470358997037, -0.14096228130475183] - [0.03904993727983908, -0.053319100017388, -0.03741493521020231, 0.0516987459051634]
A2: [-0.009103618545627605, -0.3467979265612438, 0.249460087695125, 0.10646187726892117] - [0.08004776132147307, 0.03629080588419635, -0.05024143914261454, -0.06606321273484594] - [-0.04245294045529142, 0.23083175745555784, -0.04053137532072962, -0.14784797284782303] - [0.06813827232968576, -0.29346400567023767, 0.14177502807868783, 0.0835657774341038]
B1: -7.126505910785709e-07 - -1.7119934210142027e-06 - 4.0461429903810085e-06 - -2.3000557402019566e-06
B2: 7.325681694736039e-07 - 1.356847985927643e-07 - 4.444606026113715e-07 - -4.116800119785678e-06
