Number: 950
Error: 8.96027922826612e-07
A1: [-0.011604104394920782, -0.01395324480416026, 0.018694365569467963, 0.00917005302109425] - [0.06571783515793655, 0.1893822847127686, -0.1454439486153597, -0.1101392912531903] - [-0.09545898317227866, 0.42259188555184174, -0.052552332829160914, -0.2710639784437915] - [-0.0006041912039427074, -0.01752962406703368, -0.0030716066786733473, 0.024206003056947988]
A2: [0.16207747614232745, -0.16727306797131203, 0.00898235404301413, -0.001854341484599789] - [0.035562459682658296, 0.20759223834377652, -0.11713395919308184, -0.12571689952348397] - [-0.08618245850510935, 0.5815687229489009, -0.2353583471739835, -0.2599050701342035] - [-0.004355885360688491, -0.005031451348012156, 0.0005947027489940343, 0.0067450191806770286]
B1: 0.00014495691149687197 - 0.0004533743365856541 - 0.00037051770053075326 - 0.0004109227714231683
B2: -0.0006317707981847771 - -0.0004119683171352656 - -0.0007164288242249437 - -0.000569820974950167
