Number: 99
Error: 0.00039804316104657885
A1: [-0.007657015624438608, -0.009423945679055011, 0.023511775399346787, 0.012390619950569046] - [0.10936767342213682, 0.23361416950094116, -0.10262073559725236, -0.06559523449127021] - [-0.10010995391369834, 0.4209222842640545, -0.05732123311668777, -0.27828571879355135] - [-0.002926923101303677, -0.01655084780021831, -0.004848351705258316, 0.019632460084730574]
A2: [0.25644977775571887, -0.07538160944238366, 0.10135718077117079, 0.08966754480037656] - [0.08704555887513091, 0.25592133087260655, -0.06908658910025, -0.07836208896146654] - [0.01215185973076974, 0.6789490047349547, -0.13991960102211065, -0.164599583147887] - [0.14944551502815973, 0.14886286301080165, 0.15331125087222375, 0.15410155643864287]
B1: 0.0011832404304099391 - 0.2881014443255685 - 0.0011435177520277484 - -0.013870541460617593
B2: 0.015599853822302593 - 0.31194184861506297 - 0.013619989552271465 - 0.013355748805532296
