Number: 4618
Error: 9.411299879542249e-16
A1: [0.06621317999738288, -0.1139520813561527, -0.023983951963209047, 0.07172286646804275] - [0.03740261874948593, 0.18819337576197126, -0.14740894026986037, -0.07818700366795152] - [-0.060229517697907554, 0.3289506595434889, -0.12775325291578135, -0.1409684646709231] - [0.03904614317171133, -0.05332270122114351, -0.03741860583930899, 0.05169510509682384]
A2: [-0.009108685146459879, -0.3468033014826408, 0.24945498008151712, 0.10645656523176245] - [0.08003987066394318, 0.036282305340194616, -0.0502500631898403, -0.06607191000837219] - [-0.04245277265169512, 0.2308319427462637, -0.04053119538548309, -0.1478477872068514] - [0.0681347890117379, -0.29346784094726924, 0.14177125176052435, 0.08356187192699809]
B1: 5.004805016846997e-08 - 1.272908167518572e-08 - 1.2875284549365938e-08 - 6.4995158808810484e-09
B2: 1.429798377721656e-08 - 2.0401041376633797e-08 - -2.4690923772008047e-09 - 1.8528483059549464e-08
