Number: 1930
Error: 2.7663446504917146e-06
A1: [-0.004527588527644277, -0.012215648324887623, 0.005764772011092826, 0.022154221376334236] - [0.07656018833688767, 0.19924755319051746, -0.13666497873363953, -0.09908556909883462] - [-0.1153085187663349, 0.4389677783836328, -0.07383375225829862, -0.2611564376326272] - [-0.027442532057174854, 0.011244669864421854, -0.03431459402231645, 0.03454109457259537]
A2: [0.1357614209700564, -0.2206128605729315, 0.026567185894856963, 0.07407533415201689] - [0.029865426267040376, 0.20104472270816062, -0.11764246393798251, -0.1241567904613244] - [-0.09055103594095618, 0.5594950981112682, -0.23124165366197627, -0.22161131874179685] - [-0.01788913369910654, -0.016514980538939694, 0.010899041330339622, 0.034885783777238145]
B1: -0.00016447653295126237 - 0.002750266983782355 - -0.0007723269526168112 - 5.507928784572239e-05
B2: 0.0006334928982018801 - 0.0012668350945094081 - -0.001733927159185899 - -0.0022278484922671456
