Number: 4652
Error: 1.738243437921599e-15
A1: [0.06621320135498954, -0.11395206047580843, -0.02398393062236019, 0.07172288778981255] - [0.037402606603744074, 0.18819336415754112, -0.14740895221005385, -0.07818701560919977] - [-0.06022959054908579, 0.3289505895738685, -0.12775332420368418, -0.14096853557544103] - [0.039045950886865424, -0.05332288373076481, -0.0374187918685349, 0.05169492057809285]
A2: [-0.00910875468951917, -0.3468033752568773, 0.24945490997573608, 0.10645649231971205] - [0.08003976246456515, 0.03628218877851611, -0.05025018144553919, -0.06607202926820376] - [-0.042452942710833344, 0.23083175505869472, -0.040531377627422815, -0.147847975285586] - [0.06813460411853713, -0.29346804452246533, 0.1417710513186823, 0.0835616646278982]
B1: 2.4586002174762968e-08 - 1.5365086751635673e-08 - -2.755608235698881e-09 - -1.1045434393642297e-08
B2: 1.465354422355602e-08 - -1.0839092732459871e-08 - 9.99119319593428e-08 - -2.7366297984442484e-08
