Number: 250
Error: 1.3286967062308344e-07
A1: [-0.0091450189404357, -0.011431109883611509, 0.021410040371911774, 0.011796806173506947] - [0.06638630231823872, 0.19002493731535558, -0.14475273636986474, -0.10939434261454607] - [-0.09380380277705813, 0.4241910170643175, -0.0507513739418083, -0.2691339262706291] - [0.0003126507281459106, -0.016649090339489702, -0.0020925164348482134, 0.02526660725336276]
A2: [0.1614780888402791, -0.16785904349168437, 0.008397884116234182, -0.0024384961196466637] - [0.03655415885506569, 0.20856858959781385, -0.11614584467696895, -0.12474668368610353] - [-0.08670178619074198, 0.5810587480889823, -0.23587058468329739, -0.2604162756907342] - [-0.004433118513484999, -0.005107122815340508, 0.000516389844369797, 0.006669408973718921]
B1: 0.00012751233932875415 - 8.320889055893663e-05 - 0.00030104359059346944 - 0.0004110702660125046
B2: -0.0008322160022602375 - 0.0022434006280813157 - -0.00013883718987808553 - -0.00022722168986070664
