Number: 2977
Error: 3.824833038135517e-08
A1: [0.0629265766519684, -0.04837687877631118, -0.023945996333421912, 0.007350499747124091] - [0.04393668981772224, 0.19153668309449964, -0.1422806153474368, -0.09220798835427423] - [-0.12285094872236417, 0.41545887432471057, -0.10425837539425255, -0.1864724887161498] - [0.037842117655093634, 0.02001095497574026, -0.0322936132348503, -0.02221541745798104]
A2: [0.0634791778725997, -0.1736496136531505, 0.08636389215418962, 0.023995059114445466] - [0.029477261590663596, 0.20048326707310404, -0.1015237944702082, -0.12768993422739505] - [-0.0927543229462282, 0.5143256543344014, -0.22494673197017404, -0.19446058268331387] - [-0.025029047230653353, 0.019412047999043076, -0.04938952546301179, 0.05785292481881542]
B1: 8.312611742576257e-05 - 0.0003486963567550544 - 0.0002500242757148035 - 0.0004259906058300615
B2: 5.421197433672255e-05 - 0.0002939361417153469 - 0.00025716515629271825 - -2.2263355307558237e-06
