Number: 718
Error: 3.180621667738067e-14
A1: [-0.01215339100488183, -0.014517167190679702, 0.018087286527812718, 0.008583100369802615] - [0.06583511069957716, 0.1894951409210548, -0.1453226992112075, -0.11000869961906126] - [-0.09629352501158805, 0.4217856540467611, -0.05345782261945004, -0.27203625963395733] - [-0.0013218515178985745, -0.018219582689598068, -0.0038354846446076694, 0.023376337578984403]
A2: [0.16158660790673401, -0.16775488404327868, 0.008501223263127557, -0.0023331795559057475] - [0.03548561132385234, 0.20751661137442187, -0.1172105359480745, -0.12579213931378716] - [-0.08621371739218611, 0.5815379526065393, -0.23538889468856453, -0.259935736591336] - [-0.0038348536655225625, -0.0045191780627820925, 0.0011103693484509666, 0.00724350148303547]
B1: 4.4786296466585985e-08 - 2.1014157021194602e-07 - 2.1703123317610795e-09 - 9.926669847174824e-08
B2: -4.35791984803711e-08 - -2.5295714766207863e-07 - -8.593558652413475e-08 - 9.11956719413801e-08
