Number: 601
Error: 4.175928780109988e-14
A1: [-0.012153848414073165, -0.01451763699879542, 0.018086780953146153, 0.00858261157537181] - [0.06583518579694941, 0.18949521316166787, -0.14532262156720802, -0.11000861600582792] - [-0.09629381738159966, 0.421785371480839, -0.05345813987342354, -0.2720366002589468] - [-0.0013221817264270084, -0.018219900256937097, -0.0038358361391821203, 0.02337595591272153]
A2: [0.1615866136225361, -0.16775487843174064, 0.008501228870141628, -0.00233317398285915] - [0.035485768822285206, 0.2075167663419032, -0.11721037910978332, -0.12579198523960733] - [-0.08621366521426953, 0.5815380037183019, -0.23538884391177922, -0.2599356857088652] - [-0.003834577920700039, -0.004518906899438503, 0.0011106422745255022, 0.007243765297693122]
B1: 7.624317163501315e-08 - 1.3900898372437357e-07 - 6.449425033096664e-08 - 1.5303990394329934e-07
B2: -2.452306657279774e-07 - 8.835064207911275e-08 - 1.1750204540504315e-06 - -2.657228039883823e-07
