Number: 8256
Error: 1.0559422428970254e-15
A1: [0.08043169704640986, -0.18046779839015023, -0.019588844626351173, 0.11962498409854608] - [0.0374155938954157, 0.13359640006614848, -0.13472617232418746, -0.03628581120335919] - [-0.0017028333452537743, 0.22819010217460098, -0.12282839695669175, -0.10365892455310799] - [0.038863247113062174, -0.114481005904085, -0.046416428719942684, 0.12203424062897832]
A2: [0.03530738937224216, -0.02927352963444823, -0.07569740099812886, 0.0696633515530696] - [0.102893756527201, 0.2828967071713531, -0.39260639058701474, 0.006816002136462474] - [-0.011187193000286418, 0.539014497123032, -0.3594511035284345, -0.16837656257214206] - [0.09786266203274656, 0.01746317849552487, -0.1688511412869016, 0.05352473418439002]
B1: -1.2391740491810675e-08 - 1.3649210397318108e-08 - -3.052660489257899e-08 - -4.877679002258266e-08
B2: -7.76366792021496e-09 - -1.808895728380656e-08 - -1.4399880748594317e-08 - -1.1780518947670978e-08
