Number: 7575
Error: 8.969861092519257e-16
A1: [0.08043172066015156, -0.18046777477906364, -0.01958882104079574, 0.11962500770962019] - [0.037415614838455076, 0.1335964209932878, -0.13472615142302855, -0.03628579027201104] - [-0.0017027714525944264, 0.22819016406594825, -0.12282833515464851, -0.10365886267696045] - [0.03886325934605657, -0.11448099370541988, -0.046416416494730876, 0.12203425285437502]
A2: [0.03530742146407818, -0.02927349745390189, -0.07569737048555893, 0.06966338514058104] - [0.10289373850392278, 0.28289668899511056, -0.3926064080189232, 0.006815983263493927] - [-0.011187139682733148, 0.5390145507586347, -0.35945105306205793, -0.16837650638973103] - [0.09786277582601838, 0.017463292806412706, -0.1688510329628515, 0.05352485363003907]
B1: 9.000224517576048e-09 - 9.877191471159482e-09 - 1.892955170547639e-08 - 1.5275034381396424e-08
B2: 1.7298415360081965e-08 - 1.2596853651837824e-08 - 2.5886588387497734e-08 - 1.1388973500751834e-08
