Number: 2145
Error: 0.0002847279552993018
A1: [-0.08961228974545676, -0.1716522767965679, -0.12122265020548474, -0.089158306540771] - [0.07344600633285175, 0.2003746910920513, -0.14575900109940285, -0.08961500108260545] - [-0.2975730436856367, 0.22148810926025156, -0.2645096372696207, -0.4038432248288385] - [0.017997923255984906, 0.03570721106521078, -0.006211766537767532, 0.007209559108635119]
A2: [0.23074311860750377, -0.08054663245593546, 0.2065414657318953, 0.17050164425106362] - [0.04468056392902764, 0.21126608901080993, -0.08166006182636433, -0.12187902948286457] - [-0.11050664789073088, 0.5471373360780112, -0.23729661057237028, -0.20785559682010463] - [0.10081698243102713, 0.16417993026771338, 0.13717264989575711, 0.14921645932493552]
B1: 6.819414718420985e-06 - -0.00018566125266203468 - -0.05959438404317299 - -0.0059053681244762984
B2: -0.03140089449569421 - 0.024519945379523914 - 0.027017535445166975 - -0.031206589315072794
