Number: 3710
Error: 1.8023000298687092e-15
A1: [0.06621292445160278, -0.11395233119125406, -0.0239842073084399, 0.0717226113511565] - [0.037402704379916024, 0.18819345757593736, -0.1474088560886425, -0.07818691947921942] - [-0.060229645657456844, 0.3289505366456798, -0.1277533781293394, -0.14096858921121228] - [0.03904614208481015, -0.05332270225298483, -0.03741860689083637, 0.05169510405387691]
A2: [-0.009108546775011637, -0.3468031546923901, 0.24945511957266345, 0.10645671030653092] - [0.08004012275241466, 0.03628257691189438, -0.050249787671382606, -0.06607163215026983] - [-0.04245315523946191, 0.23083152049823577, -0.04053160538196574, -0.14784821033506929] - [0.06813462751122033, -0.2934680187666541, 0.14177107667857283, 0.08356169085470351]
B1: -4.995967790761418e-08 - 2.5789387619734483e-08 - 1.2553482649229449e-07 - -4.0848082944033595e-08
B2: 8.474736672525255e-08 - 8.301901481480121e-08 - -2.5389004722693094e-09 - -8.890154230860203e-08
