Number: 2884
Error: 1.4212676920743815e-09
A1: [0.06345305803073899, -0.04785367377387313, -0.023424977392376173, 0.007873318350899421] - [0.04379332812234255, 0.19139769739808893, -0.14242891863052676, -0.09236732502406836] - [-0.1233418279189504, 0.41496272889015745, -0.1047565808722126, -0.1869716590112356] - [0.03699519756035932, 0.01915748426801684, -0.03314239572169567, -0.023062300902344905]
A2: [0.06403509484975763, -0.1730953036139417, 0.08691329213515678, 0.024541050368778447] - [0.029365084546482338, 0.2003728279280896, -0.10163537965418204, -0.1277996973881132] - [-0.09329748694930143, 0.5137925949766959, -0.22549340955955152, -0.19498932253037476] - [-0.025985430781562745, 0.018462498478362076, -0.050345612532670087, 0.05692073105502174]
B1: 7.428218644755789e-05 - -0.00011055432256211318 - -0.00020264822152192118 - 5.163862152902182e-05
B2: -0.00010319717420548898 - 1.4138583028815475e-05 - -5.132026773180052e-06 - -3.6450787570698116e-06
