Number: 8954
Error: 0.0027911015946520787
A1: [0.03020782885730773, -0.2307599925061576, -0.06479188620761228, 0.07729413535556101] - [-0.014615457135135873, 0.09124042475290936, -0.1594793736219728, -0.06331797646606016] - [-0.029774702671802725, 0.19946981457458823, -0.15336376443638547, -0.13188382121788442] - [0.026118868521683672, -0.13493021714014738, -0.06479949524799082, 0.10384590174388938]
A2: [-0.14480104751067255, -0.19834768430307984, -0.27234605053160066, -0.09271387151008167] - [0.023954120428247606, 0.20038286728730464, -0.47951559523384124, -0.052461541312272604] - [-0.16837591854690653, 0.35748431887865334, -0.5149653170500902, -0.30612523604467745] - [-0.03034719488751378, -0.12848635827479657, -0.2965340616135026, -0.050988931702454415]
B1: 0.055083722985082725 - 0.06124471156540473 - 0.03965963830490115 - 0.03062294455450781
B2: 0.07488176038084329 - 0.0836122771876605 - 0.0857744095182893 - 0.06970267312743447
