Number: 1465
Error: 3.4112472446130373e-09
A1: [-0.007537482174189367, -0.015347010314595774, 0.0026332783252436104, 0.01909526378672718] - [0.06674614816749108, 0.18980688219433747, -0.14681842268783094, -0.10995201348414299] - [-0.1125473342139738, 0.44182251954283863, -0.07074986536387896, -0.25805868586212977] - [-0.023338387143451725, 0.015374415032456828, -0.029903242955562345, 0.03894435898918233]
A2: [0.13159068802034576, -0.224623925632128, 0.02267113724207906, 0.07016493618896519] - [0.032674930314480516, 0.20377746005648326, -0.11485972208138215, -0.1214294140197948] - [-0.09448632080353196, 0.5556742184935232, -0.23506837157830146, -0.22550111377413778] - [-0.02074214650065733, -0.019191762810975163, 0.008202632192889598, 0.03226339578193896]
B1: -2.0268266235012165e-05 - -9.622049144616452e-06 - 3.374936123196137e-05 - 4.7215018377531154e-05
B2: -0.00011215698046758582 - 4.4637912166135797e-05 - 2.4380124996149428e-05 - 0.00010087879893082462
