Number: 9664
Error: 1.766827239113084e-14
A1: [0.053172144538339856, -0.14800167672751582, -0.02699945247635286, 0.12182741618477383] - [0.005313668158211748, 0.13083664255401128, -0.11360079542569028, -0.02254981510725678] - [-0.014444182876058925, 0.2230919146363428, -0.1270408861304186, -0.08160563919351813] - [0.02714640273924627, -0.10002009539570225, -0.04942456587824798, 0.12229806290140317]
A2: [0.08925344789995968, -0.07291438136781997, -0.12362841136945782, 0.10728535717320897] - [0.10884149510022556, 0.2498139473713449, -0.4048455186024802, 0.04618924245781067] - [0.03663525762066294, 0.46255444861801576, -0.37771810795191263, -0.1214739488135125] - [0.14342555143983285, -0.04460750179971636, -0.20150039644229703, 0.10267896765048898]
B1: -1.3454712768609436e-07 - 1.0497136156082583e-07 - 8.799201023276597e-09 - -1.6804297235267556e-07
B2: -2.440437317182431e-07 - -7.883107937178356e-08 - 1.2613653185512473e-08 - -7.103704621092741e-08
