Number: 396
Error: 3.8890002949287323e-11
A1: [-0.012166138620045487, -0.014530257527316352, 0.01807319822021444, 0.008569479739825166] - [0.06582083846686351, 0.18948141171247238, -0.1453374555670122, -0.11002459041174105] - [-0.09628704173621043, 0.42179192106168284, -0.05345078568809248, -0.2720287060100255] - [-0.0012949400620520168, -0.018193700577816132, -0.003806835880487161, 0.023407442938642012]
A2: [0.1615705932103469, -0.167770599711541, 0.008485530258741334, -0.0023487928354806098] - [0.0354824988857203, 0.20751354868859198, -0.11721363576314808, -0.12579518460009223] - [-0.08623776653816571, 0.581514394371603, -0.2354122980016247, -0.259959191276628] - [-0.003834872412169467, -0.00451919709801136, 0.001110350330255826, 0.00724348280846943]
B1: -1.8256332058900648e-06 - -1.2955660719422164e-05 - -7.919531425366098e-06 - -3.3318132668662886e-06
B2: -4.021319533181957e-06 - -2.1185503855064125e-05 - -8.883701240065064e-07 - 7.686263993047294e-06
