Number: 5202
Error: 1.3567073357065693e-15
A1: [0.06621315523092125, -0.1139521055691553, -0.023983976710229657, 0.07172284174314736] - [0.037402554383802106, 0.18819331426495484, -0.14740900354622663, -0.07818706694992318] - [-0.06022919783559079, 0.32895096675372526, -0.12775293991724002, -0.14096815335576657] - [0.03904604333156306, -0.05332279598568625, -0.03741870243132394, 0.05169500928904265]
A2: [-0.009108550867774394, -0.34680315903403885, 0.24945511544650112, 0.10645670601566386] - [0.08003974779056827, 0.03628217297050809, -0.05025019748321783, -0.06607204544209745] - [-0.04245286034974005, 0.23083184595747486, -0.04053128936607484, -0.1478478841973552] - [0.06813474850069941, -0.29346788555156594, 0.1417712078426706, 0.08356182650681662]
B1: 4.9528620399813105e-09 - -2.3355979747052567e-08 - -2.0303127206906833e-09 - 6.91944173353064e-10
B2: -1.6502013695770404e-08 - -8.725660416575183e-10 - -4.334956395104999e-08 - 6.929259843803689e-09
