Number: 1112
Error: 2.0789358956302645e-06
A1: [-0.010228335704328054, -0.01802746338551134, -8.219980826016304e-05, 0.016241697331219364] - [0.06203219242905338, 0.18523340176692263, -0.1517230675311542, -0.11515616227798628] - [-0.11959053972045935, 0.4350150652552929, -0.07798073090401386, -0.265818396428985] - [-0.02780623756976761, 0.01092720506353114, -0.03427120893579214, 0.034166779867435326]
A2: [0.12779845117144706, -0.22832338285861026, 0.01901537468640114, 0.06638520745619839] - [0.013462246546636695, 0.18491105651572284, -0.13397955465153888, -0.14024987045526882] - [-0.09577428884668882, 0.554521667384798, -0.23632774653394442, -0.22685040590976674] - [-0.031489694323471824, -0.02988227102435304, -0.0022754914721210633, 0.021745184025565332]
B1: -0.00043209005881919386 - -0.0012864986291228895 - -0.0030547298908997463 - 0.0010879643793882464
B2: 0.002627989411342513 - -0.0042985280196557365 - -0.0017952534468162569 - 0.0034808319581297485
