Number: 8187
Error: 5.23460077412939e-16
A1: [0.08043172978095554, -0.18046776565931524, -0.01958881193093968, 0.11962501682935807] - [0.03741556189201176, 0.13359636808696607, -0.13472620426383675, -0.036285843189043154] - [-0.0017028070145261758, 0.22819012850476955, -0.12282837066451617, -0.10365889822940323] - [0.03886326705787996, -0.11448098601524213, -0.04641640878782741, 0.12203426056140408]
A2: [0.035307649310550616, -0.029273268977229733, -0.075697153851624, 0.06966362360620482] - [0.10289381939584234, 0.28289677057354656, -0.3926063297812374, 0.006816067969034604] - [-0.011187167435431059, 0.5390145228403768, -0.359451079330679, -0.16837653563362617] - [0.09786263957923337, 0.017463155939891496, -0.1688511626612133, 0.05352471061553965]
B1: 5.0963724633087893e-08 - -6.487903667428416e-09 - -8.894464439129308e-09 - 6.826387730596625e-08
B2: 4.523785525995716e-08 - 4.499101128729494e-09 - 2.4735055861289895e-08 - 3.608455191932357e-08
