Number: 5289
Error: 9.18579674795089e-16
A1: [0.06621314282517454, -0.1139521176976572, -0.02398398910622798, 0.07172282935822476] - [0.037402544227246814, 0.18819330456108999, -0.14740901353087357, -0.0781870769354571] - [-0.060229360119720896, 0.32895081088841116, -0.12775309871912127, -0.1409683113035377] - [0.03904616127165635, -0.05332268404119972, -0.037418588328095276, 0.05169512246579018]
A2: [-0.009108762804628296, -0.3468033838652255, 0.24945490179483604, 0.10645648381196024] - [0.0800399768793269, 0.03628241976443168, -0.05024994710254851, -0.06607179293547746] - [-0.04245275957894607, 0.23083195717394203, -0.04053118137638922, -0.14784777274909355] - [0.06813487841105513, -0.29346774251517826, 0.1417713486775464, 0.08356197215964244]
B1: 1.6692730107615453e-08 - -6.818476056297023e-08 - 3.263052127374684e-08 - 1.7812762164422385e-08
B2: 4.932063208256053e-09 - 6.594875195187154e-09 - -4.3284198736324215e-08 - 1.262800921232501e-08
