Number: 4268
Error: 9.994808675179821e-16
A1: [0.06621321450038954, -0.11395204762414674, -0.023983917487242594, 0.07172290091318656] - [0.03740262108595165, 0.18819337799430635, -0.14740893797292956, -0.07818700137080212] - [-0.060229319076241204, 0.32895085030871546, -0.1277530585562791, -0.1409682713569831] - [0.039046133815024864, -0.05332271010219302, -0.03741861489161068, 0.05169509611803171]
A2: [-0.009108604635054163, -0.34680321607272835, 0.24945506124444916, 0.1064566496435516] - [0.08003987162070901, 0.03628230637089469, -0.05025006214418158, -0.06607190895380927] - [-0.0424528596593249, 0.2308318467192751, -0.040531288626404594, -0.1478478834340138] - [0.06813469597472803, -0.2934679433849955, 0.14177115089973014, 0.08356176761535569]
B1: -2.013230735522866e-08 - 3.266355657995956e-08 - -5.765115316936002e-09 - -1.9131910557005537e-08
B2: 6.3092307192471706e-09 - -1.2768580690069325e-08 - 9.39612497088155e-10 - -1.2610894621463649e-08
