Number: 9666
Error: 2.0461401454905097e-14
A1: [0.05317233257848424, -0.14800148861815846, -0.026999264643367486, 0.12182760431546263] - [0.005313712129849123, 0.1308366865718602, -0.11360075146062376, -0.02254977107367171] - [-0.014444214728957603, 0.22309188277186695, -0.12704091795803288, -0.08160567105779437] - [0.027146404627839654, -0.1000200935070117, -0.049424563985579456, 0.12229806479473672]
A2: [0.08925373712089289, -0.07291409281563935, -0.12362812866477282, 0.10728564996037467] - [0.1088409825688028, 0.24981343474949413, -0.404846020982206, 0.04618872130278114] - [0.03663493524649711, 0.462554127921284, -0.3777184224761415, -0.12147427453123291] - [0.1434263373982226, -0.04460671876864688, -0.2014996290219343, 0.10267976526964824]
B1: -1.5750591785028058e-07 - 1.0332030417735924e-07 - 1.4493179285417106e-09 - -3.5743051243677126e-07
B2: -3.2620997567581426e-09 - 4.2717677956835064e-08 - 2.1594537906702597e-08 - 5.958007818110592e-08
