Number: 3454
Error: 4.923149016370093e-09
A1: [0.06595560957359323, -0.1142039862050479, -0.024241443950660614, 0.07146568063263223] - [0.03704148753991438, 0.1878483420320905, -0.14776385342568812, -0.07854201294006902] - [-0.0603174750862538, 0.328866171800186, -0.127839288877355, -0.14105422021082417] - [0.03844251515527209, -0.0538954596329161, -0.03800229744022569, 0.05111595380702047]
A2: [-0.009240182776628454, -0.34694268638336817, 0.24932247987334313, 0.10631900540880194] - [0.07988841169865588, 0.036119136039678444, -0.05041565593112772, -0.06623882017739378] - [-0.04226004900130024, 0.23104441110757667, -0.04032475309933308, -0.14763477341732814] - [0.06815417892454441, -0.2934465386624072, 0.14179245044639582, 0.08358372627654315]
B1: -3.9135342382754666e-05 - -9.773708834362083e-05 - -5.245707987095172e-05 - 1.2781016634568045e-05
B2: -0.0002459508530813036 - 0.00017299735023685914 - -5.8634811545191645e-05 - -0.00014401070546914997
