Number: 2342
Error: 2.480104906778101e-05
A1: [0.05470662723548931, -0.05876544887512483, -0.03555024249223757, -0.002172719643751361] - [0.0431077668006208, 0.19055428642875458, -0.14371444145849788, -0.09283031079515044] - [-0.12922589838572288, 0.4097913418011972, -0.11009678370173186, -0.19244525313351893] - [0.02915917255735407, 0.011669330251469028, -0.040376878326425635, -0.031023989044386815]
A2: [0.127306091384761, -0.10894613022606969, 0.15101613635576663, 0.08699251486863123] - [0.03231907193458024, 0.20323721502621014, -0.09875588696834285, -0.12496781005000474] - [-0.12922742322432262, 0.47838719648824596, -0.2614944889665593, -0.229595753659014] - [-0.032296197892541824, 0.012248439550448293, -0.05599218492006012, 0.051446147749353466]
B1: 0.0052615174627205835 - 0.0021715424021608626 - -0.0011010592502858664 - -0.021764340824406137
B2: -0.0035859914173489126 - -0.007424444484982111 - -0.003376863528306237 - -0.0037497532843041165
