Number: 6719
Error: 1.0278277410147045e-15
A1: [0.08043167505809425, -0.1804678203759485, -0.019588866588318245, 0.11962496211277679] - [0.037415581517960206, 0.13359638769801502, -0.13472618467713346, -0.036285823574045736] - [-0.0017028300340876175, 0.22819010548570723, -0.12282839365036587, -0.10365892124282024] - [0.03886322229914882, -0.11448103064835036, -0.04641645351802175, 0.12203421583050024]
A2: [0.035307426977477976, -0.029273491925264024, -0.07569736524346933, 0.06966339091093897] - [0.10289375930405993, 0.28289670997176974, -0.39260638790130886, 0.006816005044265427] - [-0.011187133163460705, 0.539014557316795, -0.35945104689139, -0.16837649952018424] - [0.0978627847340837, 0.017463301754991552, -0.16885102448292394, 0.053524862980578514]
B1: -4.2066910123241945e-09 - 4.689755560080262e-09 - -1.2864428085673562e-08 - -7.4147829455722395e-09
B2: -5.351903546071558e-09 - -4.3632689607381225e-09 - -4.3527808674122964e-09 - -4.392496561121816e-09
