Number: 4289
Error: 1.1064001937949368e-15
A1: [0.06621310149753172, -0.11395215810177416, -0.02398403040142465, 0.07172278809997476] - [0.037402585020419744, 0.1881933435361383, -0.1474089734281131, -0.07818703682912166] - [-0.06022951951045872, 0.3289506578026745, -0.1277532546893921, -0.1409684664351843] - [0.03904624494001558, -0.05332260462651965, -0.0374185073818815, 0.0516952027548033]
A2: [-0.009108729296008925, -0.3468033483184755, 0.24945493557485168, 0.10645651894338654] - [0.08003983397421399, 0.03628226581483656, -0.0502501032896568, -0.06607195044865814] - [-0.04245275901645402, 0.2308319577949594, -0.04053118077354304, -0.14784777212683708] - [0.06813478076826444, -0.29346785002363907, 0.1417712428240956, 0.08356186268454122]
B1: 3.343206306238224e-08 - 8.177881298150883e-09 - -2.8227763235950926e-09 - -1.6852534368385388e-08
B2: -2.022233118754689e-10 - 1.4094101199612318e-08 - -3.178887589143115e-08 - 2.0414879294245275e-08
