Number: 8531
Error: 1.2843831355962712e-15
A1: [0.08043170683243661, -0.18046778860518284, -0.019588834851985877, 0.11962499388350066] - [0.037415655698059956, 0.13359646182204418, -0.1347261106446101, -0.036285749434910614] - [-0.0017028021546549087, 0.22819013336452873, -0.12282836581175852, -0.10365889337082418] - [0.03886324304297285, -0.11448100996266657, -0.046416432787394823, 0.12203423656148715]
A2: [0.03530743881340487, -0.029273480056567, -0.07569735399000668, 0.06966340329846604] - [0.10289369123274283, 0.28289664132277886, -0.39260645373901115, 0.006815933763724222] - [-0.011186993670947911, 0.539014697641274, -0.3594509148584551, -0.16837635253232375] - [0.09786280137599464, 0.017463318472570304, -0.16885100864090205, 0.053524880449147244]
B1: -2.001882289085245e-09 - 2.743423640812281e-08 - -2.148865430700857e-08 - 1.8859676781237047e-08
B2: -1.581642601439946e-08 - 1.8402233372958586e-08 - -4.225663288573773e-08 - -1.4889356573808381e-08
