Number: 443
Error: 5.707806433671106e-12
A1: [-0.012164370261927454, -0.014528443917560259, 0.01807515128560174, 0.008571367873884432] - [0.06583390303011206, 0.1894939792106615, -0.14532394781717192, -0.11001004425711579] - [-0.09628356552334905, 0.4217952799950376, -0.05344701510418583, -0.27202465616814747] - [-0.0013083249635039028, -0.018206573685978684, -0.0038210857624659017, 0.02339197220597167]
A2: [0.16159001401757714, -0.16775154214956187, 0.008504560904920732, -0.0023298588541255166] - [0.03548384025156834, 0.20751486876269282, -0.11721229959456572, -0.12579387187999813] - [-0.08621513517395908, 0.5815365639306599, -0.23539027416481748, -0.2599371190968221] - [-0.003828252780567164, -0.0045126868672880184, 0.0011169027727654178, 0.007249816887786197]
B1: 1.8124379208238362e-06 - 4.569032771600635e-06 - 2.1975625606711877e-06 - 1.238319525309104e-06
B2: 7.113158666991551e-06 - -4.769006009974551e-06 - 2.1497749245313025e-06 - -6.666721269909508e-07
