Number: 9121
Error: 7.215567496815209e-06
A1: [0.06665216699734394, -0.13488531820724883, -0.01351785749119776, 0.13485549313324308] - [0.014843478182143665, 0.14052004824863093, -0.10397371127543513, -0.012747761630001459] - [-0.0034300271200985374, 0.23453123360196745, -0.1157183670921502, -0.06988295851853236] - [0.03974478005209049, -0.08739826080146736, -0.036508058116476706, 0.13502163642143314]
A2: [0.08966187800651339, -0.07200705455691817, -0.12233402546902175, 0.10809726572603218] - [0.10301015192918025, 0.2439548244478678, -0.41056458473182667, 0.04021055585076561] - [0.02790990227046193, 0.45412148076625064, -0.3858626770972958, -0.13031299327308482] - [0.13677278076603047, -0.051378273700208296, -0.20835895464012819, 0.09572758734397208]
B1: 0.002508359703773911 - 0.0019780903900544046 - 0.002703776794762968 - 0.001166922712721643
B2: 0.001485915188893662 - 0.002079475922922995 - 0.0038536303146837363 - 0.002139676628090581
