Number: 5426
Error: 3.602459518177646e-15
A1: [0.06621322121249792, -0.11395204106192018, -0.023983910780370984, 0.07172290761405281] - [0.03740264443830758, 0.18819340030607692, -0.14740891501565107, -0.07818697841152107] - [-0.060229511633406216, 0.3289506653676258, -0.12775324698134213, -0.14096845876831943] - [0.03904614175384047, -0.053322702566749376, -0.037418607210819944, 0.05169510373639246]
A2: [-0.009108902944787625, -0.34680353253135476, 0.24945476052071178, 0.10645633688306551] - [0.08003980023352264, 0.036282229466584374, -0.05025014016581008, -0.0660719876382824] - [-0.04245281368066596, 0.23083189746413663, -0.040531239354149755, -0.14784783258336764] - [0.06813490464118395, -0.29346771363491203, 0.14177137711294877, 0.08356200156815838]
B1: -1.0604700649938608e-07 - -5.800703182746756e-08 - 1.1917339611105987e-08 - 5.719374957239343e-08
B2: 6.428626361578861e-09 - 7.011494178604819e-09 - -7.321808066529736e-09 - 4.446711271465702e-08
