Number: 8248
Error: 9.918670785091967e-16
A1: [0.08043171831975801, -0.1804677771192135, -0.01958882337843896, 0.11962500536946355] - [0.037415533699361826, 0.13359633991565653, -0.13472623240030202, -0.0362858713660679] - [-0.0017028528863920137, 0.22819008263388083, -0.12282841646921933, -0.10365894408903074] - [0.038863269721049795, -0.1144809833595452, -0.046416406126360506, 0.1220342632229139]
A2: [0.035307388849126854, -0.029273530159008132, -0.07569740149549938, 0.06966335100557389] - [0.10289374454250022, 0.28289669508493914, -0.3926064021784722, 0.006815989586746228] - [-0.01118714657666103, 0.5390145438235441, -0.3594510595873721, -0.16837651365404824] - [0.09786276523554001, 0.017463282167729664, -0.16885104304434423, 0.05352484251352037]
B1: 2.8622527584975493e-09 - -1.4117971119099577e-09 - -3.6988538548415356e-09 - -1.622380937882207e-08
B2: 2.7306087782687697e-08 - -3.737816740350519e-08 - -1.8141378224147875e-08 - 2.6377218067437916e-08
