Number: 206
Error: 1.0030889333667354e-06
A1: [-0.02045414607532138, -0.02305525522621925, 0.008885327785210822, -0.00028303634356376985] - [0.06946983167249328, 0.19298592220539154, -0.14156263537788147, -0.10595996224389943] - [-0.09690812986626623, 0.4212815935852057, -0.054092054766993025, -0.2727001103592918] - [0.018624476099263754, 0.0007507222487367791, 0.017314369775084805, 0.046261626846515067]
A2: [0.1593029825938754, -0.16997916439660682, 0.006377448754195414, -0.004669564873061473] - [0.04446188586434103, 0.21636463845411352, -0.10825662192154781, -0.11699786922837126] - [-0.0843025379581874, 0.5833968779306979, -0.23349092900776788, -0.2581358925233955] - [0.0005813404241502905, -0.00015054033432062615, 0.005538395047799667, 0.011474827025315453]
B1: 0.003439505838874129 - 0.0032953581547591725 - 0.0016193759810384446 - 0.001423278409062048
B2: 0.010800987240432164 - 0.002050980796429471 - -0.0057708213445608085 - 0.0047424103044115574
