Number: 9942
Error: 9.96556138532316e-16
A1: [0.05317246800894451, -0.14800135313725876, -0.026999129361451952, 0.12182773981119076] - [0.005313707244176378, 0.13083668168265677, -0.1136007563431155, -0.022549775966634447] - [-0.014444647044454096, 0.22309145029927846, -0.12704134992971394, -0.08160610352762336] - [0.027146540237426364, -0.1000199578968249, -0.04942442808898923, 0.12229820074898029]
A2: [0.08925453941990173, -0.07291329237089052, -0.12362734444143524, 0.10728646215247016] - [0.10884175701771245, 0.24981420933499274, -0.40484526187346065, 0.04618950878164211] - [0.03663587251219811, 0.4625550603094643, -0.3777175080342457, -0.12147332754521169] - [0.14342635495694497, -0.0446067012738066, -0.20149961187628693, 0.10267978308982487]
B1: 1.1310392083087784e-08 - 1.3184837488909101e-08 - 1.1532371456969096e-08 - 3.5681535762520283e-08
B2: 1.0016300734103161e-08 - 2.5723816517154194e-09 - 5.5537610685382273e-08 - 2.835988513897014e-08
