Number: 2965
Error: 2.1366649390494553e-08
A1: [0.06408232534120792, -0.047225871108261666, -0.022800968833199244, 0.008497564585004747] - [0.04327790024782627, 0.1909002174783023, -0.14295954770785518, -0.09293320553970372] - [-0.12332507975378001, 0.4149847179406922, -0.10473616414134601, -0.1869488707463285] - [0.03705938921880055, 0.01922592566888443, -0.03307652847181294, -0.02299478612928212]
A2: [0.06259653346853182, -0.17452668812393726, 0.08548321626240162, 0.02312336779631551] - [0.029121558972312726, 0.20013270929609753, -0.10187835127211481, -0.12803819278153122] - [-0.0936974048072431, 0.5134003344069207, -0.2258912757383602, -0.19537371929461225] - [-0.02597353435021225, 0.018473195100126596, -0.05033365431882615, 0.056934058365897953]
B1: -0.00022687675540074715 - -0.00015128562406918088 - 0.00013766131900941117 - 0.00021401648445825734
B2: 0.00020769246329564473 - 2.2817829327716183e-05 - 2.5680433840166955e-05 - 0.0001292204638946681
