Number: 2860
Error: 9.575005514419321e-09
A1: [0.063214034426438, -0.048091702872686444, -0.023662000626645623, 0.007636737183856549] - [0.04364189338986414, 0.1912514725630546, -0.14258494769094401, -0.09253364535887376] - [-0.12333258113354252, 0.41497220914084965, -0.10474707497619061, -0.18696151838170397] - [0.03720259254117187, 0.019365640223392416, -0.032934630682054225, -0.02285494081984962]
A2: [0.06306275869494214, -0.17406294849483647, 0.08594402655041966, 0.023581424508122374] - [0.02930820496176073, 0.20031673156718938, -0.10169198241162318, -0.1278551900869435] - [-0.09347950481504017, 0.5136135681240641, -0.22567606619273156, -0.19516595972294948] - [-0.025706070840143348, 0.01874059135631009, -0.050066282572969974, 0.057191965151955106]
B1: 8.911915785331557e-06 - 0.00013990033654226323 - 0.00019913644163322124 - -4.947387021736256e-05
B2: -0.0001089074341484249 - 1.097967787345262e-05 - 9.889661806305084e-08 - 8.554745813752355e-05
