Number: 1734
Error: 9.358307853214652e-08
A1: [-0.0070624203758082055, -0.01487619055117488, 0.003133368968202669, 0.019566949277319317] - [0.0666114540538631, 0.18967807149176627, -0.14695931034326684, -0.1101017006948313] - [-0.1122327617829841, 0.4421124796230507, -0.07044501695043653, -0.25771697462668475] - [-0.022142608493306914, 0.016537281754068923, -0.0287032250942775, 0.04020536561348296]
A2: [0.1302815861734518, -0.22589391389942473, 0.021390921800728022, 0.0688839715994999] - [0.033339520925659116, 0.20443227588510404, -0.11419753295489433, -0.12077450023089338] - [-0.0980879965136083, 0.5521588740892047, -0.23858261700476666, -0.2290236378076795] - [-0.021430094690896406, -0.019860917276134784, 0.007519740317248169, 0.03159587234177354]
B1: -0.0003137680997822958 - 0.0007143164073043847 - 0.00016275887369060076 - -0.0005580261773891174
B2: 0.00012093679390691437 - 0.0011162252498512861 - -0.00035013082820399837 - -0.0005985939235773266
