Number: 5237
Error: 1.2377070591287878e-15
A1: [0.06621321296127432, -0.11395204912884453, -0.023983919025174136, 0.07172289937661858] - [0.037402573217916596, 0.1881933322596974, -0.1474089850308344, -0.07818704843289713] - [-0.060229402395653844, 0.3289507702847304, -0.1277531400878478, -0.14096835244977257] - [0.0390462233748874, -0.05332262509507583, -0.03741852824524137, 0.05169518206080286]
A2: [-0.009108661160293468, -0.34680327603682803, 0.24945500426159928, 0.10645659038025049] - [0.08003988707788394, 0.03628232302267071, -0.05025004525031549, -0.06607189191657545] - [-0.04245287884651323, 0.23083182554336348, -0.04053130918791189, -0.14784790465400463] - [0.0681346866008309, -0.29346795370576795, 0.14177114073741207, 0.08356175710594187]
B1: -8.178410230503712e-09 - -6.932964546926173e-08 - 2.647462149122135e-08 - 3.20550176044569e-08
B2: -1.76563132225237e-08 - -2.6184550842322406e-08 - 1.1686115987005196e-08 - 1.6054635278032685e-08
