Number: 7043
Error: 1.104848700374415e-15
A1: [0.08043169605894436, -0.18046779937747615, -0.01958884561257636, 0.11962498311122904] - [0.03741559709346855, 0.1335964032617353, -0.13472616913265692, -0.03628580800716474] - [-0.001702812189671287, 0.2281901233297418, -0.12282837583207838, -0.10365890340316723] - [0.0388632355419658, -0.1144810174426967, -0.04641644028364203, 0.12203422906508711]
A2: [0.03530740452144519, -0.02927351444340525, -0.07569738659438166, 0.06966336740827035] - [0.10289375311283293, 0.28289670372800046, -0.3926063938893791, 0.006815998561147934] - [-0.011187087860948146, 0.5390146028895082, -0.35945100401158214, -0.1683764517833508] - [0.09786279431173754, 0.017463311376211137, -0.16885101536562144, 0.05352487303400183]
B1: -8.523719037428682e-09 - 1.676400392463879e-09 - 5.220177325182857e-09 - -1.884363605897623e-09
B2: -9.674244299087353e-10 - -2.5505234401739267e-09 - 5.702196504543915e-09 - -5.461796731920435e-09
