Number: 7554
Error: 1.0309259528107346e-15
A1: [0.08043172829624198, -0.180467767143838, -0.019588813413835577, 0.11962501534483862] - [0.037415607356433705, 0.13359641351692905, -0.1347261588901423, -0.03628579774988811] - [-0.0017027497448683813, 0.2281901857732116, -0.12282831347870511, -0.10365884097502728] - [0.038863257109824315, -0.11448099593537663, -0.04641641872953845, 0.12203425061953244]
A2: [0.03530736749864566, -0.029273551568592047, -0.07569742179524665, 0.06966332865994679] - [0.10289365219419618, 0.2828966019528742, -0.39260649149659543, 0.006815892884647411] - [-0.011187226630646084, 0.5390144632921243, -0.35945113536021717, -0.1683765980097074] - [0.09786270029448277, 0.017463216931316528, -0.16885110486403834, 0.05352477434657603]
B1: 8.024332159194747e-09 - -1.176772575707187e-08 - -9.132487184458831e-09 - -6.389213385382417e-09
B2: -1.4139250961364353e-08 - -2.8846680958199494e-08 - 5.2298195940010495e-09 - -2.6271756018527195e-08
