Number: 3341
Error: 4.438478007747214e-07
A1: [0.06363918053070382, -0.1164912224698335, -0.026616564188736692, 0.06911109771974344] - [0.03426585826272196, 0.1851784427790773, -0.15050227604854616, -0.08128002172192195] - [-0.04729401168576102, 0.3415003667544274, -0.11493780353878628, -0.12825551201901955] - [0.038940547951985136, -0.05343656860903611, -0.03753921554895649, 0.05157293656831129]
A2: [-0.012034357089522659, -0.3498967347128737, 0.2466040309924819, 0.10340468597260989] - [0.07872328531290496, 0.0348781077182178, -0.05173168733070911, -0.06752690568822393] - [-0.04127584376660126, 0.23208247633075826, -0.039305053472773376, -0.1465867717062152] - [0.06643128271146016, -0.29536853858325623, 0.13990514997855782, 0.081631578800869]
B1: 0.0021730394018880297 - 2.7453244875760114e-05 - -0.0012299515767366796 - 0.00015864252934384774
B2: -0.000419407433554411 - 0.0006489318792512189 - 0.0002845201357792288 - 0.0005814865653651581
