Number: 3593
Error: 9.032335595060319e-13
A1: [0.06621420945380714, -0.11395107498002577, -0.023982923473038906, 0.07172389414697357] - [0.03740127870653081, 0.18819209543961887, -0.14741025763295892, -0.07818832109758822] - [-0.06022595400877033, 0.32895408227491457, -0.12774976552492193, -0.14096499634414109] - [0.0390541505698285, -0.053315100928600215, -0.03741085900659898, 0.05170278899726106]
A2: [-0.009114016916091587, -0.3468089575837553, 0.2494496051801012, 0.10645097514470489] - [0.08004633755040769, 0.03628927207168581, -0.050242995253669896, -0.06606478206671024] - [-0.042440924051274816, 0.23084501956826847, -0.04051849806109621, -0.14783468316047613] - [0.06814069528743992, -0.2934613379358798, 0.14177765482561286, 0.08356849409145728]
B1: 3.266398139459981e-06 - -1.2602094992399255e-06 - 3.9908894689287595e-06 - -4.853292075678476e-06
B2: 2.294528470201112e-06 - -1.1213564193099319e-06 - 2.2187009527669198e-07 - 7.143354284414163e-07
