Number: 2511
Error: 6.428264859949495e-08
A1: [0.06352586893415492, -0.04777954533016384, -0.023352452017465455, 0.007944069956899917] - [0.04399514499858494, 0.1915911288584481, -0.14222712335340984, -0.09215121670256904] - [-0.12315805399766232, 0.4151497528401748, -0.10456568962111178, -0.18678249807840583] - [0.03732288418105038, 0.019491940577199968, -0.0328119668279196, -0.022734726313618638]
A2: [0.06273394051507332, -0.1743941941302541, 0.08562098287029941, 0.023261793385853817] - [0.028976030407312826, 0.19999158198552996, -0.10202223642964184, -0.12817958787982703] - [-0.09161909134847968, 0.5154504013809704, -0.22381241578446828, -0.1933590259685009] - [-0.02346976799639264, 0.02097735745095453, -0.04783330341635656, 0.05937252509330922]
B1: 6.797380109900618e-05 - -0.00018078600693947894 - 0.0003719390003963366 - -0.0003085214096384373
B2: 0.00023164615050395306 - 0.00040454418449514253 - 2.2988004499733855e-05 - 0.00019868285149779528
