Number: 4675
Error: 8.745797864034734e-16
A1: [0.0662131748378909, -0.11395208640033253, -0.02398395711864558, 0.07172286131721531] - [0.037402566682122294, 0.18819332601513905, -0.1474089914560695, -0.07818705485868924] - [-0.060229490394651565, 0.3289506857667054, -0.12775322619844606, -0.14096843809731013] - [0.0390462336323374, -0.05332261535929275, -0.03741851832165345, 0.05169519190386165]
A2: [-0.009108466878871247, -0.3468030699351082, 0.24945520011501315, 0.1064567940731772] - [0.08003981043211911, 0.03628224045328761, -0.050250129019762606, -0.06607197639726707] - [-0.04245275839668843, 0.2308319584789292, -0.040531180109309124, -0.14784777144140362] - [0.06813477373312272, -0.29346785776967205, 0.14177123519703183, 0.08356185479685181]
B1: -2.7876207627108467e-08 - 3.2131429900828075e-08 - -1.991907274226651e-08 - -4.164628343970469e-08
B2: -6.057441339251758e-09 - -4.463133088931084e-09 - -5.269325381738125e-08 - -6.931081131234501e-10
