Number: 7980
Error: 8.897388890363363e-16
A1: [0.08043169567703214, -0.18046779975935667, -0.019588845994039046, 0.11962498272935815] - [0.03741554366153199, 0.1335963498702445, -0.13472622245807422, -0.036285861409481694] - [-0.0017028335569839264, 0.22819010196288284, -0.12282839716810025, -0.10365892476477083] - [0.03886323805382764, -0.11448101493789642, -0.046416437773380656, 0.12203423157538634]
A2: [0.03530745446141808, -0.029273464365293555, -0.07569733911205524, 0.06966341967582171] - [0.10289370946453236, 0.2828966597092651, -0.3926064361054525, 0.006815952855028057] - [-0.011187132809340535, 0.5390145576730009, -0.3594510465562555, -0.16837649914698843] - [0.09786278997845518, 0.017463307023210094, -0.16885101949063774, 0.0535248684854761]
B1: 9.742016892930824e-09 - -8.002704251753242e-09 - -8.443822993364899e-09 - 5.831442399657932e-10
B2: -2.1047063942283255e-08 - 1.9929814953284625e-08 - -2.0957052240349595e-09 - -1.7419689267470277e-08
