Number: 3620
Error: 1.9328918593941085e-13
A1: [0.06621492257093022, -0.11395037771076688, -0.023982210769328723, 0.07172460611634751] - [0.03740498687317935, 0.1881956383432988, -0.14740661222049467, -0.07818467541370515] - [-0.06022686061267431, 0.3289532115522947, -0.12775065282074996, -0.1409658785919905] - [0.03904769366162712, -0.05332122956727549, -0.03741710581070252, 0.05169659294819299]
A2: [-0.00910419681227012, -0.3467985400858473, 0.24945950473032427, 0.10646127096321562] - [0.08003891212089029, 0.03628127272464904, -0.0502511108220943, -0.06607296652457248] - [-0.042452364914416764, 0.23083239273015949, -0.040530758467320946, -0.14784733627020397] - [0.06813755884453045, -0.29346479125575214, 0.14177425453710632, 0.08356497741586735]
B1: -2.958114845790103e-07 - 1.1088317002784611e-06 - 3.967425981719269e-08 - 3.371898057966586e-07
B2: 6.834104131604775e-07 - -1.1839811463518795e-06 - 7.496277818266701e-07 - 1.4670996997510967e-06
