Number: 8807
Error: 4.421990366601992e-05
A1: [0.07677339988573527, -0.184140171800614, -0.023197360395721532, 0.11596090832100737] - [0.031557231328781646, 0.12772240200382728, -0.1405189877417822, -0.042149486788640826] - [-0.0012851284967958536, 0.2286021932640493, -0.1223758820602312, -0.10324362630111772] - [0.0343053092531784, -0.1190405933494083, -0.050925925469616634, 0.11747289854024025]
A2: [0.038304691331402664, -0.026290047922476807, -0.07281186047359203, 0.07279687846360523] - [0.10130049538792676, 0.2812799530287927, -0.3941278070004991, 0.005145543179763021] - [-0.0007168310399873796, 0.5495123428652962, -0.3494973383756441, -0.15734575706238535] - [0.09944367402379876, 0.019033591714600843, -0.16731553743789998, 0.05518116546344366]
B1: 0.0014087271310274452 - 0.0031735127376035224 - -0.001131330555904404 - 0.0018983520813141436
B2: -0.004390470235817708 - -0.004760972805659918 - -0.006828243222291488 - -0.004274361880456925
