Number: 1926
Error: 1.5575663434130562e-06
A1: [-0.008719826111437035, -0.016489960186197253, 0.0014051517955685783, 0.017843527306762176] - [0.07148935488560683, 0.19437609564765054, -0.14190501135412686, -0.10470779825949132] - [-0.11852681134316506, 0.4358148814251808, -0.07716484512043321, -0.2646239073274863] - [-0.030643183870112063, 0.008101093197271644, -0.03755982810982999, 0.031175492803852477]
A2: [0.13696567416985783, -0.21935001373659552, 0.02779675248062548, 0.07529232551216918] - [0.029520866559981335, 0.20070126042445519, -0.11798611088879839, -0.12449334634866141] - [-0.09071743990464015, 0.5593842875875167, -0.23138094602888296, -0.22175339981663875] - [-0.012739395193014293, -0.011365842543839027, 0.016026843146176802, 0.03985042414810044]
B1: 0.00284268118226284 - -0.0004885421246726327 - 0.0016741602521828224 - 0.0008246479413416487
B2: 0.0029221899279750336 - 0.003177056936551871 - 0.00031634239696726315 - 5.406738893256859e-05
