Number: 2015
Error: 1.4700133307931915e-05
A1: [-0.030431304353044655, -0.03947966520447127, -0.024201651958386146, -0.004932009688118633] - [0.062249730471447384, 0.18545671026094823, -0.1519146863820533, -0.11511873827503982] - [-0.1337041731737267, 0.42219408449633067, -0.09412283075682043, -0.27985331844757616] - [-0.0315557221622526, 0.007928535452195639, -0.03909244155128306, 0.031067189853571302]
A2: [0.13924490622953775, -0.21880306397091656, 0.03234929725570892, 0.078777801031741] - [0.03389926703546918, 0.2037629516797767, -0.1138984736137432, -0.1207373980886186] - [-0.08889947768093316, 0.5586332898178276, -0.2279833871350936, -0.2202797766673514] - [-0.021467069615194248, -0.023398549410477573, 0.007669378060510212, 0.03164759490884848]
B1: 0.001619739965837745 - 0.012887169178882444 - 0.004030308930498532 - -6.748951923958406e-05
B2: 0.00109705764710738 - 0.01480934471768677 - -0.008236464019292681 - -0.001657568805209321
