Number: 2171
Error: 0.00025028740450111335
A1: [0.10936619784165003, 0.015002373451446937, 0.051172757890076775, 0.09833033342063126] - [0.037649466899543405, 0.1662630925342678, -0.17771936976363206, -0.12578048993084476] - [-0.16575227986765778, 0.3524614570874809, -0.15670366174823583, -0.27946431686511874] - [0.00032487764445921635, 0.02959564736984007, -0.008673808617728759, -0.01505207670382801]
A2: [0.06418948433217508, -0.24512038642809866, 0.03809676703250117, 0.024821239047548183] - [0.02514210238465559, 0.19342047382485042, -0.10470371757691672, -0.13613552355301536] - [-0.04110846607393952, 0.5955464946936164, -0.15473763687370543, -0.14277423671252876] - [-0.13624931852415167, -0.042525131711923445, -0.10733359370078466, -0.024102320116410156]
B1: -0.0020158020061107895 - 0.01578826069684311 - -0.012558071670812593 - 0.036669731105643075
B2: 0.027340000338511566 - -0.0077369020670391446 - 0.01829863107387502 - -0.02502619000612325
