Number: 115
Error: 0.00028709187100770396
A1: [-0.040137352181295584, -0.04427845276895474, -0.012404434305372004, -0.020131850794480134] - [0.10553461830715201, 0.22976522382552292, -0.10535951865630654, -0.06756617356671746] - [-0.12089953276782181, 0.39885369815807836, -0.07976732263667756, -0.29977799940122707] - [-0.01958961355956338, -0.0347311260136684, -0.022356162337806615, 0.003477722734821747]
A2: [0.23309373169218778, -0.09791994864338929, 0.07860109736473381, 0.06702347413378232] - [0.05540653593188821, 0.22463200215797602, -0.09947652743302063, -0.10831676818009857] - [-0.02254033839308102, 0.644658298335091, -0.17358016716118324, -0.19833910181325] - [0.08918641380640724, 0.08892467316418322, 0.09327611483143135, 0.09617486747066566]
B1: -0.004465461079349128 - 0.22534498493216015 - -0.002404106785671792 - -0.007492940039616924
B2: 0.0005341993503482755 - 0.22422930201057206 - 7.258949008374016e-05 - -0.0006204606734674547
