Number: 7674
Error: 9.14817732964435e-16
A1: [0.0804316926854893, -0.18046780275055657, -0.019588848981993236, 0.11962497973816263] - [0.03741560575371278, 0.13359641191542185, -0.13472616048965383, -0.036285799351711626] - [-0.0017028228346888127, 0.22819011268495043, -0.12282838646150275, -0.1036589140453367] - [0.038863242561973016, -0.11448101044240029, -0.04641643326810366, 0.1220342360807327]
A2: [0.03530748492196883, -0.029273433820499094, -0.07569731015055445, 0.06966345155609345] - [0.10289368970323604, 0.2828966397802539, -0.39260645521833365, 0.006815932162081683] - [-0.011187111354980607, 0.5390145792553487, -0.35945102624919534, -0.16837647653981822] - [0.097862779290768, 0.017463296286923034, -0.16885102966463245, 0.05352485726689868]
B1: -4.602141753479412e-08 - -3.528495110334519e-08 - 2.9790239918047926e-08 - 5.436351211366829e-09
B2: -9.91378610860755e-09 - -2.2381278651452487e-08 - -6.235666452767215e-09 - -1.1393396573723487e-08
