Number: 5464
Error: 7.148823907423369e-14
A1: [0.0662129759288902, -0.11395228086467299, -0.023984155871844142, 0.07172266274181674] - [0.03740248734276747, 0.18819325021165276, -0.14740906945285048, -0.0781871328623199] - [-0.06022924001341824, 0.32895092624298866, -0.12775298119119577, -0.14096819440715105] - [0.03904592123650759, -0.053322911874194495, -0.037418820554670086, 0.05169489212494017]
A2: [-0.009108466691782792, -0.34680306973661706, 0.24945520030228766, 0.10645679426926949] - [0.08004133177579077, 0.036283879373597255, -0.05024846627995358, -0.06607029953975727] - [-0.04245195621909386, 0.23083284380733166, -0.040530320467129455, -0.14784688426774714] - [0.06813549459388436, -0.29346706407452716, 0.14177201667603903, 0.08356266301031127]
B1: 2.3542725208359804e-07 - -3.3449138814767525e-07 - -2.2261110993225974e-07 - -2.897415758856424e-07
B2: -5.224512037637136e-08 - -7.157717039241114e-08 - 2.0609613425020033e-07 - -2.185942572675383e-08
