Number: 342
Error: 3.8948781870790736e-10
A1: [-0.012313756407225587, -0.014681876597074855, 0.017910043097619108, 0.008411753621287973] - [0.06582545217254472, 0.1894858491479321, -0.1453326875260678, -0.11001945419210749] - [-0.09626804451867796, 0.4218102886340707, -0.053430167190440865, -0.2720065819033763] - [-0.0013049779641079817, -0.01820335181992041, -0.0038175170175045107, 0.023395829565054257]
A2: [0.16156167733517082, -0.1677793542887146, 0.008476792632131415, -0.0023574891177082172] - [0.03548526775692036, 0.2075162693477866, -0.11721088412564291, -0.12579247922206532] - [-0.08622313271774526, 0.581528730073608, -0.23539805437231054, -0.25994492086749793] - [-0.0038538407747197158, -0.004537837386516093, 0.0010916012458440248, 0.0072253563800120536]
B1: 2.4935634383207533e-05 - -0.00010703909497512442 - 2.7219216200975168e-05 - 2.1225591076044776e-05
B2: 3.0270983915349867e-05 - -5.2609588734714555e-05 - -2.224523044139144e-05 - -1.818466821079838e-05
