Number: 9184
Error: 2.2358755874712392e-07
A1: [0.053900702491914206, -0.1472725979946814, -0.026273647690374508, 0.12255953299805468] - [0.005544559546416341, 0.13107536235180536, -0.11337101786862851, -0.02230823145453867] - [-0.014243361765776666, 0.22330431357049293, -0.12683544019014376, -0.08139173835208327] - [0.02839547574512913, -0.09877117177234601, -0.048173590752363805, 0.12355390414875492]
A2: [0.09338000427511471, -0.06880518408577281, -0.11958805243871297, 0.11146964814899049] - [0.10672015148673847, 0.24768836568422142, -0.4069261269635113, 0.04403339457258024] - [0.0351066739202753, 0.46102694040987235, -0.37920995630412374, -0.12301596259013345] - [0.14293884343119675, -0.045090825569384506, -0.20197261630747557, 0.10218589916952639]
B1: 0.000495676973417386 - -0.00029590549349537104 - 0.0011866939094592331 - -0.0008825051955452903
B2: -0.0003391784291322289 - -0.00019602060814186356 - -4.144399875559803e-05 - -0.00038783090221642996
