Number: 8448
Error: 8.8187636554771915e-16
A1: [0.08043168494941261, -0.18046781048574423, -0.01958885670886066, 0.11962497200296048] - [0.037415554262633356, 0.13359636046330783, -0.1347262118780363, -0.036285850814224155] - [-0.0017028277902683994, 0.22819010772947673, -0.12282839140983152, -0.10365891899958786] - [0.038863230211454866, -0.11448102275821948, -0.046416445610750576, 0.12203422373791205]
A2: [0.03530747973953985, -0.029273439017242754, -0.07569731507786114, 0.0696634461320424] - [0.10289377951637871, 0.2828967303556614, -0.39260636835214346, 0.006816026209449404] - [-0.011187059760394724, 0.5390146311576087, -0.3594509774137025, -0.16837642217292723] - [0.09786284500100494, 0.01746336229601311, -0.16885096711262457, 0.05352492624110755]
B1: 1.189691642631346e-08 - 1.5669852616733847e-08 - 1.4264609013090643e-08 - 1.1501060585667676e-08
B2: 1.0081899775089492e-08 - 7.522605942660612e-09 - 5.694615938820009e-09 - 1.657834266825086e-08
