Number: 3695
Error: 8.254283301005824e-15
A1: [0.06621325913476252, -0.11395200398710742, -0.02398387288786787, 0.07172294547262943] - [0.03740296323561609, 0.18819370489477885, -0.14740860161371522, -0.07818666498171326] - [-0.06022934597747107, 0.3289508244715994, -0.1277530848803574, -0.14096829753944082] - [0.03904695416457843, -0.053321931458366355, -0.03741782123108554, 0.05169588333435443]
A2: [-0.009108797791442974, -0.3468034209821057, 0.2494548665250662, 0.1064564471289069] - [0.080040217038851, 0.036282678485570936, -0.05024968462162955, -0.06607152822527125] - [-0.0424531786315503, 0.23083149468116673, -0.04053163044981597, -0.14784823620600024] - [0.06813431766862495, -0.2934683599175753, 0.14177074077889787, 0.08356134346292819]
B1: -2.2241607771406414e-07 - 4.481992453983724e-08 - 3.214499175095311e-07 - -7.209594377116502e-08
B2: 3.985954526190844e-08 - 5.2871019906600937e-08 - -1.2594655444653778e-09 - -1.8355532037877635e-07
