Number: 5410
Error: 1.3948850501325079e-15
A1: [0.06621313865194017, -0.11395212177757544, -0.02398399327614153, 0.07172282519204676] - [0.03740251594503649, 0.18819327753939583, -0.1474090413344188, -0.0781871047414612] - [-0.060229227897359426, 0.3289509378810053, -0.12775296933374816, -0.1409681826140286] - [0.03904618855168621, -0.05332265814790784, -0.03741856193540429, 0.05169514864419873]
A2: [-0.009108477744149175, -0.3468030814615062, 0.24945518916150863, 0.10645678268152103] - [0.08003975633001138, 0.036282182169990566, -0.05025018814980701, -0.06607203602967673] - [-0.04245280878107362, 0.23083190287161756, -0.04053123410347621, -0.1478478271646057] - [0.06813474095298534, -0.29346789386190564, 0.14177119965996154, 0.08356181804448183]
B1: -1.6635640009324458e-08 - 4.066660387796627e-08 - -4.309741562993962e-08 - -5.131593159810702e-08
B2: 5.7989826272347246e-09 - 4.814274017010694e-09 - -2.494395380701394e-08 - 6.323519582895964e-09
