Number: 1300
Error: 1.7671808323319976e-09
A1: [-0.006827085906384678, -0.014629719705023586, 0.0033721810108988536, 0.019825001466347886] - [0.06657974386938838, 0.18964669758144848, -0.14699057485044495, -0.11013709884101196] - [-0.11239920741681604, 0.44196859891769874, -0.07059481986530673, -0.2578982858309705] - [-0.02325063824861138, 0.01546124744493612, -0.029812851914732517, 0.03903694642932559]
A2: [0.13145789581479522, -0.22475526948217672, 0.022540963778399693, 0.07003532023338857] - [0.03234432354780451, 0.2034521160507976, -0.11518908371501388, -0.12175284090716787] - [-0.09422803729814347, 0.5559285956375937, -0.23481429683778102, -0.22524705511994686] - [-0.02117402503896591, -0.01961835540501109, 0.0077747183983704745, 0.03184864598559127]
B1: -0.00014738864148399627 - 5.0324000947830615e-05 - -6.368275362383507e-05 - -9.221797068589248e-05
B2: -1.2344588534816485e-05 - -9.94582192693421e-05 - 3.943369578077214e-06 - -1.5418891123449032e-05
