Number: 3617
Error: 2.677026351721017e-13
A1: [0.0662134715463011, -0.11395179630892084, -0.023983660660381333, 0.07172315752727343] - [0.03740568858367688, 0.18819630877798516, -0.14740592238806202, -0.07818398551739097] - [-0.06022850460059929, 0.3289516325972437, -0.12775226152292254, -0.14096747865052978] - [0.03904754169003426, -0.05332137381239066, -0.037417252839238545, 0.051696447108797304]
A2: [-0.009108977772425336, -0.3468036119471767, 0.24945468508837568, 0.10645625838007537] - [0.08004109574357537, 0.03628362511864429, -0.05024872424458267, -0.06607055968301216] - [-0.04244989594659642, 0.23083511763916226, -0.04052811263082294, -0.1478446056872861] - [0.06813635106227126, -0.29346612108078474, 0.14177294518933925, 0.08356362327163817]
B1: 1.0411021909699535e-06 - -1.4144970149976195e-07 - -1.3717113894303498e-06 - 7.672363753219517e-07
B2: 7.206377804105459e-08 - 1.1787533629613544e-07 - 1.680134216417866e-07 - 6.423877965118554e-07
