Number: 9017
Error: 0.00011690819481262819
A1: [0.10160942665668474, -0.12196036308711136, 0.021106256132509275, 0.16335358085372875] - [-0.03631792234915715, 0.0860778967320441, -0.15806320386302908, -0.06634055470811047] - [-0.019267959529328256, 0.22596470623229264, -0.10899019102362834, -0.07980349258115647] - [0.0034086322301986813, -0.12467155180779087, -0.06845731127547965, 0.09860837534777724]
A2: [0.12625685520782107, -0.02337297829401108, -0.06996596291672766, 0.15905202867480145] - [0.20997787543763818, 0.3300238405943356, -0.32170457846661615, 0.1289525590762453] - [0.062018483789303455, 0.496436678117685, -0.3670841161320094, -0.09325815030725342] - [0.21400781144554318, 0.028352954328101296, -0.13336380743971762, 0.17657495873613765]
B1: 0.011115679045666006 - 0.0016987315409229989 - 0.02389189280424306 - 0.012997010022141407
B2: 0.035646100666693825 - 0.003178062965533909 - -0.0026348745752714873 - 0.012462361220048054
