Number: 6339
Error: 1.2000188426576737e-15
A1: [0.08043170513086946, -0.18046779030657703, -0.019588836551499688, 0.11962499218211857] - [0.03741562170940156, 0.13359642785903825, -0.13472614456577278, -0.03628578340486617] - [-0.0017027489641101797, 0.22819018655395704, -0.12282831269909066, -0.10365884019447981] - [0.03886330054793229, -0.1144809526191656, -0.04641637531910004, 0.12203429403065127]
A2: [0.03530742289543917, -0.029273496018596384, -0.0756973691246105, 0.06966338663863392] - [0.10289381409400826, 0.2828967652267298, -0.3926063349092005, 0.006816062417367969] - [-0.011187035617308308, 0.5390146554447758, -0.3594509545618805, -0.16837639673234878] - [0.09786283230057445, 0.017463349537847388, -0.16885097920271996, 0.05352491290992778]
B1: -1.2826728643750647e-08 - 1.8031901897219987e-08 - 1.6071300359107845e-08 - 6.388404558064325e-10
B2: -1.502646627146285e-08 - -1.4133601168167468e-08 - 3.209461041580839e-08 - 1.575457560818141e-08
