Number: 7986
Error: 1.0219960380889304e-15
A1: [0.08043168906137049, -0.180467806374269, -0.01958885260179027, 0.11962497611445215] - [0.037415571532367006, 0.13359637771998603, -0.13472619464277094, -0.03628583355408484] - [-0.0017028375366530985, 0.2281900979832984, -0.12282840114194282, -0.10365892874337805] - [0.03886323446606758, -0.11448101851558787, -0.046416441358854366, 0.12203422798985622]
A2: [0.03530746607073848, -0.029273452723864817, -0.07569732807404503, 0.06966343182621726] - [0.1028936799861185, 0.28289662998067144, -0.39260646461660864, 0.006815921986851914] - [-0.011187147765126857, 0.5390145426280127, -0.35945106071225386, -0.16837651490639852] - [0.09786277917140351, 0.01746329616700255, -0.1688510297782654, 0.05352485714160599]
B1: 1.3725422070610808e-08 - -5.963255535893481e-09 - -1.123786199199715e-08 - 3.652443312587042e-09
B2: -2.1185238337343266e-08 - 3.50322834205902e-08 - -4.688713845803242e-09 - -1.6038746385166085e-08
