Number: 7470
Error: 1.2326962418485768e-15
A1: [0.08043172980634283, -0.18046776563390704, -0.019588811905539984, 0.11962501685476828] - [0.037415630109429165, 0.1335964362527046, -0.13472613618248291, -0.03628577500949575] - [-0.0017027734357909132, 0.228190162082796, -0.1228283371349395, -0.10365886465962522] - [0.038863276921772404, -0.11448097617902703, -0.046416398930214625, 0.12203427041916833]
A2: [0.03530749340751183, -0.02927342531148524, -0.0756973020826123, 0.06966346043713809] - [0.10289375417171966, 0.28289670479587964, -0.39260639286522997, 0.006815999669959834] - [-0.01118707765666641, 0.5390146131546555, -0.3594509943529918, -0.16837644103074828] - [0.09786281890520798, 0.017463336081551387, -0.16885099195422376, 0.05352489884913271]
B1: 7.715536936575486e-09 - 6.006555622280017e-09 - -9.0649907237332e-09 - 3.6824382240961267e-09
B2: 1.975078312168356e-09 - 4.473132319106852e-09 - 6.056621111354938e-10 - 1.455068473628865e-09
