Number: 2262
Error: 0.00019622630183768796
A1: [0.05629188731131667, -0.047657991839176427, -0.0235261636583824, 0.005898800378664565] - [0.045162822213402815, 0.18465357092576287, -0.15778906063886455, -0.10544985035371542] - [-0.11535206224857569, 0.43741564437154073, -0.07813603724247004, -0.16079144125964082] - [0.01762929596694683, 0.014651109000880562, -0.03284455251889127, -0.03358602241334231]
A2: [0.03445836460570571, -0.2119908048490633, 0.062101515421295946, -0.0069550976275708255] - [0.026497858885590874, 0.19776921385801727, -0.102069548531006, -0.1316358959088977] - [-0.18403561020616438, 0.44235412047946837, -0.3102076950138136, -0.28216632261616414] - [-0.1449141845341772, -0.08158260100229191, -0.16576806808772487, -0.0507081481021725]
B1: 0.007659131557371942 - 0.03228993802847224 - -0.014305566424321278 - -0.02290615104974189
B2: -0.0054988643113172714 - -0.0076315369002217725 - -0.009862307617280788 - -0.0011264389932926742
