Number: 531
Error: 1.6988369704506028e-13
A1: [-0.012152822793281167, -0.014516583579509846, 0.01808791457584016, 0.008583707572978237] - [0.0658365437947413, 0.18949651949788873, -0.14532121751617563, -0.11000710401126733] - [-0.09629139596172975, 0.4217877117438162, -0.05345551233735134, -0.2720337791804056] - [-0.0013231692169509797, -0.01822084993802011, -0.00383688728967855, 0.023374814538847884]
A2: [0.16158630098862148, -0.16775518517858937, 0.008500922540276467, -0.00233347875017542] - [0.03548590672177982, 0.2075169020260571, -0.11721024178756688, -0.12579185033674667] - [-0.08621400124616085, 0.5815376745742911, -0.23538917088612038, -0.2599360133891306] - [-0.0038354158741644257, -0.004519730925279265, 0.0011098128993913359, 0.007242963596706246]
B1: 3.152737697119365e-07 - 5.403185381231608e-07 - 1.4443786688808067e-07 - -1.76631501414753e-07
B2: 1.0351444986589977e-06 - 8.027424507702083e-07 - 2.0584296845495687e-07 - -1.107181494040632e-06
