Number: 4598
Error: 6.722287715088764e-16
A1: [0.06621316439426282, -0.11395209661059406, -0.02398396755408047, 0.07172285089111301] - [0.03740252705530132, 0.18819328815438627, -0.14740903041227688, -0.07818709381834955] - [-0.060229473560954434, 0.32895070193462095, -0.12775320972595583, -0.1409684217134012] - [0.03904606937249422, -0.053322771268612214, -0.03741867723760781, 0.05169503427825034]
A2: [-0.009108451600551532, -0.34680305372716974, 0.24945521551706365, 0.10645681009172188] - [0.08003985301940438, 0.036282286331979434, -0.05025008247430836, -0.06607192945658737] - [-0.04245271775642902, 0.2308320033320075, -0.04053113655760366, -0.14784772649483985] - [0.06813468948976764, -0.2934679505251541, 0.14177114386923675, 0.08356176034465408]
B1: -2.973055901219739e-08 - -1.341639378786943e-08 - 1.6048646327324977e-08 - -5.376199500271886e-08
B2: 8.584004292864183e-09 - -3.0193267946521957e-08 - -3.5640225781178295e-08 - -1.1899475503288752e-08
