Number: 7597
Error: 1.1070142916658615e-15
A1: [0.0804317090632588, -0.1804677863746429, -0.01958883262382242, 0.11962499611405174] - [0.03741561227433088, 0.13359641843110445, -0.13472615398204377, -0.036285792834714954] - [-0.001702791815300989, 0.22819014370367605, -0.12282835548754142, -0.10365888303423289] - [0.03886325558288655, -0.11448099745802894, -0.04641642025550317, 0.12203424909354371]
A2: [0.03530743895329906, -0.02927347991630921, -0.07569735385701652, 0.0696634034449329] - [0.10289373755899744, 0.28289668804216556, -0.39260640893284315, 0.006815982274019718] - [-0.011187112009733833, 0.5390145785966886, -0.35945102686893937, -0.16837647722975085] - [0.09786279749632178, 0.01746331457528509, -0.16885101233410918, 0.053524876376784776]
B1: 4.449425673452546e-09 - 9.019269551275834e-09 - 1.1600868459277176e-08 - 9.182628737200729e-09
B2: 6.108088800163953e-09 - 8.628324567572325e-09 - 6.165050887852614e-09 - 6.114034904740272e-09
