Number: 100
Error: 0.00032694010649901426
A1: [-0.020173669046978503, -0.022657293471882042, 0.009644028746841206, -0.0005583870330765975] - [0.09411827443581786, 0.2186183421276231, -0.11835508681501022, -0.08214395734754867] - [-0.11288829141755817, 0.40819401727011634, -0.07118854449740986, -0.29270556918131413] - [-0.01694967185542999, -0.030462716226961124, -0.019742522800359666, 0.00400159414575306]
A2: [0.25486315670861026, -0.07691358362988879, 0.09981340161429926, 0.08813158266729729] - [0.08697054648939259, 0.255815677047869, -0.06910014650995668, -0.07838459800252705] - [0.00796645485707731, 0.6748192855485543, -0.14398790045152424, -0.16867520292718485] - [0.14289100728903908, 0.1424083939394813, 0.14679275389511012, 0.1478115891460308]
B1: 0.008796229338814639 - 0.29569470847829554 - 0.008531312482349073 - -0.0083396660077956
B2: 0.010878747778043076 - 0.29966466373452466 - 0.009498093484620966 - 0.009674397721397889
