Number: 557
Error: 1.5946821850565783e-13
A1: [-0.012154294401316643, -0.014518095071745691, 0.018086288003886408, 0.008582134987569734] - [0.06583554368242217, 0.1894955574324383, -0.14532225154478298, -0.11000821753612196] - [-0.09629273471951491, 0.42178641785621274, -0.05345696505227561, -0.27203533890263154] - [-0.0013203624756608899, -0.018218150651036144, -0.0038338996037342015, 0.023378058666891646]
A2: [0.1615864325382314, -0.167755056107657, 0.008501051435651993, -0.0023333505137485737] - [0.03548568386204987, 0.20751668274690585, -0.11721046371411732, -0.12579206835265985] - [-0.08621341773945196, 0.5815382461188208, -0.23538860311194512, -0.2599354443832209] - [-0.0038347897356201897, -0.004519115193378665, 0.0011104326285166328, 0.007243562647270402]
B1: -4.660176119292991e-07 - -3.9221830621451596e-07 - -7.818575024038912e-08 - -1.6125161778616308e-07
B2: 3.5186440785237595e-07 - 5.18991459813356e-07 - -6.624121345351435e-07 - 2.538034967095346e-07
