Number: 4778
Error: 8.533497809086524e-16
A1: [0.06621319481179888, -0.11395206687277433, -0.023983937160412062, 0.0717228812575961] - [0.037402645442164206, 0.18819340126503034, -0.14740891402890324, -0.07818697742467785] - [-0.060229260771066266, 0.3289509063076749, -0.1277530015022555, -0.14096821460962214] - [0.03904615947028372, -0.05332268575112033, -0.03741859007094945, 0.05169512073712097]
A2: [-0.009108577816890708, -0.3468031876228686, 0.24945508827947105, 0.10645667776086977] - [0.08003984973505136, 0.03628228279379146, -0.05025008606389208, -0.06607193307666183] - [-0.04245281050968862, 0.23083190096388295, -0.0405312359555675, -0.14784782907632807] - [0.06813478895335733, -0.29346784101155293, 0.14177125169727356, 0.08356187186152081]
B1: 1.3869089473539704e-08 - 3.0108392250703786e-08 - 1.8640456423531492e-08 - 2.2933308903414934e-08
B2: -1.0686641872623807e-08 - 1.2949390788768047e-08 - 3.8291977163568156e-08 - 2.4951582762472583e-08
