Number: 1346
Error: 4.159326793502584e-09
A1: [-0.007300623476562691, -0.015107897103916924, 0.0028798019008792817, 0.019338566890784732] - [0.06675496645927277, 0.1898153543434443, -0.14680940668563694, -0.10994216713555151] - [-0.1128388775842541, 0.44153692944433426, -0.07105348976662539, -0.25837436342868014] - [-0.023269073540842327, 0.015442728034832931, -0.029832046353681453, 0.03901746963951386]
A2: [0.13171384084120455, -0.22450290688274033, 0.02279232427405043, 0.07028542485670032] - [0.03277728439344342, 0.20387813365970464, -0.1147578813761652, -0.12132930369646776] - [-0.09489429515620759, 0.5552729170080696, -0.23546907182650742, -0.22590211173249342] - [-0.020816039725812086, -0.019264799231541868, 0.008129358301582925, 0.03219254041809641]
B1: 1.0237544511507454e-05 - 3.125653636843634e-05 - -0.00016667354933728965 - 4.8121381529246546e-05
B2: -2.3497232421941494e-05 - -0.0002359233969286031 - 9.256845757462143e-05 - -4.075292886609511e-05
