Number: 8869
Error: 2.9505256527836814e-05
A1: [0.0669957939435266, -0.1932244528799429, -0.03380860614904956, 0.10666913362025313] - [0.02185975847322686, 0.1188661014829879, -0.1499663635496076, -0.051582345144174424] - [-0.003451746445641911, 0.22672246226548728, -0.12451621780909694, -0.10534024253618984] - [0.030468306761907645, -0.12205217755246811, -0.05593592893475694, 0.11419354608435517]
A2: [0.03297178141466242, -0.03161818375091457, -0.07787668788304834, 0.067255444309802] - [0.09001838286826566, 0.2700513843176969, -0.40429706247430836, -0.006759809624388575] - [-0.032452032285035036, 0.5164792535081422, -0.3803914970164879, -0.19057495960375254] - [0.09107534188574795, 0.010937191603468026, -0.17508738870090557, 0.04641462989271779]
B1: -0.0012889894819617166 - 0.0021614906056956883 - 0.005658783901124722 - 0.0001749263611264787
B2: -0.001124954013326331 - -0.0009107825645654245 - -0.004250040263211517 - -0.004550442430525513
