Number: 7067
Error: 1.4546628211932584e-15
A1: [0.08043170231377726, -0.18046779312335193, -0.019588839365222568, 0.11962498936534749] - [0.03741560282242627, 0.1335964089863573, -0.13472616341511406, -0.03628580228138041] - [-0.0017027939577884108, 0.22819014156123504, -0.12282835762689051, -0.10365888517615032] - [0.03886323771333302, -0.11448101527742287, -0.0464164381136582, 0.1220342312351049]
A2: [0.035307384238375435, -0.029273534782574755, -0.07569740587926932, 0.06966334617984149] - [0.10289381247604847, 0.28289676359503607, -0.3926063364740483, 0.006816060723102569] - [-0.011187107705706419, 0.5390145829263849, -0.3594510227950804, -0.16837647269446232] - [0.09786277564634872, 0.017463292625920255, -0.1688510331338662, 0.05352485344142305]
B1: 3.38916064643614e-08 - -3.280180297113537e-08 - -7.542860363387017e-10 - 1.7452647258340394e-08
B2: 5.686481750612849e-09 - 1.4449595228501673e-09 - 1.008818600872898e-08 - -2.6231442949879243e-09
