Number: 6834
Error: 7.815042545704108e-16
A1: [0.08043166951388037, -0.18046782591953392, -0.019588872125903944, 0.11962495656919567] - [0.03741555289837225, 0.13359635910008794, -0.13472621323969694, -0.036285852177780506] - [-0.0017028637597620638, 0.22819007176075207, -0.12282842732666129, -0.10365895495949431] - [0.03886319721883937, -0.11448105565827493, -0.046416478582350394, 0.12203419076577816]
A2: [0.03530746217675044, -0.02927345662863571, -0.07569733177645444, 0.06966342775079884] - [0.10289380988859952, 0.2828967609856241, -0.39260633897660513, 0.006816058013669804] - [-0.011187158934309556, 0.5390145313922335, -0.3594510712840582, -0.16837652667582798] - [0.09786281119088379, 0.0174633283321342, -0.16885099929776634, 0.053524890751609024]
B1: 5.250723372053154e-09 - 2.06345853412287e-08 - -2.4403884620778665e-08 - -2.517428603021458e-09
B2: 1.2555775673758343e-08 - 1.2083769368057649e-09 - -9.557902686872982e-09 - 3.334650280282415e-10
