Number: 3028
Error: 4.7524031285119114e-08
A1: [0.06398332400470962, -0.0473249367951807, -0.022899438115779394, 0.008396936045961286] - [0.04337252925628237, 0.19099133969360915, -0.14286078348410972, -0.09282788191080438] - [-0.12479626860247527, 0.41352130239302387, -0.10620898964036259, -0.1884149788282683] - [0.03765588964324077, 0.0198210471684293, -0.032485186354092345, -0.02240943750478779]
A2: [0.06310235818920842, -0.17402556718272752, 0.08598992830770849, 0.023620743350849904] - [0.028985130808168856, 0.1999985739031071, -0.10201398622090362, -0.12817212432058134] - [-0.0938638770283052, 0.5132339181891993, -0.22606157567994162, -0.19553464488616631] - [-0.025953517643967052, 0.018487771264244824, -0.05032140181400246, 0.05695356957440427]
B1: -0.0002612712825488609 - -4.958501525216351e-05 - -4.4689944974012674e-05 - 0.0001666662666059082
B2: 0.0003083850555483345 - -0.0005482087228426165 - -0.00029141990631200126 - 9.012076901181995e-05
