Number: 7885
Error: 1.017665949285673e-15
A1: [0.08043164681934384, -0.18046784861151008, -0.019588894793299973, 0.11962493387725338] - [0.037415623843768744, 0.13359642999177462, -0.1347261424356552, -0.03628578127168661] - [-0.0017028281500420534, 0.22819010736970843, -0.12282839176907463, -0.10365891935927221] - [0.03886319263150282, -0.11448106023275224, -0.04641648316676384, 0.12203418618129068]
A2: [0.03530727922878861, -0.029273640082577195, -0.07569750572123556, 0.06966323627611128] - [0.1028936540987173, 0.2828966038735716, -0.3926064896545771, 0.006815894878983011] - [-0.011187011543932176, 0.5390146796617094, -0.35945093177574144, -0.1683763713655703] - [0.09786277163466801, 0.017463288595999677, -0.16885103695275383, 0.05352484923049852]
B1: -3.9841191132528685e-08 - -1.861598123170994e-08 - 4.523485562943377e-08 - 1.7057191213139607e-09
B2: -2.667548438577365e-08 - 5.4033769365564744e-08 - -1.0778612537941124e-08 - -1.831390207459867e-08
