Number: 9324
Error: 6.347576221895782e-11
A1: [0.053140627256304425, -0.14803320675382733, -0.027030932863310066, 0.12179588292625532] - [0.0052452958015136225, 0.1307682025289874, -0.11366915666397878, -0.02261829022539263] - [-0.014430090126205906, 0.22310600696020796, -0.12702680121042007, -0.08159153610692649] - [0.027099221817750374, -0.10006727559924111, -0.049471844602355965, 0.12225075875578767]
A2: [0.08921596654173056, -0.07295177051508693, -0.12366505407086696, 0.10724741426243106] - [0.10886223009137459, 0.24983469314572887, -0.40482519751350043, 0.046210329532602526] - [0.03660778374872011, 0.4625271170907259, -0.3777449166945557, -0.12150170863488514] - [0.143347966399316, -0.044684802399271265, -0.20157615892190522, 0.10260022997570777]
B1: -4.623996722890794e-05 - -8.476509408778331e-06 - 4.957426631213279e-06 - 2.5115023667646086e-05
B2: -1.8012491149867314e-05 - 6.940041483147353e-06 - -2.8944776960344023e-05 - -4.638492159985599e-06
