Number: 2124
Error: 0.00020704806016295032
A1: [0.09431265169228831, 0.04769371087033608, 0.01883119433673162, 0.12147617238294935] - [0.06881662020097612, 0.19953442336981492, -0.13854061787089503, -0.09733721442889763] - [0.09197603041407709, 0.6042370223815566, 0.05726497064330694, 0.043819021101613155] - [0.004794235386145318, 0.03143238322024314, 0.03880154076422611, -0.04530251125360375]
A2: [0.019454318201599794, -0.3307810473102464, -0.06926911054201342, -0.06985634176184122] - [0.0102790217054829, 0.16990146962484154, -0.12967921682903474, -0.1567206812842811] - [0.017643289972440107, 0.5539518775398367, -0.17869030577762177, -0.22501115239682426] - [-0.2080290779641979, -0.1652102584666337, -0.24193512449842003, -0.11994357351860237]
B1: 0.02713655743058693 - -0.03279878016621489 - 0.07282159038070342 - 0.009524592889195377
B2: 0.027677135546662193 - -0.037447722484454375 - -0.0026720310074836145 - 0.053350583441085106
