Number: 4532
Error: 1.0308859094076556e-15
A1: [0.06621308472125768, -0.1139521745031784, -0.023984047164550777, 0.07172277135182603] - [0.03740251306183288, 0.1881932747845751, -0.14740904416891987, -0.07818710757621364] - [-0.060229401079022256, 0.32895077154955976, -0.12775313879936415, -0.14096835116834014] - [0.03904602293469828, -0.05332281534562584, -0.0374187221646317, 0.051694989716037566]
A2: [-0.009108550168170016, -0.34680315829190556, 0.24945511615192298, 0.10645670674905396] - [0.08003985717065176, 0.0362822908040619, -0.05025007793724396, -0.06607192488097265] - [-0.04245266383683408, 0.23083206284098284, -0.04053107877528296, -0.14784766686182957] - [0.06813477400064186, -0.293467857475109, 0.14177123548714232, 0.08356185509681045]
B1: 8.683606543627091e-09 - -1.6532612062099235e-09 - 2.616230366039687e-08 - -3.318760963416466e-08
B2: -1.09750774943742e-09 - 7.083760192743797e-09 - -1.4223864836652282e-08 - -1.5604860849101774e-10
