Number: 6670
Error: 9.39265442377443e-16
A1: [0.08043167479930996, -0.18046782063470349, -0.019588866846793052, 0.1196249618540221] - [0.03741557641157852, 0.13359638259549825, -0.13472618977334064, -0.03628582867759882] - [-0.0017028503717290769, 0.22819008514849975, -0.12282841395823035, -0.10365894157503418] - [0.03886322394041656, -0.11448102901168866, -0.046416451877799664, 0.12203421747074795]
A2: [0.03530742454414345, -0.02927349436532882, -0.07569736755705224, 0.06966338836418987] - [0.10289376512766499, 0.28289671584480053, -0.3926063822687949, 0.006816011142431866] - [-0.011187209439002864, 0.5390144805863007, -0.3594511190878317, -0.1683765798944065] - [0.09786275885744958, 0.017463275760653253, -0.16885104911579935, 0.05352483581853066]
B1: 1.4880852694226712e-09 - 2.426543768481902e-08 - -3.01222641205807e-08 - -1.0638409190403584e-08
B2: -5.310130814509442e-10 - 2.674090056009442e-09 - -9.327316602463747e-09 - 5.491657482541007e-10
