Number: 2105
Error: 0.0024476306216188117
A1: [-0.017140966321393666, -0.054232366839850464, -0.0841580773344384, -0.019241310876423383] - [0.04640440796041879, 0.17889176941817087, -0.15702118490567807, -0.12720109807030777] - [-0.07239397961037966, 0.460424752970506, -0.07409434330247266, -0.128191086087569] - [0.22476109983814774, 0.22021285276505462, 0.15160821755130816, 0.21515706229986736]
A2: [0.11648950641237757, -0.24078143209528705, 0.01820480349462757, -0.006313468678145667] - [0.11619370098815714, 0.27368979499233886, -0.038039229479709426, -0.0515461997343712] - [0.09205117007254544, 0.638143876125441, -0.08747292837975597, -0.11901790988834413] - [-0.137480069402379, -0.1516503924902323, -0.22010553282215498, -0.09268320933515105]
B1: -0.01991040818774298 - 0.0029048403060492056 - 0.02629832173096442 - -0.016175128633496627
B2: 0.01683003763989836 - -0.029804425634087618 - 0.07312141410762568 - 0.07887476312076269
