Number: 1954
Error: 1.476524194438634e-05
A1: [-0.012004133518310704, -0.019605837324306916, -0.0020266104060795067, 0.014599509498552416] - [0.05548774619009729, 0.17895909327417622, -0.15849754184491102, -0.12256430261078828] - [-0.10682501902849244, 0.44744645616650364, -0.06488919462100069, -0.2518204081123638] - [-0.008636969200262226, 0.029796112021498313, -0.015020212628621668, 0.054468149780398545]
A2: [0.13999439076629736, -0.2168159697792645, 0.030439849943610334, 0.07775094211733627] - [0.034026348813429266, 0.20517091123436568, -0.11352983730031525, -0.12013719580140729] - [-0.09956307482943147, 0.5505894553009831, -0.24024734658431185, -0.23065702872901508] - [-0.023731896072166865, -0.022337464399497204, 0.0049502148377098525, 0.02905028541105242]
B1: 0.0012321624766616925 - 0.004304653909077108 - 0.005079278527846019 - 0.00461670983777442
B2: -0.003907454978580793 - 0.0022325545613665104 - 0.00029557182096110433 - 0.002904600845435732
