Number: 85
Error: 0.00029212758139503833
A1: [0.049854289340269205, 0.051636534111323525, 0.08740006346937575, 0.07193650353075039] - [0.10510119735332903, 0.23067135776646652, -0.10807929391599749, -0.07449874080302146] - [-0.038080390186274155, 0.4831959891743506, 0.009983075028779844, -0.2084969758264762] - [0.06069192611867744, 0.047341748975592506, 0.0625528621986447, 0.08963227122712775]
A2: [0.27343743117460695, -0.05907002233284246, 0.11772696709388177, 0.10599915674595906] - [0.07937466765145078, 0.2477779695288702, -0.07753384656384406, -0.08650893274653655] - [0.03755273065059082, 0.7038760726864673, -0.11522746922015088, -0.1398285697065865] - [0.22581751559961502, 0.22431432689652553, 0.22927916253296007, 0.22740322744658278]
B1: 0.022684707530474225 - 0.35846352828127837 - 0.009606096691180739 - -0.02017956874485433
B2: -0.004703695681204352 - 0.3376056747920064 - -0.0050937745976841866 - 0.00013270902572272533
