Number: 1006
Error: 0.0020350584441665375
A1: [0.08554978350504058, 0.08137874072011035, 0.11368508641387337, 0.10992408827674771] - [0.05419161427242501, 0.17761857684147545, -0.1586100483810812, -0.1235089197680586] - [0.006760752493564996, 0.5183124557492247, 0.04159043485416353, -0.15974190166397545] - [0.1296380258731192, 0.10707478506767831, 0.11797392194202763, 0.16578899638627917]
A2: [0.17182375561218244, -0.16168492619042524, 0.021197871300378257, 0.012862980429227087] - [0.028797841353399026, 0.19982492124116247, -0.12336754155109994, -0.13138812457116925] - [-0.10429002788813677, 0.5652494065945926, -0.2463293913722201, -0.27193723571679185] - [-0.009010401243836272, -0.006188220644698357, 0.00023681858707278684, 0.006152145504030202]
B1: -0.04021260919223228 - -0.028659488029877368 - -0.02232197271588263 - -0.01934312560507838
B2: 0.014967621520294579 - 0.002267656172922204 - 0.021673933222070972 - 0.02458379207210517
