Number: 336
Error: 8.954593103784587e-10
A1: [-0.012375568456760942, -0.014745364711146366, 0.01784172570079002, 0.008345705796879046] - [0.06580179334428912, 0.18946308980215415, -0.14535715011517386, -0.11004579692558553] - [-0.09644498465382192, 0.4216392836061623, -0.0536221648970585, -0.27221272686158293] - [-0.0013876268896909013, -0.01828283378321112, -0.0039054930018447213, 0.023300298208189112]
A2: [0.16153115811921992, -0.16780929970229458, 0.008446892452136845, -0.0023872396863295017] - [0.03547317816710321, 0.2075043743133893, -0.11722292438525583, -0.1258043059959914] - [-0.08625176201250721, 0.5815006906295814, -0.23542590326184148, -0.25997283117327336] - [-0.0038631685693479466, -0.004547004048985762, 0.0010823791912713246, 0.007216442310882361]
B1: 5.3874599133092184e-05 - -0.00015986357392959075 - 5.6532250235554934e-05 - 2.2533232451120153e-05
B2: 5.384209615289209e-05 - -0.00014314514073528916 - 3.9212541080782206e-05 - 8.615622103632475e-06
