Number: 8334
Error: 9.916065908573042e-16
A1: [0.08043169593709686, -0.1804677994993373, -0.019588845734340506, 0.11962498298935259] - [0.037415603277619294, 0.13359640944125287, -0.13472616296066992, -0.03628580182633226] - [-0.0017027996705507888, 0.22819013584858994, -0.12282836333128988, -0.10365889088738253] - [0.03886324075047617, -0.11448101224881622, -0.046416435078478244, 0.12203423427033663]
A2: [0.035307292150854645, -0.029273627124713632, -0.07569749343519994, 0.06966324980057048] - [0.1028937611407506, 0.2828967118240749, -0.39260638612483556, 0.006816006967515203] - [-0.011187110194097669, 0.5390145804231001, -0.35945102515041866, -0.16837647531654962] - [0.0978628507964459, 0.017463368117793462, -0.16885096159574026, 0.05352493232442896]
B1: -3.6606761779789164e-08 - -6.648983909853699e-10 - -5.310497246447765e-09 - 5.888555386219591e-09
B2: 8.85656618679181e-10 - -4.870341592302105e-09 - -1.2850313468360037e-08 - 2.9126246262686676e-09
