Number: 276
Error: 1.5180038450708025e-09
A1: [-0.013353614662242276, -0.01574988930958516, 0.016760921243855715, 0.007300787937859435] - [0.06468441948163657, 0.18838823076406241, -0.14651237347769616, -0.11128980912925492] - [-0.09753886356879597, 0.4205827355532775, -0.054808094577077276, -0.27348671543527014] - [-0.0012238341660106137, -0.018124901904920155, -0.0037306296663141376, 0.0234897968213093]
A2: [0.16133434954528716, -0.16800231262150395, 0.00825427263917532, -0.002579006698767328] - [0.03564371882728043, 0.207672186525289, -0.11705316507344961, -0.12563750848074876] - [-0.0860674100700896, 0.581681358159075, -0.2352467916354934, -0.2597931026674282] - [-0.003849495445806206, -0.004533452670779307, 0.0010961112300055813, 0.007229671931971153]
B1: -3.32072748026968e-05 - 0.0002479787174194706 - -0.00021650030416085124 - -8.407836418500807e-05
B2: 0.0007389004866434801 - -0.0002883054417029464 - -0.0004464104276259279 - 7.658286793473098e-06
