Number: 2695
Error: 7.0133075121436335e-09
A1: [0.06377155677501804, -0.04753727050377389, -0.02311032952896875, 0.008189578225598747] - [0.04381352392092333, 0.19141714672225654, -0.14240821723667868, -0.09234533192560668] - [-0.12352393941732993, 0.41478400544129185, -0.10493429626039782, -0.1871471303972459] - [0.03727841400297265, 0.019443442238808364, -0.03285648740507115, -0.02277728250683915]
A2: [0.06364355620725665, -0.17348389380499615, 0.0865289437564449, 0.02416012390445094] - [0.029486311358591526, 0.20049199783892863, -0.10151459664158258, -0.12768087852407395] - [-0.09306520995227968, 0.5140209148525918, -0.22526160443864357, -0.19476352818483297] - [-0.02541643945137064, 0.019029637222011925, -0.049779125880054044, 0.05747522161447453]
B1: 2.170588689853722e-06 - 3.745901110591298e-05 - -0.00010426096359970125 - -0.00013078582981005987
B2: 6.286827613937528e-05 - 1.4882897956271745e-05 - 7.82146570018666e-05 - -0.00012598431923397995
