Number: 9245
Error: 2.798715798918134e-08
A1: [0.05247878649004148, -0.148695920565124, -0.027692430371141694, 0.1211339633243816] - [0.004065933266075276, 0.12958772384610406, -0.11484830813303515, -0.02379907163413662] - [-0.015460731236843531, 0.22207485607522978, -0.12805665888819312, -0.08262222412689606] - [0.026442439547941225, -0.10072486427348402, -0.050130656228975425, 0.12159275801255646]
A2: [0.08915221035300147, -0.07301448790418776, -0.12372678958661866, 0.10718296644083618] - [0.10902786034148933, 0.24999996277207168, -0.4046629750396972, 0.046378960254124586] - [0.036772350738994194, 0.4626906749160816, -0.3775843186149327, -0.12133502960942262] - [0.14310050277134898, -0.04493048432684797, -0.20181712288012957, 0.10234905038549308]
B1: -3.554498805560467e-05 - -5.5180586570715296e-05 - -0.0002300230460886928 - -5.7065556081054966e-05
B2: -0.00017613148175291723 - -1.1884707122159313e-05 - -0.00021015594376707348 - -0.00021144283203131242
