Number: 9161
Error: 6.64838571046368e-07
A1: [0.046704742561660434, -0.1544804453592298, -0.03349915914098405, 0.1153758953428308] - [0.005507080331676255, 0.1310146889726173, -0.11345788749727137, -0.022358559486608053] - [-0.017852238812783822, 0.21970445658734478, -0.1304491476052754, -0.0849721121662054] - [0.02337121260286966, -0.10379884737863247, -0.05322941499264002, 0.1185310692772064]
A2: [0.08644271101725143, -0.0757505051646125, -0.12635152110386688, 0.10444598679544058] - [0.10599975670718853, 0.24696894668736702, -0.40763587889983516, 0.043299297912110145] - [0.029399879314819587, 0.4553416543774969, -0.38479730211112395, -0.12880266669633092] - [0.14316064185976107, -0.044852977672002865, -0.20175195926529352, 0.10241974115118613]
B1: -0.0012746184945673232 - 0.00023439816444728953 - 0.0010170143775331021 - -0.00012520529386723868
B2: 0.0012971037554519926 - -0.0020987666625864464 - 4.989929032352407e-05 - 0.00022222106530541888
