Number: 2975
Error: 8.422647375918889e-08
A1: [0.06243668478339609, -0.04886494826856777, -0.024431281294774693, 0.006864640603766947] - [0.04363759483995425, 0.19124781011644207, -0.14258868641537595, -0.09253701077965293] - [-0.12342140253770291, 0.4148900438508914, -0.10483136055443487, -0.1870433676852957] - [0.03718966934889636, 0.019357330475372105, -0.032945315557691666, -0.02286396903952747]
A2: [0.06357716977697685, -0.17355204786187148, 0.08646153648724542, 0.02409181675876123] - [0.02944803322877871, 0.2004544696144632, -0.10155291783053617, -0.12771853227987226] - [-0.0925309809992136, 0.5145451505662405, -0.22472261270934568, -0.1942439295800196] - [-0.02446539768719817, 0.0199732488370943, -0.048824764593962136, 0.058402475116423096]
B1: 8.481147827068984e-05 - 0.0003400133013998123 - 0.00023628950068204036 - 0.0003573217896436037
B2: -8.537249180499845e-05 - 0.00013253727567232092 - 0.00014469443939459683 - -9.664269521754896e-05
