Number: 9705
Error: 2.896162361740894e-15
A1: [0.0531727512060335, -0.14800106983641168, -0.02699884647694812, 0.12182802314465616] - [0.005314278891958407, 0.13083725392941323, -0.11360018478291702, -0.02254920351296954] - [-0.014444548981174421, 0.22309154839814357, -0.12704125194436613, -0.0816060054294863] - [0.027146556197833394, -0.10001994193651874, -0.04942441209509207, 0.12229821674995246]
A2: [0.08925441722114513, -0.07291341428750255, -0.12362746388692183, 0.10728633844723408] - [0.10884167371469801, 0.2498141260171528, -0.4048453435265043, 0.04618942407704771] - [0.036636105239129794, 0.4625552918256438, -0.3777172809743881, -0.12147309240446716] - [0.14342639580531938, -0.04460666057792398, -0.20149957199136379, 0.10267982454431576]
B1: -1.0355743409604213e-08 - 5.223343707808513e-08 - 6.85428729284435e-08 - 1.354676866895824e-08
B2: 5.6719405957456616e-08 - -1.0274022038329714e-07 - 1.0165534500360901e-08 - 6.940811127224284e-08
