Number: 2169
Error: 0.0007377426991993401
A1: [0.08281074900012272, -0.008213910321246718, 0.030223665186978055, 0.07233710855437159] - [0.035704223161562174, 0.16394624649311754, -0.18044522128217333, -0.1281986818739888] - [-0.2703346908127834, 0.2499733974896018, -0.25618039563377365, -0.3850571192998676] - [0.05562952502188643, 0.08266156853196893, 0.04240496385067005, 0.040035843663322586]
A2: [0.16796903346664258, -0.1499468251057719, 0.13286417015378404, 0.11946057943884836] - [0.022078035535592268, 0.19070844953762736, -0.10733512061145142, -0.1388748240112889] - [-0.08288617285652983, 0.558304511030337, -0.19362115635184707, -0.18009052891855243] - [-0.06378359899062246, 0.02392463845721964, -0.041752762562035306, 0.0408131924102003]
B1: 0.024732765401958564 - -0.0012119352796136087 - -0.017910411231535046 - 0.03226190112476534
B2: 0.025523235061824013 - 0.00812091987770044 - 0.07708388522493341 - -0.04202870619065917
