Number: 6325
Error: 8.863343187936953e-16
A1: [0.08043169749894956, -0.18046779793763232, -0.01958884417429419, 0.11962498455107055] - [0.03741561129383578, 0.13359641745135584, -0.13472615496058546, -0.03628579381466208] - [-0.0017027688436197842, 0.2281901666748722, -0.12282833254949334, -0.10365886006868341] - [0.038863281772863426, -0.11448097134154356, -0.04641639408220513, 0.12203427526725197]
A2: [0.03530741523860055, -0.029273503696612965, -0.07569737640463099, 0.0696633786249175] - [0.10289381457809424, 0.2828967657149243, -0.39260633444099896, 0.006816062924276938] - [-0.011187090996697005, 0.5390145997350695, -0.35945100697964777, -0.1683764550875785] - [0.09786284239250931, 0.017463359675687493, -0.16885096959585574, 0.05352492350317964]
B1: -1.9557727621019806e-09 - 3.0304770138865137e-09 - 2.3562173031319177e-08 - -4.77440627791496e-09
B2: -9.640046395712513e-09 - -9.398113374548454e-09 - 2.804336933091194e-08 - 1.3568718700166914e-08
