Number: 8787
Error: 3.161838145010492e-07
A1: [0.0804258768933604, -0.18047357303954684, -0.01959471332424623, 0.11961918624926085] - [0.03744410429328529, 0.13362484493488008, -0.13469775945264575, -0.03625731311948916] - [-0.0016156852222404877, 0.228277332371723, -0.12274142709654208, -0.10357177309744905] - [0.03893195844001181, -0.11441244802371982, -0.04634783431696417, 0.12210292377634371]
A2: [0.03545724725558223, -0.029123432486501514, -0.07555480938352115, 0.06982015472808192] - [0.10303887770829916, 0.28304290504163726, -0.39246594549091507, 0.006967928730831979] - [-0.011021516184844555, 0.5391810744827916, -0.3592942064082037, -0.16820196435855783] - [0.09795415789623944, 0.01755492741941743, -0.1687639421308596, 0.05362073937400572]
B1: 0.00011146189593874521 - 0.00012029849819566763 - 8.635118926977452e-05 - 0.0001147661674444829
B2: -0.00047988328872537706 - -0.00034134022441764184 - -0.0005941086648378962 - -0.00040582399321613014
