Number: 8641
Error: 1.4504137365013796e-15
A1: [0.08043172089545132, -0.18046777454375654, -0.019588820805783023, 0.11962500794491561] - [0.03741569581661262, 0.13359650191022704, -0.1347260706059885, -0.03628570933858218] - [-0.0017028024847511392, 0.22819013303445326, -0.12282836614137282, -0.10365889370081999] - [0.038863285461393844, -0.11448096766328464, -0.04641639039600771, 0.12203427895354624]
A2: [0.03530749722499041, -0.029273421483435324, -0.07569729845286002, 0.0696634644323426] - [0.1028937899832693, 0.28289674091138395, -0.39260635822867435, 0.006816037169759047] - [-0.011186998665186673, 0.539014692617237, -0.35945091958558734, -0.16837635779494678] - [0.09786284489882835, 0.017463362193365653, -0.16885096720987705, 0.053524926133819636]
B1: 5.005829196121298e-09 - -6.759969066082912e-09 - -1.3570357693722439e-08 - 7.80951866549345e-09
B2: -1.1950916125428528e-08 - -3.814511477470569e-08 - 2.3378140356897052e-08 - -2.6894524377693008e-08
