Number: 2343
Error: 4.61851706659788e-05
A1: [0.0565281833613153, -0.056878498309478547, -0.033587970194353334, -0.00029355947541725514] - [0.04238930355094507, 0.18983990354248642, -0.1444857801729329, -0.09367466898898613] - [-0.12945315293859, 0.4095520126300177, -0.11032161935917938, -0.19269744078095166] - [0.02836834114385605, 0.010881338228644028, -0.0411606428163755, -0.0317829028606112]
A2: [0.12591871167892563, -0.11038521696831749, 0.14957831316454154, 0.08561452456042894] - [0.03188685553820764, 0.20280980435019072, -0.09918801872505383, -0.12539242450875018] - [-0.13135843370407402, 0.47635929841861335, -0.2635865570740369, -0.2316132576991813] - [-0.007756810510356503, 0.036779284115391817, -0.03136406011523613, 0.07532259558936592]
B1: -0.0054976313259281805 - 0.000594802876016887 - 0.0037944720392391537 - -0.02311164026798504
B2: -0.004101890797545126 - -0.006600557515476248 - -0.003741873414785559 - -0.004721130341549807
