Number: 4794
Error: 1.2110976082156025e-15
A1: [0.06621315658728846, -0.11395210424309918, -0.023983975354923637, 0.07172284309723716] - [0.037402592905874915, 0.1881933510701605, -0.14740896567610678, -0.07818702907644934] - [-0.06022932741637621, 0.32895084229848215, -0.12775306671744988, -0.14096827947405982] - [0.03904615487360286, -0.05332269011411814, -0.03741859451808361, 0.051695116326096774]
A2: [-0.009108577041064032, -0.3468031867998385, 0.24945508906157357, 0.10645667857428086] - [0.08003990944957161, 0.03628234712339951, -0.05025002079936213, -0.06607186725796454] - [-0.04245271727540676, 0.23083200386283018, -0.04053113604215172, -0.14784772596292928] - [0.06813487333094581, -0.29346774810832205, 0.14177134317058282, 0.08356196646417584]
B1: 1.9072531663173803e-08 - 1.2009477108133103e-08 - -1.6324712126355504e-08 - -1.360855076635636e-08
B2: -1.3375983813202188e-08 - -1.1691853275005587e-08 - -1.878911883033971e-08 - 9.892577024906711e-09
