Number: 270
Error: 5.278839150050523e-08
A1: [-0.0142929509644893, -0.016714590746131144, 0.01572285477789778, 0.00629712990136971] - [0.06470628487124863, 0.18840926226573315, -0.14648973900936266, -0.11126541529754075] - [-0.09841186135972595, 0.4197391744405708, -0.05575480783278059, -0.2745035580037629] - [-0.0022247155389672813, -0.019087214878328932, -0.00479556628598309, 0.02233319792246938]
A2: [0.16115375011310829, -0.16817941128403058, 0.008077454148748232, -0.002755048043521695] - [0.035723323881885934, 0.20775055319947805, -0.11697385345550847, -0.12555962042839766] - [-0.0860840520245383, 0.581665075246021, -0.23526337184410914, -0.2598095019394565] - [-0.00392698839215394, -0.0046096363329047, 0.0010193274197188404, 0.007155449130476559]
B1: 1.4259480187034937e-05 - 0.00027244855340287117 - -0.000262105299946856 - -4.655578599736763e-05
B2: 0.0006618927836064795 - 1.3442906021401198e-05 - -0.00032596747773010377 - 6.609649635579888e-05
