Number: 7807
Error: 1.0372541487247536e-15
A1: [0.08043167989455167, -0.1804678155400454, -0.019588861757638867, 0.11962496694868464] - [0.037415570694918625, 0.13359637688315879, -0.13472619547859224, -0.036285834391087006] - [-0.0017028425024401075, 0.2281900930176189, -0.12282840610045889, -0.10365893370783974] - [0.038863231345020545, -0.11448102162787491, -0.046416444477911496, 0.12203422487074965]
A2: [0.03530741733451162, -0.02927350159488078, -0.07569737441190322, 0.06966338081855167] - [0.10289379438386098, 0.2828967453493124, -0.3926063539725397, 0.0068160417779044285] - [-0.011187033805811887, 0.5390146572670518, -0.35945095284712775, -0.16837639482365413] - [0.09786283645968263, 0.01746335371587573, -0.16885097524346498, 0.053524917275580515]
B1: 2.183628912213617e-08 - -1.5155439032845013e-08 - 9.735835446367463e-09 - 1.3042227637001238e-08
B2: 2.1748910332540056e-08 - -3.8247297182310015e-08 - 2.100707927018384e-08 - 1.735468591282869e-08
