Number: 4162
Error: 8.218023422620528e-16
A1: [0.06621318319812938, -0.11395207822690682, -0.02398394876494293, 0.07172286966345878] - [0.037402618737732735, 0.18819337575074377, -0.14740894028140997, -0.07818700367948775] - [-0.0602294242080119, 0.32895074933544693, -0.12775316143202023, -0.1409683736794132] - [0.03904608179550543, -0.053322759477168344, -0.03741866521876133, 0.051695046199530775]
A2: [-0.009108666174135182, -0.3468032813560998, 0.24945499920744146, 0.10645658512319134] - [0.08003982419366103, 0.036282255278378285, -0.050250113979240764, -0.06607196122901468] - [-0.04245273401665658, 0.23083198538632133, -0.0405311539827686, -0.14784774447797977] - [0.06813473209750391, -0.29346790361227904, 0.14177119006026911, 0.08356180811564658]
B1: -3.998190588183638e-08 - -4.2732035769584754e-10 - 3.53605107547044e-08 - -1.2524205251433349e-08
B2: 6.891747468811964e-09 - 1.4353864320716542e-08 - -1.582650334017079e-08 - -3.102777994077736e-08
