Number: 1471
Error: 5.2406020752234584e-09
A1: [-0.007016974060620337, -0.014821775673190709, 0.003174297776557582, 0.019629769726460487] - [0.06674611378805036, 0.1898068489448935, -0.14681845815868114, -0.10995204734870376] - [-0.11290277886937093, 0.4414740591772156, -0.07112027234491985, -0.25844353019938016] - [-0.024044968902996195, 0.014680154526025795, -0.030624253413904325, 0.03819852806863703]
A2: [0.1317276748067408, -0.22448908826252942, 0.02280588123071612, 0.07029885289689172] - [0.03267817308434408, 0.20378065219681255, -0.11485648936509107, -0.12142624443291] - [-0.09482610905702551, 0.5553396648670471, -0.23540247303824915, -0.22583534665466934] - [-0.020977858415607356, -0.019424250339506528, 0.007968755321346948, 0.0320368012477382]
B1: 3.34310581241525e-05 - -4.133371229823536e-06 - -1.0835957545976464e-05 - -5.649759424717725e-05
B2: 0.00011592760491599295 - 3.5429099494230796e-05 - -3.3513889023019294e-05 - -0.00014433041932314166
