Number: 6703
Error: 7.824736510656781e-16
A1: [0.08043166970599432, -0.18046782572744222, -0.01958887193401876, 0.11962495676128809] - [0.03741556843905316, 0.13359637462900706, -0.13472619772998076, -0.03628583664570798] - [-0.0017028322544061039, 0.22819010326543607, -0.1228283958674335, -0.10365892346254615] - [0.038863204915953055, -0.11448104798276193, -0.04641647089014103, 0.12203419845810824]
A2: [0.03530742913751393, -0.029273489759253674, -0.0756973631897351, 0.06966339317165131] - [0.10289376868759394, 0.282896719434943, -0.3926063788256782, 0.006816014870197993] - [-0.01118714365738438, 0.5390145467602796, -0.35945105682411466, -0.16837651057800063] - [0.09786278150265502, 0.017463298508864206, -0.16885102755903422, 0.05352485958862969]
B1: -6.1448925460906305e-09 - 5.315704908356373e-09 - -2.041275051604207e-08 - -1.0508795569028948e-08
B2: -1.0238117307631762e-08 - -1.3890000833553631e-08 - -5.29553662299679e-09 - -1.7020393119376548e-08
