Number: 8162
Error: 7.758424722403016e-16
A1: [0.08043166442445493, -0.18046783100841185, -0.01958887720928899, 0.11962495148032695] - [0.03741565284242646, 0.13359645896854014, -0.13472611349465274, -0.03628575228902332] - [-0.0017028188580905151, 0.22819011666145844, -0.12282838249073849, -0.10365891006980597] - [0.03886323445454265, -0.11448101852708237, -0.04641644137038759, 0.12203422797833144]
A2: [0.03530727711876827, -0.02927364219840577, -0.07569750772749054, 0.06966323406783183] - [0.1028937119849075, 0.2828966622510289, -0.3926064336677798, 0.006815955494230048] - [-0.01118698001097678, 0.5390147113826962, -0.35945090192901846, -0.1683763381383138] - [0.09786293686782832, 0.01746345458069922, -0.16885087966122983, 0.05352502267123196]
B1: -4.7831867779061745e-08 - 7.954898303940232e-09 - 3.216503233443927e-08 - -2.227344308361927e-08
B2: -2.8043560452643576e-08 - 2.2289316105476887e-08 - -8.47708819623674e-09 - -1.0086197267955711e-08
