Number: 809
Error: 2.545794367806344e-12
A1: [-0.012158633321081923, -0.01452255158164037, 0.018081492174991297, 0.008577498349299622] - [0.0658341562146162, 0.18949422274908131, -0.14532368606376492, -0.11000976234145803] - [-0.09630109006970472, 0.42177834255527763, -0.053466031635257816, -0.27204507328286975] - [-0.001315935353524156, -0.01821389302272222, -0.0038291870611641514, 0.02338317566697602]
A2: [0.1615893213154854, -0.1677522217219602, 0.008503881962854157, -0.002330534336518193] - [0.03548674970008251, 0.20751773145902427, -0.11720940234284916, -0.1257910256807123] - [-0.08621092785596707, 0.5815406849527122, -0.23538618036616654, -0.25993301635920163] - [-0.0038310643730703107, -0.004515451756062767, 0.0011141198247184708, 0.007247126847804288]
B1: -1.0690164556968474e-07 - 2.1859397537070326e-06 - -1.2067493590633433e-06 - 6.848019633801035e-07
B2: -2.3925354125580597e-07 - -2.481979731464902e-06 - -1.558503424153873e-06 - 1.4146616316726984e-06
