Number: 5672
Error: 0.00015333216708265804
A1: [0.05795433764440206, -0.12142611319377296, -0.03188926219307687, 0.06392812987920367] - [0.017007057772537814, 0.16887149803828996, -0.16745060061588257, -0.09851343544402756] - [-0.1113573618488882, 0.2777143311789792, -0.17916475943091237, -0.193570862595857] - [0.03158124195892423, -0.05836233457045385, -0.04350568844507111, 0.04638561813575808]
A2: [0.011940146230522494, -0.325502091176312, 0.26775002411135923, 0.13058873430282472] - [0.09645586183997511, 0.053940599709619334, -0.03303064963509991, -0.04779779443841569] - [-0.016139394860877145, 0.25942526238761315, -0.013961713186034985, -0.11767766071784111] - [0.11761587423217872, -0.23930415041690703, 0.19384743967683962, 0.13951986784012801]
B1: 0.0075198508353512186 - 0.013103087573533099 - 0.00597764766238248 - -0.00181039569941247
B2: -0.002852105189496544 - -0.016243730150818755 - 0.005180516179492438 - -0.005513792434084699
