Number: 4968
Error: 9.815820779234636e-16
A1: [0.06621316499101493, -0.11395209602714387, -0.023983966957768325, 0.07172285148689143] - [0.037402626778135245, 0.18819338343282682, -0.1474089323770635, -0.07818699577446013] - [-0.06022937726071811, 0.32895079442571307, -0.12775311549216864, -0.14096832798645548] - [0.03904613895380547, -0.05332270522459504, -0.03741860991992929, 0.05169510104930832]
A2: [-0.009108508612324043, -0.346803114207762, 0.24945515804399265, 0.10645675031803763] - [0.08003983591632421, 0.03628226790708693, -0.05025010116693583, -0.06607194830795764] - [-0.04245280061658223, 0.2308319118825181, -0.04053122535371632, -0.14784781813497522] - [0.06813479568741429, -0.2934678335970662, 0.14177125899764212, 0.08356187941161362]
B1: 3.087552347922875e-08 - 7.646141436241957e-09 - 1.1709766075602308e-10 - 5.348550310068819e-09
B2: 6.996945156914861e-09 - 8.699168019668406e-09 - 1.6259873161733252e-08 - 2.513773961521132e-08
