Number: 1988
Error: 0.000250915518823738
A1: [-0.0032924940331823483, -0.010893211418653539, 0.006452670689434574, 0.02358298153806477] - [0.09529107007600228, 0.21733651028024467, -0.11699563967160567, -0.07795051690024452] - [-0.1379022839831959, 0.4167570669224966, -0.0977973539849732, -0.2851856523025926] - [-0.034292367391479846, 0.004603965200009705, -0.04049943547422909, 0.02848668342344972]
A2: [0.14857896979561624, -0.20888431694920423, 0.03862805866827977, 0.08580554039853573] - [0.040300943620067725, 0.2108247276091639, -0.10749322269879623, -0.11453338307073666] - [-0.08354119349416925, 0.5645872195673562, -0.22525446372106248, -0.21706371948697412] - [-0.01415602293091072, -0.013577891139204733, 0.014167385077415329, 0.037163405156867]
B1: 0.011531726622423508 - 0.006716879857372394 - 0.01850930359532709 - 0.01149077049084824
B2: -0.002060764182504395 - 0.0015393529683883776 - -0.006725932121938349 - -0.002174288164613179
