Number: 5338
Error: 9.431792637371794e-16
A1: [0.06621320496774576, -0.11395205694374162, -0.02398392701241841, 0.07172289139651193] - [0.03740265345427833, 0.18819340892017114, -0.14740890615229763, -0.07818696954738102] - [-0.06022926138744366, 0.32895090571539387, -0.127753002105538, -0.14096821520957972] - [0.03904614770212928, -0.053322696920875275, -0.03741860145613239, 0.05169510944433977]
A2: [-0.009108967760709493, -0.3468036012908492, 0.24945469518046562, 0.10645626892720053] - [0.08003995493637266, 0.03628239612561898, -0.05024997108493594, -0.06607181712148351] - [-0.042452756846501696, 0.23083196018962487, -0.040531178448187696, -0.14784776972711666] - [0.06813482234638749, -0.29346780424457847, 0.14177128789824933, 0.08356190930110749]
B1: -2.615303090315062e-08 - -8.000163838151932e-08 - 2.905774153211566e-08 - 3.7988459498970135e-08
B2: -1.6660047418414698e-08 - -3.7438756809345345e-08 - -3.181328110910636e-08 - -1.020019040067544e-08
