Number: 2791
Error: 1.4753056166190916e-08
A1: [0.06342743500994709, -0.04787937427573556, -0.02345083678556012, 0.007847905070230138] - [0.04373983882285635, 0.19134610389763276, -0.14248406327774155, -0.09242630851326689] - [-0.12325574906361485, 0.4150501960508285, -0.10466844058700074, -0.18688268839271494] - [0.03707062983245995, 0.019234747629958474, -0.03306513906286318, -0.022984634935368422]
A2: [0.06327853273513985, -0.1738479284458871, 0.08616223060244016, 0.023797722682122577] - [0.029463730571186144, 0.20046993087003326, -0.101536957434112, -0.12770291865354136] - [-0.09323803075771613, 0.5138506667629874, -0.22543387169414658, -0.19493166409426585] - [-0.024885239162616066, 0.019557306693198787, -0.04924508441539302, 0.05799138166779747]
B1: 8.589683060541086e-05 - 3.581329823187552e-05 - 3.599651351041676e-05 - -0.00024547345350537964
B2: -3.816171135237581e-05 - -0.0001089611732844881 - -9.29551254139331e-05 - -0.00010338042770872368
