Number: 8289
Error: 7.949144629296802e-16
A1: [0.08043169987240596, -0.18046779556447182, -0.01958884180373439, 0.11962498692422043] - [0.037415593005911, 0.13359639917731575, -0.13472617321191907, -0.036285812092369925] - [-0.0017028186018960216, 0.22819011691764485, -0.12282838223491988, -0.10365890981368325] - [0.03886324940374148, -0.11448100361983164, -0.04641642643072339, 0.12203424291823478]
A2: [0.035307604722987024, -0.029273313688100273, -0.07569719624495776, 0.06966357694053221] - [0.10289376971545065, 0.2828967204715328, -0.3926063778314958, 0.006816015946466684] - [-0.011187044706603037, 0.5390146463011849, -0.35945096316494474, -0.16837640631024012] - [0.09786265973516042, 0.017463176187488032, -0.1688511434740689, 0.053524731772685824]
B1: -4.0112086409367804e-08 - 4.454239252964332e-08 - -5.272450083657151e-08 - -2.624879205384142e-08
B2: -1.5408144519180984e-08 - -2.5320625297529873e-08 - -1.1176651315482845e-08 - -1.6315241347467167e-08
