Number: 4728
Error: 7.186948863904988e-16
A1: [0.06621321009644333, -0.11395205192969439, -0.0239839218877652, 0.07172289651658871] - [0.037402621996481276, 0.1881933788642656, -0.14740893707780925, -0.07818700047562191] - [-0.06022930597728216, 0.3289508628895488, -0.12775304573841617, -0.14096825860785267] - [0.03904631366058905, -0.05332253939945418, -0.03741844089695519, 0.05169526869988548]
A2: [-0.009108853711282094, -0.34680348030331154, 0.24945481015283447, 0.10645638850090748] - [0.08003995394224693, 0.036282395054732845, -0.05024997217143697, -0.06607181821712534] - [-0.0424528679673336, 0.23083183755016556, -0.040531297529389165, -0.14784789262221187] - [0.06813461537699904, -0.2934680321263662, 0.14177106352400143, 0.08356167725072974]
B1: 2.5891615610942128e-08 - 3.837290980008687e-08 - -3.096971886784326e-08 - -6.047071005131058e-08
B2: 6.322175316076953e-09 - 1.2308399725280488e-08 - -1.3907147673179839e-08 - -2.4723979524720672e-08
