Number: 9106
Error: 3.679643363533356e-05
A1: [0.04321762594819041, -0.15857925514767632, -0.03670803527048277, 0.11125980954580768] - [-0.009466575447182692, 0.11587500455678885, -0.12849380150215442, -0.03756277451001402] - [-0.019651315386800008, 0.21829985552371417, -0.13145395469701104, -0.08588859017711975] - [0.013686369361957504, -0.11369038830005575, -0.062398850924420594, 0.1087043424351613]
A2: [0.11012993655612197, -0.05188718261697411, -0.10214643598915875, 0.1287719663794192] - [0.12026462242987765, 0.26095352459148974, -0.39346819118108234, 0.05768155071799515] - [0.05264738385388347, 0.4791693753556312, -0.36135545414141257, -0.10525347951288143] - [0.14703826928128988, -0.04101904084671428, -0.19819978322072807, 0.10615949865923703]
B1: 0.006732315024301237 - 0.0019664278856974336 - -0.0028796465831025953 - 0.0004950270051090945
B2: -0.0014901138211267859 - -0.004664399065958374 - -0.004081169008147145 - -0.003071734505192239
