Number: 2463
Error: 6.467836370554414e-07
A1: [0.05872848844283997, -0.052591699497184605, -0.028085243437579985, 0.0031946820727494487] - [0.04454318214097441, 0.19210342379044118, -0.14168634066576138, -0.0915673472403509] - [-0.12118815535638869, 0.4170433905661981, -0.10264231278846163, -0.18488379063070087] - [0.03595906414195878, 0.018107726153086895, -0.03418741534760586, -0.02412305470072545]
A2: [0.05907304926107271, -0.17805658415444264, 0.08192415716841911, 0.019664012291797553] - [0.02875967737018857, 0.19976947539882342, -0.10224913895254305, -0.12839862036710828] - [-0.09544112160036385, 0.5117539595817966, -0.22763089824374103, -0.19702500923265667] - [-0.02750551158937358, 0.016992123130742724, -0.05185623048351552, 0.05548287905358959]
B1: 0.0007518296326976329 - 0.00036516165234021626 - -0.0015849921644388956 - -0.0012841928405243396
B2: 0.0017252557196454333 - -0.001091459785418338 - -0.00169899219472065 - -0.0007682634946188486
