Number: 9849
Error: 8.364037967045136e-16
A1: [0.05317248895640406, -0.1480013321821338, -0.026999108437133986, 0.12182776076869965] - [0.005313712354772391, 0.13083668679858745, -0.11360075123332396, -0.022549770848851364] - [-0.014444527618375794, 0.22309156976907743, -0.12704123059819786, -0.08160598405894902] - [0.027146438420785873, -0.10002005971311854, -0.049424530120208844, 0.12229809867375398]
A2: [0.08925446756226746, -0.07291336406235646, -0.12362741468004808, 0.10728638940903262] - [0.10884158301742883, 0.24981403530400859, -0.4048454324273413, 0.046189331853781095] - [0.03663567878462774, 0.46255486758990216, -0.3777176970445357, -0.1214735232820012] - [0.1434262619448449, -0.04460679393949085, -0.2014997026945415, 0.10267968869785377]
B1: -2.5307702557520194e-08 - -2.475572415134972e-08 - -1.7111223930443642e-08 - 3.928110617556202e-09
B2: -2.9870546723345766e-08 - -2.2078258939781537e-08 - -3.277045368335872e-08 - -1.2040938493954364e-08
