Number: 1119
Error: 2.6093245417535393e-06
A1: [-0.0141156100020957, -0.021979097790995165, -0.004116600258463724, 0.012239472894785402] - [0.06200448804009859, 0.18521348911589866, -0.151745766841274, -0.11518749565160719] - [-0.11751528322743422, 0.4370454632697485, -0.07583314404223865, -0.2635227159844078] - [-0.033725439736227505, 0.005055687653284671, -0.04030549909266259, 0.027883302410493544]
A2: [0.12711974599547465, -0.22898731995198662, 0.01832857501631697, 0.06572199904960949] - [0.01646262467277254, 0.18785890310003955, -0.13100160422230467, -0.1373009893249452] - [-0.09656769368732479, 0.5537612672107466, -0.23709612745485337, -0.22763426066051248] - [-0.03228095360399442, -0.030662465039209465, -0.0031405765694522757, 0.021008151017647966]
B1: -0.002149033484024357 - 0.0007514666213814061 - -0.004543866565490668 - -0.0002847358349745376
B2: -3.658862387751166e-05 - 0.0001044764672935173 - 0.00013408498798682953 - -0.0008251940339735497
