Number: 3151
Error: 4.133921995282658e-06
A1: [0.06810102044124405, -0.043213850713953984, -0.018637833186452273, 0.012871499641764273] - [0.039497777984305406, 0.18723214762833001, -0.14683763432796637, -0.09713848724080487] - [-0.12036834175820821, 0.4179336635186453, -0.101558973330106, -0.18357849816242847] - [0.02929430836690842, 0.011157450205472392, -0.041160855847477244, -0.030604154380791733]
A2: [0.07577593896338455, -0.16155295536582526, 0.09840107118969603, 0.03525840281739136] - [0.02804591701969765, 0.19903248850743455, -0.1029454643379817, -0.12916496752077863] - [-0.08321563464607132, 0.5237789343867993, -0.21537672744050715, -0.18512614347719533] - [-0.017793199925113676, 0.026900570079091114, -0.04203701631238564, 0.06512092079641622]
B1: 0.006535449546696621 - 0.0007123941184185617 - -0.0038543443879068325 - -0.0053064016111322365
B2: 0.0011312767325511752 - -0.00452323405858704 - 0.0003560550264686156 - -0.0037345711561869326
