Number: 4502
Error: 1.0673729568636226e-15
A1: [0.06621318705811648, -0.11395207445320003, -0.02398394490800376, 0.07172287351694887] - [0.03740263539669179, 0.18819339166724622, -0.14740892390436872, -0.07818698730101353] - [-0.060229679467533555, 0.32895050417265237, -0.1277534112139723, -0.1409686221178508] - [0.039046228047770304, -0.05332262065995241, -0.03741852372453169, 0.05169518654488727]
A2: [-0.009108468278881208, -0.3468030714202302, 0.2494551987037614, 0.1064567926054671] - [0.0800398130404102, 0.03628224326316398, -0.05025012616907348, -0.06607197352233905] - [-0.042452795005330675, 0.23083191807543518, -0.040531219340548666, -0.14784781192907887] - [0.06813460107281927, -0.29346804787601044, 0.14177104801691257, 0.08356166121296452]
B1: -5.527051015290889e-08 - 1.8093576512409558e-08 - 4.212266590157935e-08 - -3.510049059764819e-08
B2: -1.7532156861621466e-08 - -3.722991919942158e-08 - 3.925897552739545e-08 - -4.544431383713315e-08
