Number: 8926
Error: 0.0007507447892182663
A1: [0.08854475413696941, -0.17527303974266314, -0.00740569667073325, 0.13525720394486046] - [0.06519091252943099, 0.1651763649842733, -0.08997371197571619, 0.0100484048029846] - [-0.02256151511814664, 0.203933578133102, -0.14377633207196505, -0.1240297247203547] - [0.08123529754378464, -0.0778102831488025, -0.009294987810074117, 0.16367923646695798]
A2: [-0.04178348445606926, -0.10004352941837517, -0.1655557895333676, 0.002581299603941656] - [0.1424698079581193, 0.31928353948767535, -0.3600179746498597, 0.059304817103738625] - [0.0856940612522344, 0.6229735827808833, -0.2685434186444275, -0.0490177458914047] - [0.17286815748934314, 0.08179498619893583, -0.09673885335062166, 0.14984387168044527]
B1: -0.0093517337203715 - 0.004293869359674924 - 0.035014137220910686 - 0.029282928981626717
B2: 0.03385537042613902 - 0.03532198807439753 - 0.008645346326998796 - 0.058882340566494704
