Number: 5022
Error: 1.2097452956667019e-15
A1: [0.06621317522806178, -0.11395208601885237, -0.02398395672874977, 0.07172286170676383] - [0.03740264142242439, 0.18819339742445848, -0.1474089179805997, -0.07818698137672335] - [-0.06022952611225606, 0.3289506514618655, -0.12775326114958155, -0.14096847286046424] - [0.03904625982979715, -0.05332259049352828, -0.03741849297635483, 0.051695217043346786]
A2: [-0.009108692710635245, -0.34680330950687743, 0.249454972456193, 0.10645655730134349] - [0.08003981396330379, 0.03628224425741596, -0.05025012516031125, -0.06607197250506486] - [-0.04245285967236058, 0.23083184670506515, -0.040531288640113274, -0.14784788344826255] - [0.06813474559820955, -0.29346788874731855, 0.1417712046962286, 0.08356182325253755]
B1: -2.0056133876378517e-08 - 5.2698031575380005e-09 - 1.754823612622051e-08 - 7.942814618993414e-09
B2: -4.179906510050678e-09 - -3.862309301598341e-09 - -6.215395654841836e-08 - 2.5857022483497376e-08
