Number: 2037
Error: 8.795331907919829e-05
A1: [-0.03676076031424779, -0.046350826076751304, -0.030880969261010492, -0.012025899953026765] - [0.044678053061025215, 0.16899566028914018, -0.17002328037063907, -0.134616278339506] - [-0.18546866481485713, 0.3666968985349765, -0.14875827330832198, -0.33621880238173074] - [-0.016042650202926265, 0.026581901327993526, -0.02331837084210013, 0.04396776422326533]
A2: [0.0990418759545101, -0.25562403407326734, -0.011894840638166567, 0.042612435959743] - [0.02100600009668913, 0.19200267748698824, -0.12623732180106245, -0.13295649539982032] - [-0.059545204926031756, 0.5864327494421515, -0.20027273713254007, -0.1910127642139127] - [-0.02533993871372412, -0.025733363384867754, -0.004002862171781274, 0.03428795646520605]
B1: -0.0023561357584463496 - 0.02985501753808789 - -0.012865175938185362 - -0.02931574034863964
B2: 0.010369902592369196 - -0.014272836815639366 - -0.014512323020710493 - 0.013184975833892805
