Number: 2213
Error: 0.0002589526029959151
A1: [0.058178046998124615, -0.0375167734079104, -0.0058527746556947206, 0.03437085708537749] - [0.0428385522835776, 0.17652834217439492, -0.16598191828731543, -0.11726873543178848] - [-0.2327340226965965, 0.3155468941892815, -0.2065430081518477, -0.294853827111919] - [0.005341883916914772, 0.0106366892810289, -0.031562188426585605, -0.03012142252540865]
A2: [0.15338897807141968, -0.1407731558566418, 0.14220793207125923, 0.10190280161142527] - [0.06574457783743616, 0.23267472009736495, -0.06626013800824468, -0.09547266114986526] - [-0.1785012552091884, 0.4526794926797174, -0.285229638192545, -0.2765686449861173] - [-0.1576752159443458, -0.07283315497619414, -0.14138487944423583, -0.05061097439614609]
B1: 0.039499220052872624 - -0.02950700197659175 - -0.010076139189488409 - -0.02288521773324979
B2: -0.006849789912753749 - 0.01707894866644492 - -0.013708683994711719 - -0.01900284556903278
