Number: 5779
Error: 2.7552671780982665e-05
A1: [0.10932289236634056, -0.15368321256758183, 0.007380496698639532, 0.1471427246440657] - [0.07906133193019318, 0.17079395086008317, -0.0974674739788551, 0.0022794007980048566] - [0.019743309667013705, 0.2512568958802062, -0.10096335749600606, -0.08192328213234837] - [0.04841422224591671, -0.10213014667212714, -0.0341503173199842, 0.13340336681660414]
A2: [0.007356730969390421, -0.058363904343120686, -0.09971731903869639, 0.0433461953115185] - [0.10026970677843028, 0.2806432034224595, -0.39663349699522793, 0.002451274125771418] - [0.020063559122491165, 0.571673784483814, -0.32988677987366294, -0.13767683823838073] - [0.11371260304794026, 0.033901861416089245, -0.1531101615801858, 0.06940158496692475]
B1: 0.0023170187924142676 - -0.005300673011529088 - 0.004120728368257562 - 0.0027572646840683234
B2: 0.0025195678923512228 - 0.012849090583701211 - 0.0029758554396086614 - -0.019252484561632678
