Number: 6024
Error: 8.138283013606726e-13
A1: [0.08043337501796848, -0.18046612061440756, -0.019587168664155562, 0.11962666187651508] - [0.037419173929029055, 0.1335999773690645, -0.1347225994511673, -0.036282233168814085] - [-0.0017004096855051348, 0.22819252580149232, -0.12282597682522406, -0.10365650152826852] - [0.038865512891971786, -0.11447874647868998, -0.04641416437823805, 0.1220365050033727]
A2: [0.03530484924981238, -0.029276076797351048, -0.0756998160957583, 0.06966069304508718] - [0.10289679755196023, 0.28289977400988564, -0.39260344935435, 0.006819186534490661] - [-0.01118279567815194, 0.5390189206889258, -0.3594469413747375, -0.1683719289573736] - [0.09786457646956638, 0.017465101644423504, -0.16884931886358606, 0.053526743723867475]
B1: -1.767715422566569e-06 - 1.5184626451881623e-06 - 6.039168323239626e-07 - -7.031775036421371e-08
B2: -7.504077225461674e-07 - -1.3460908317473226e-06 - 3.292380464942662e-06 - 6.052519930121791e-07
