Number: 3099
Error: 1.2286458366907888e-06
A1: [0.06296206084225534, -0.04844406730880261, -0.024012328993339296, 0.007347337871062772] - [0.045740428456792416, 0.19324370596802792, -0.1404547951688104, -0.09022722313460468] - [-0.12338658454477867, 0.4148217252095233, -0.10488458820224676, -0.18704207620707278] - [0.03635057943209487, 0.018373567885030702, -0.033905469671519105, -0.023724272105017676]
A2: [0.06265029937763508, -0.17438554423634312, 0.0855159850075734, 0.023132710347538925] - [0.030669236866338056, 0.20165227044213654, -0.1003108228450573, -0.12651391320737546] - [-0.0862075150563107, 0.5207588693163574, -0.21839615748790778, -0.1881059407833797] - [-0.022983442750889326, 0.02144079887278394, -0.04738806708194925, 0.059806396851299445]
B1: -0.0022345362346926157 - 0.0016796435876550112 - 0.0016751798502006642 - 0.0018482717012815075
B2: 0.0005321906638079869 - 0.00012044127478211839 - 0.0001310395865166716 - 4.492350971132468e-05
