Number: 7196
Error: 5.894966739128095e-16
A1: [0.08043170413329584, -0.1804677913040405, -0.019588837547882463, 0.11962499118465666] - [0.037415608606213235, 0.13359641476576686, -0.13472615764285284, -0.0362857965007982] - [-0.0017028280410696722, 0.22819010747869028, -0.12282839166025396, -0.10365891925032733] - [0.03886325475762158, -0.11448099828097247, -0.046416421080239065, 0.12203424826879546]
A2: [0.03530736981863798, -0.029273549242195076, -0.07569741958939356, 0.06966333108803624] - [0.10289376545021638, 0.28289671617009254, -0.3926063819568169, 0.006816011480188029] - [-0.011187097041115767, 0.5390145936545846, -0.3594510127008041, -0.16837646145681734] - [0.0978627762460223, 0.017463293228321235, -0.1688510325630209, 0.05352485407088794]
B1: -9.18572597542346e-09 - -4.144187645841831e-09 - 2.1094980606512838e-08 - 7.366298871131491e-09
B2: 6.465140113079854e-09 - 5.875483040733172e-09 - -1.1690266418515822e-08 - 9.345612099117496e-09
