Number: 3511
Error: 5.098256010068881e-11
A1: [0.06620923131671272, -0.11395594289148377, -0.02398789900780763, 0.07171892510672699] - [0.03742362795570445, 0.18821344698245798, -0.14738828561504358, -0.07816634805665792] - [-0.060283915691707234, 0.3288984202782755, -0.12780648016406898, -0.1410214107313204] - [0.03904722967419792, -0.05332167410151613, -0.037417556929779695, 0.05169614862277903]
A2: [-0.00912763181651419, -0.3468234023438588, 0.24943588581068676, 0.10643669941707701] - [0.08003739506204494, 0.03627963944904565, -0.05025277066211323, -0.06607463822722986] - [-0.042517490173625154, 0.2307605137206973, -0.040600545968444327, -0.14791936443157194] - [0.06812925060648715, -0.2934739408192806, 0.14176525328138817, 0.08355566206533027]
B1: 9.956337095012671e-06 - -2.2092726229298982e-05 - -1.4402321705312379e-05 - 1.3683605795621758e-05
B2: 1.8582184401642264e-06 - -2.454568806426093e-06 - -7.435131404252441e-06 - -1.5143782450892951e-05
