Number: 9698
Error: 1.2716049142852606e-14
A1: [0.05317258897910991, -0.14800123212303534, -0.026999008525191746, 0.12182786083954406] - [0.0053137562884794445, 0.13083673077778998, -0.11360070730747059, -0.022549726853233] - [-0.014444565212530819, 0.2230915321607897, -0.1270412681629805, -0.08160602166659083] - [0.027146450655912112, -0.10002004747834045, -0.04942451785975867, 0.12229811093986559]
A2: [0.08925446473596894, -0.07291336688268317, -0.12362741744251589, 0.10728638654797944] - [0.1088415332088468, 0.2498139854864269, -0.404845481249237, 0.04618928120719526] - [0.0366354410418773, 0.46255463108436745, -0.377717928998105, -0.12147376349045433] - [0.1434265542219037, -0.04460650275158228, -0.2014994173112054, 0.10267998531126793]
B1: 9.041281376891429e-08 - 7.205605264791599e-08 - 1.9086594201353893e-08 - 1.9580553306944003e-08
B2: -5.311441593676705e-08 - -6.85935712439081e-08 - -5.393117928073022e-08 - -6.703508397079276e-08
