Number: 4464
Error: 9.531900047994605e-16
A1: [0.06621319921137547, -0.11395206257152421, -0.023983932764281644, 0.07172288564981814] - [0.03740262611323921, 0.18819338279753717, -0.1474089330307153, -0.07818699642816528] - [-0.06022946084483597, 0.32895071414771937, -0.12775319728271642, -0.14096840933722982] - [0.03904615819828751, -0.053322686958469416, -0.03741859130158838, 0.05169511951654286]
A2: [-0.00910856703585088, -0.34680317618586115, 0.24945509914781974, 0.10645668906422952] - [0.0800397962406574, 0.03628222516501967, -0.05025014453025015, -0.06607199203941654] - [-0.04245279781013987, 0.23083191497987415, -0.04053122234635146, -0.14784781503108876] - [0.06813469724713046, -0.2934679419839936, 0.1417711522791456, 0.08356176904202016]
B1: -1.9158885485281308e-08 - -1.4057710404880279e-08 - 1.084190083194427e-08 - -2.6576239392268117e-08
B2: 1.3295078912547358e-08 - 8.537542600435596e-09 - -6.687963654804461e-08 - 2.092376304079231e-09
