Number: 380
Error: 4.108061869755529e-11
A1: [-0.012172791502526878, -0.014537091215762596, 0.018065846601894895, 0.008562370729574973] - [0.06584382720561907, 0.18950352596834164, -0.14531368769137096, -0.10999899474673615] - [-0.09630687526121126, 0.4217727528586613, -0.05347230609752258, -0.2720518130967251] - [-0.0013337304003251363, -0.01823100600418703, -0.003848126151042252, 0.023362607480721397]
A2: [0.16160027180233097, -0.16774148269136283, 0.008514609209978456, -0.0023198622407471945] - [0.0354772892235273, 0.20750842202816952, -0.11721882411993427, -0.12580028137989746] - [-0.08618244426540432, 0.5815685802111878, -0.23535846974091224, -0.2599052462331438] - [-0.003818906749263401, -0.004503498357501726, 0.001126152172586646, 0.007258757036103332]
B1: -4.7052913969985225e-06 - 3.4576692917729807e-06 - 3.579343606771987e-06 - -3.7286584404891704e-06
B2: -1.4049204358405966e-05 - 5.603745066437519e-06 - -5.062416912660288e-06 - -4.691135997906926e-06
