Number: 1310
Error: 2.0532513299874277e-09
A1: [-0.007751760004269999, -0.015563064086109267, 0.0024112647433450086, 0.018875167913437685] - [0.06654246956992889, 0.18961085030289204, -0.14702908395035041, -0.1101785654263049] - [-0.11302427069585204, 0.4413556041404582, -0.0712460591594663, -0.25857516650726936] - [-0.024083661552649033, 0.01464255166300721, -0.030662766456666164, 0.038157425028246886]
A2: [0.1316802064142154, -0.22453632583983388, 0.022759542049588067, 0.07025265355223467] - [0.03243115898006064, 0.20353754243915637, -0.11510261771951687, -0.12166790067482858] - [-0.09408587878079286, 0.5560686956960441, -0.23467445312314467, -0.22510730666016865] - [-0.0209056007101953, -0.01935349934120813, 0.008040892989243147, 0.032106578821107935]
B1: -0.00011152371563324629 - 0.00019067378824071612 - 1.5378222698396495e-05 - -9.247528035755107e-05
B2: 4.6687720892588905e-05 - -0.00015071921688362955 - 2.6049533091050938e-05 - 3.600583478665384e-05
