Number: 7312
Error: 9.204550834950846e-16
A1: [0.08043167928818586, -0.18046781614633622, -0.01958886236328239, 0.11962496634238555] - [0.03741558634450967, 0.13359639252091302, -0.13472617986019586, -0.03628581875016831] - [-0.0017028302020117923, 0.2281901053177882, -0.12282839381804027, -0.10365892141069638] - [0.03886322634977715, -0.11448102660909282, -0.04641644946997745, 0.12203421987860895]
A2: [0.03530739234139857, -0.029273526657139917, -0.07569739817504202, 0.06966335466054598] - [0.10289379413686921, 0.28289674510021, -0.3926063542114535, 0.006816041519296096] - [-0.011187040021002483, 0.5390146510147945, -0.35945095873000693, -0.16837640137275459] - [0.09786281056901863, 0.01746332770743965, -0.16885099988974311, 0.05352489009885061]
B1: -1.673968609185819e-08 - 1.9674440374494067e-08 - 2.004985898633707e-08 - -3.1620081887012527e-09
B2: 6.0792477396807215e-09 - 7.714800688355488e-09 - 4.527321384097261e-09 - 7.024621200128872e-09
