Number: 2326
Error: 2.726961063156586e-05
A1: [0.06557677075176221, -0.049881112943257276, -0.029028182467794456, 0.005948745579874739] - [0.029638914273632345, 0.17824733423975664, -0.15628984061706166, -0.10625266005695536] - [-0.12435168028298163, 0.4145833306220758, -0.10632569268591932, -0.18773197725627902] - [0.03634931449916319, 0.019657654476357662, -0.03239602798783314, -0.023083521128482838]
A2: [0.05894123358843006, -0.17532915627352078, 0.08421403422676714, 0.020804483770334323] - [0.020289422737482, 0.19115500741412475, -0.1108041455228659, -0.13682334129386753] - [-0.06548166115213497, 0.5386846923704662, -0.19862441268650638, -0.16943975581914467] - [-0.04244632429185513, 0.0008430861939539899, -0.06658307637812375, 0.041072765076447686]
B1: 0.0073938427872672794 - -0.0024987952140185935 - -0.010903025053375006 - 0.004732798951511746
B2: -0.010903188846750737 - 0.01904427112650861 - -0.0064696006327288015 - -0.005102908056893218
