Number: 8260
Error: 7.190734013532886e-16
A1: [0.08043168587760269, -0.1804678095576918, -0.0195888557818041, 0.11962497293101465] - [0.03741560464054053, 0.1335964108031402, -0.13472616160047216, -0.036285800464186946] - [-0.0017028313038932098, 0.22819010421591773, -0.12282839491832002, -0.10365892251229253] - [0.03886323284462594, -0.11448102013247836, -0.04641644297928728, 0.12203422636941004]
A2: [0.03530741276138973, -0.029273506180613054, -0.07569737875998078, 0.06966337603230181] - [0.10289372909017645, 0.28289667950147496, -0.3926064171237708, 0.006815973405927194] - [-0.011187150826137818, 0.5390145395487209, -0.3594510636096032, -0.16837651813186158] - [0.09786271865396863, 0.017463235374288406, -0.16885108738706292, 0.05352479361812691]
B1: -9.168480453284327e-09 - 1.1745834643492553e-08 - -1.7680171560075173e-08 - -2.1681272369588217e-08
B2: -1.5311235676648405e-08 - -1.0145366139694857e-08 - -1.5071075957281807e-08 - -1.929951165092176e-08
