Number: 1729
Error: 4.986159288553755e-07
A1: [-0.009029573298555292, -0.01685941766689131, 0.0010824297690480338, 0.01754881491536362] - [0.06671828828957858, 0.1897807525560237, -0.14684845802101285, -0.10998314688218129] - [-0.11017699717331397, 0.4441259869311856, -0.06829469000962983, -0.2554946046982575] - [-0.017572528810559374, 0.021022656984330795, -0.024024586561067356, 0.04502475649992037]
A2: [0.13066031243815937, -0.2255215655787646, 0.021762423795703374, 0.06925242126308304] - [0.03344948596351692, 0.20454053637106576, -0.11408800387757452, -0.12066699329828433] - [-0.09932790827006267, 0.550932674388676, -0.23981402082072842, -0.23025962574549114] - [-0.02052967929664012, -0.01897190078049494, 0.008416553112073618, 0.032464962391892296]
B1: -0.0001661762166080732 - 0.0005782290964721024 - 0.0006507415027205246 - -0.000575698454742343
B2: 2.093158392860617e-05 - 0.000695891748460399 - 0.00010191719641108508 - -0.0011501175973289124
