Number: 9516
Error: 5.447769297609867e-13
A1: [0.0531726733709263, -0.14800114771977574, -0.02699892423880967, 0.12182794527702556] - [0.00531238835009239, 0.13083536137818996, -0.11360207506418785, -0.022551096734277114] - [-0.014446134288584697, 0.22308996249640034, -0.12704283601122607, -0.0816075913134778] - [0.027142693369156885, -0.10002380473680234, -0.04942828304642525, 0.12229434412744902]
A2: [0.0892485182823328, -0.07291929959019751, -0.12363322991383756, 0.10728036680024212] - [0.1088399947748127, 0.24981244678418785, -0.40484698921820894, 0.04618771689146458] - [0.0366343549253017, 0.4625535506295907, -0.3777189886665574, -0.12147486086373296] - [0.1434254219271876, -0.04460763082374103, -0.20150052289361606, 0.10267883623264018]
B1: 1.6574017347335705e-07 - -1.5791079075888326e-07 - -5.671183056880981e-07 - -7.837052803267388e-07
B2: -1.2143500228386862e-06 - -1.160822537980302e-06 - -1.4812774873437758e-06 - 2.502875345893768e-09
