Number: 3225
Error: 0.008569401818966156
A1: [0.4165568658609216, 0.28720354591618863, 0.3284070965628211, 0.4270605513922837] - [-0.16379723742664562, -0.006936724127042132, -0.3430571770622665, -0.26401877531512574] - [-0.12937993203262388, 0.3604827954663287, -0.138492778744598, -0.1432014140122978] - [-0.10638374228325634, -0.13547173998396428, -0.15321367615916798, -0.05332212927753052]
A2: [0.2266383737668469, -0.21427324462217662, 0.39383442254729834, 0.18746734173764165] - [-0.30362070231431176, -0.17578063544503839, -0.29523267054607294, -0.3642503838563154] - [-0.1880179014936949, 0.217001572551235, -0.19632564527109822, -0.31548619352891055] - [-0.18610105807887733, -0.36505791842201796, -0.11063767455279261, -0.17078765217762926]
B1: -0.16213100143884968 - -0.42345039524435985 - -0.23901037714556173 - -0.2274336739745505
B2: -0.15374957280570048 - -0.3225486460894069 - -0.0476376486148096 - -0.10536920672763377
