Number: 3871
Error: 1.6206732698803089e-15
A1: [0.06621314368853931, -0.11395211685358088, -0.023983988243530912, 0.07172283022017283] - [0.03740255410952456, 0.18819331400288003, -0.14740900381590033, -0.078187067219593] - [-0.06022947127527653, 0.3289507041299672, -0.12775320748926494, -0.14096841948894606] - [0.039046121925487315, -0.0533227213872998, -0.03741862639434433, 0.05169508470871259]
A2: [-0.009108570551326635, -0.34680317991523646, 0.2494550956039517, 0.10645668537847292] - [0.08003983380234966, 0.036282265629692445, -0.050250103477481, -0.06607195063809299] - [-0.04245288421241355, 0.23083181962092075, -0.040531314938500804, -0.14784791058886532] - [0.06813468099990794, -0.29346795987302654, 0.1417711346655169, 0.08356175082570487]
B1: -1.6518153971791406e-08 - -2.7916588070768516e-08 - 1.1841204265660023e-08 - 2.759310925219913e-08
B2: 3.692124347473209e-09 - -5.9198530865963725e-09 - -6.026992549402388e-08 - 4.380257671692562e-08
