Number: 28
Error: 0.000859371648338756
A1: [-0.04855758811407546, -0.0517376052876, -0.024826422358812626, -0.03311594876138469] - [0.09413529657266521, 0.22598242135872448, -0.1280823710767754, -0.1134930188347754] - [-0.15347279482795706, 0.3633897278953037, -0.11524592701616697, -0.32518040426826844] - [0.11154858865507226, 0.10221803815486805, 0.11443864144454513, 0.13604814385871813]
A2: [0.45002266120703843, 0.11730457833569263, 0.2869081898928892, 0.27991836655476005] - [0.1526015360885906, 0.3197394150694507, -0.00795118883600495, -0.0169775380757633] - [0.25080540442453436, 0.9185340081134478, 0.09018687990865674, 0.07311965827368572] - [0.5876295489447582, 0.5883625693919277, 0.5852624124804593, 0.5787087942712148]
B1: 0.06158434307037408 - 0.4718227939722998 - -0.04587103692383396 - -0.05988364633162927
B2: 0.01868701005562236 - 0.49114698564845716 - -0.07285520093295987 - -0.0771836807145942
