Number: 5098
Error: 1.0844161359814785e-15
A1: [0.06621324020875799, -0.11395202249027492, -0.023983891799087127, 0.07172292657837097] - [0.03740260189784624, 0.18819335966140777, -0.14740895683627958, -0.07818702023584263] - [-0.06022930997973846, 0.32895085904541427, -0.1277530496549574, -0.1409682625033308] - [0.039046157312198744, -0.05332268779945213, -0.03741859215876465, 0.051695118666255535]
A2: [-0.009108614096630894, -0.3468032261098255, 0.2494550517062203, 0.10645663972375594] - [0.08003977229300842, 0.036282199366616766, -0.050250170703517075, -0.0660720184349799] - [-0.04245277793496965, 0.2308319369152491, -0.040531201047307425, -0.147847793050051] - [0.06813479873878135, -0.2934678302374108, 0.1417712623055554, 0.0835618828327402]
B1: -3.057354322620141e-08 - 1.6778788522868372e-08 - -1.1323924200134328e-08 - -1.1432857639139035e-08
B2: 6.92909065927095e-09 - -7.649200235546617e-09 - -7.911557732498437e-08 - -1.4834119803673973e-09
