Number: 8153
Error: 7.597846383147604e-16
A1: [0.08043166302804472, -0.18046783240466313, -0.019588878604028283, 0.11962495008407711] - [0.03741564265575221, 0.1335964487895734, -0.1347261236610329, -0.03628576247005613] - [-0.001702814334922726, 0.22819012118453, -0.12282837797419273, -0.10365890554784472] - [0.038863232167473, -0.11448102080773366, -0.04641644365599965, 0.12203422569268357]
A2: [0.03530750922162457, -0.029273409453599925, -0.07569728704664276, 0.06966347698822307] - [0.102893749620953, 0.2828967002064883, -0.39260639726665714, 0.006815994904622037] - [-0.011187201711409066, 0.539014488359954, -0.3594511117736961, -0.16837657175136567] - [0.09786271020683292, 0.017463226888728235, -0.1688510954281896, 0.053524784751381005]
B1: 3.0233204467439846e-08 - -8.101159612076556e-09 - -1.5701503237427174e-08 - 1.411859882604956e-08
B2: -1.480604978789145e-08 - 3.743492882502956e-08 - 5.369794418510322e-10 - 2.5307196965230096e-09
