Number: 2614
Error: 3.715752563106386e-08
A1: [0.06264395968919914, -0.04865585524549644, -0.024224418581842, 0.00707363136680879] - [0.04344917961546803, 0.19106520311217617, -0.14278327210849776, -0.09274604463518869] - [-0.12429300860167028, 0.4140245853498935, -0.1057009189912411, -0.1879110980133362] - [0.03636063400603471, 0.018528907542647844, -0.0337700638770448, -0.02368532200891533]
A2: [0.06275921316654776, -0.1743689017067906, 0.08564940777729271, 0.023285507699188277] - [0.029388867810106255, 0.20039593347668377, -0.101611803575494, -0.12777648692891827] - [-0.0933348828719294, 0.5137554526135528, -0.22553262574170227, -0.19502582656867654] - [-0.026556792098436997, 0.017897919960311183, -0.05092228773315377, 0.05636179528182439]
B1: -0.00023402567177084605 - 0.00013780873749625342 - 4.9885868839196255e-05 - -0.0001287891658427025
B2: 0.00011775137487932694 - 0.00010775317146841031 - 8.893503630148724e-05 - 1.7931867937648986e-06
