Number: 7399
Error: 1.2091402505141948e-15
A1: [0.0804316892507644, -0.18046780618488936, -0.019588852412622437, 0.11962497630382482] - [0.03741557862315625, 0.13359638480540348, -0.13472618756616353, -0.03628582646724436] - [-0.001702813752463342, 0.2281901217669815, -0.12282837739258455, -0.10365890496553974] - [0.038863223997097546, -0.11448102895517248, -0.046416451821160734, 0.12203421752739019]
A2: [0.03530750262266048, -0.029273416070848494, -0.07569729332097526, 0.06966347008179996] - [0.10289374739057212, 0.2828966979571791, -0.3926063994238708, 0.006815992569110508] - [-0.011187126359162622, 0.5390145641616709, -0.3594510404509933, -0.16837649235024105] - [0.09786280474117516, 0.017463321853090765, -0.1688510054374765, 0.053524883981518424]
B1: 1.331808173681801e-08 - -1.4842522534720292e-08 - -2.167611434908295e-08 - -1.0835880248051163e-08
B2: -3.3810908004289335e-09 - -1.3624568911595902e-08 - 6.007920988071235e-10 - -1.1253130047059635e-08
