Number: 1500
Error: 3.486252609520602e-09
A1: [-0.00799559625358122, -0.01580932126065874, 0.0021567798900877563, 0.018624494002566102] - [0.06650870939398491, 0.18957841142141424, -0.14706386709984512, -0.11021615544440763] - [-0.11349742325138124, 0.4408911675634882, -0.07173975384791384, -0.2590872095068775] - [-0.023780563878624397, 0.014939827651179, -0.030354259435607458, 0.03847769828366698]
A2: [0.1314835701504621, -0.22472936492670328, 0.022565596645996593, 0.07006032349887523] - [0.03271852843516283, 0.2038203508592874, -0.11481631263683587, -0.121386795034771] - [-0.09473962811512353, 0.5554246279802832, -0.235317729787848, -0.2257507705726567] - [-0.021020502758177382, -0.019466393306587483, 0.007926176987528085, 0.03199576315489419]
B1: -4.306134646757935e-05 - -0.00020959357120310613 - -3.113851760171716e-05 - -3.609877574815265e-06
B2: -0.00012033618098096166 - -6.911734793222518e-05 - 0.00014100682754974775 - -0.00034489897558591376
