Number: 6368
Error: 1.012329080698477e-15
A1: [0.08043171697594215, -0.1804677784628466, -0.01958882472059082, 0.11962500402583805] - [0.03741561807174316, 0.13359642422413248, -0.13472614819618337, -0.03628578704050993] - [-0.0017027884438000486, 0.2281901470751107, -0.122828352120974, -0.10365887966363266] - [0.038863252744887784, -0.11448100028805508, -0.046416423091682237, 0.12203424625731756]
A2: [0.03530753679699815, -0.029273381801997275, -0.0756972608285186, 0.06966350584902845] - [0.10289376676879745, 0.2828967174998621, -0.39260638068151477, 0.006816012860940469] - [-0.011187055123722279, 0.5390146358220131, -0.3594509730251151, -0.16837641728694838] - [0.09786285391291523, 0.017463371248496277, -0.1688509586291803, 0.0535249355958606]
B1: 1.6608723534892367e-08 - 4.955087466396392e-09 - -8.713768536809087e-09 - 1.0887488570773493e-08
B2: 1.5923118880197172e-09 - 1.7212027305585785e-09 - 2.7558797231872826e-09 - -5.131789180972971e-09
