Number: 3830
Error: 9.337375985793634e-16
A1: [0.06621315856799119, -0.11395210230663823, -0.02398397337575667, 0.07172284507465283] - [0.03740260409265203, 0.18819336175835813, -0.14740895467865764, -0.07818701807800392] - [-0.060229123867543116, 0.3289510377958205, -0.12775286753662843, -0.14096808136477068] - [0.039046044893111254, -0.05332279450350584, -0.03741870092057801, 0.05169501078761757]
A2: [-0.00910858742880635, -0.3468031978196143, 0.24945507858991678, 0.10645666768334658] - [0.08003975255828862, 0.03628217810653761, -0.050250192272659165, -0.06607204018723425] - [-0.042452852482494065, 0.23083185464005362, -0.04053128093545454, -0.14784787549673414] - [0.0681347238496795, -0.29346791269352174, 0.14177118111883172, 0.08356179886827661]
B1: -6.868658008506589e-10 - 3.1991759822396225e-08 - 9.793716647434633e-09 - 9.565529778456031e-09
B2: -7.27465734384799e-09 - -3.1804697105874654e-09 - 3.9165945081965334e-08 - 2.6564345504009468e-08
