Number: 4654
Error: 1.7557127432128934e-15
A1: [0.06621318130920839, -0.11395208007363417, -0.02398395065240926, 0.07172286777767359] - [0.0374025984899801, 0.18819335640538937, -0.1474089601865062, -0.0781870235863578] - [-0.06022959036051085, 0.32895058975498287, -0.12775332401915612, -0.14096853539190465] - [0.03904600509552896, -0.05332283227792185, -0.037418739423448824, 0.05169497259734222]
A2: [-0.00910872110192132, -0.346803339625725, 0.2494549438350839, 0.10645652753443907] - [0.08003976761536097, 0.03628219432739622, -0.05025017581601614, -0.06607202359087996] - [-0.042452948374083185, 0.23083174880838964, -0.04053138369637953, -0.1478479815489171] - [0.06813458647522681, -0.2934680639484917, 0.1417710321916547, 0.08356164484652233]
B1: 1.6783231265003495e-08 - 2.8666228982275876e-08 - -1.576617213114689e-09 - -1.911414714157494e-08
B2: -1.4500742972461087e-08 - -3.806171009286365e-08 - 4.7570208405793946e-08 - -3.1672722905953194e-08
