Number: 5482
Error: 3.5785233634639467e-13
A1: [0.06621252304146763, -0.11395272363380857, -0.02398460840623789, 0.07172221061211785] - [0.03740276092976402, 0.1881935116054019, -0.14740880049541114, -0.07818686388091835] - [-0.06022895439778476, 0.32895120055925625, -0.12775270170500816, -0.14096791642423892] - [0.039046195808753806, -0.0533226512670761, -0.03741855492645576, 0.05169515559618473]
A2: [-0.009106342752242924, -0.34680081657458506, 0.24945734142847933, 0.10645902109197333] - [0.0800416370247699, 0.03628420821342318, -0.05024813265964628, -0.06606996308842747] - [-0.04245487877190719, 0.23082961830978907, -0.040533452381524185, -0.14785011648218963] - [0.06813268619480194, -0.2934701562319424, 0.14176897211100836, 0.08355951429761736]
B1: -7.854725748411529e-07 - 9.118757590992435e-07 - 8.150807484007195e-07 - 9.402219306378756e-07
B2: 3.3727468690195997e-07 - -1.4366705493974893e-07 - -1.1292679099921951e-07 - 1.5605861312546388e-07
