Number: 9652
Error: 2.413885417822141e-14
A1: [0.05317272763390366, -0.14800109341877685, -0.026998870024388503, 0.12182799956166955] - [0.0053135709259525005, 0.1308365452189654, -0.11360089264388931, -0.022549912476433693] - [-0.01444478173831984, 0.22309131555434608, -0.12704148451893496, -0.08160623826939095] - [0.027146365492331105, -0.10002013264315054, -0.04942460320422942, 0.12229802556007399]
A2: [0.08925568070196276, -0.07291215372938085, -0.12362622887474006, 0.10728761750635127] - [0.10884170226050406, 0.24981415456821332, -0.40484531554554526, 0.04618945310366237] - [0.036636035748579064, 0.46255522269711563, -0.37771734877177393, -0.12147316261503753] - [0.14342738621810716, -0.04460567385577216, -0.20149860494125746, 0.1026808296497945]
B1: 1.6843591765296974e-07 - -1.5822083386758803e-07 - -9.562224222903825e-08 - 1.908858720041077e-07
B2: 3.198651250476492e-08 - -3.455804100477524e-08 - -1.0513864785810041e-07 - -6.912686417684049e-08
