Number: 2538
Error: 1.766410702562165e-08
A1: [0.06381336945112491, -0.04748954926611474, -0.023065464949421282, 0.008232594794495942] - [0.043328637120092314, 0.19094764250688545, -0.14291024647983278, -0.09288198267864659] - [-0.12336610703812592, 0.4149475936477206, -0.10477034024219536, -0.18698414213551462] - [0.03731095710801162, 0.019484027344661186, -0.032819445837974026, -0.022740297690918457]
A2: [0.06506033818270138, -0.17208567127628432, 0.08794280781772351, 0.0255590200463573] - [0.02862840271816592, 0.19964684859767462, -0.10236918153828929, -0.12852072654345817] - [-0.09400707313247464, 0.5130954290361279, -0.22620805558884235, -0.19567640523370133] - [-0.02660679159805571, 0.01784832666148876, -0.05097617351820026, 0.05631301210056211]
B1: 6.875734074236284e-05 - 6.834639392490329e-05 - -0.0003442978600755653 - -1.3319842218106998e-05
B2: 6.560194170863814e-05 - -0.00017052848218468888 - -6.360304868492453e-05 - -6.115632043442975e-05
