Number: 8269
Error: 5.793081744909194e-16
A1: [0.08043169389725381, -0.18046780153894817, -0.019588847771741937, 0.11962498094975059] - [0.03741563233993709, 0.13359643848157168, -0.13472613395626612, -0.0362857727801341] - [-0.0017028114708953145, 0.22819012404849232, -0.12282837511436025, -0.1036589026845874] - [0.03886324699628077, -0.11448100602053705, -0.04641642883664978, 0.12203424051227048]
A2: [0.0353074894468015, -0.029273429283109463, -0.07569730584831921, 0.06966345629174553] - [0.10289368682130236, 0.2828966368738716, -0.3926064580057114, 0.0068159291442993625] - [-0.011187045585778104, 0.5390146454167691, -0.3594509639971058, -0.16837640723665243] - [0.09786281491166976, 0.017463332069816914, -0.16885099575579063, 0.05352489465718263]
B1: -2.0645264612595683e-08 - 3.298105789314064e-09 - -1.4565409176240234e-08 - 1.1777518898972159e-08
B2: -1.5122663328254223e-08 - -1.4642470269012844e-09 - 4.635577412973637e-09 - -1.9566635497719116e-08
