Number: 4252
Error: 9.26037302381144e-16
A1: [0.06621321113774362, -0.11395205091164815, -0.023983920847250362, 0.07172289755618352] - [0.03740259682915212, 0.18819335481858365, -0.14740896181922186, -0.07818702521920418] - [-0.06022935487416001, 0.32895081592678366, -0.1277530935860112, -0.1409683061983065] - [0.03904626700144881, -0.05332258368666589, -0.03741848603819604, 0.05169522392518878]
A2: [-0.00910869594917426, -0.3468033129427189, 0.2494549691915012, 0.10645655390569822] - [0.08003987645041441, 0.036282311573870775, -0.05025005686558724, -0.06607190363039463] - [-0.04245283541585879, 0.23083187347586206, -0.040531262646155204, -0.1478478566216607] - [0.06813472330383988, -0.29346791329445765, 0.1417711805271162, 0.08356179825633485]
B1: 2.516144139432238e-08 - 1.4448501078252296e-08 - -2.2425142877638295e-09 - -9.84659982757274e-09
B2: -1.086710086145313e-08 - -4.052109692769686e-08 - 2.6099157425096344e-08 - 5.668254994513269e-08
