Number: 9700
Error: 4.123389793067073e-15
A1: [0.053172777247849606, -0.1480010437850763, -0.026998820463924645, 0.1218280491990417] - [0.005314055903890572, 0.13083703070743088, -0.11360040773737098, -0.022549426815394326] - [-0.014444483246540954, 0.22309161415681464, -0.1270411862618419, -0.0816059396713709] - [0.027146609865803938, -0.1000198882686983, -0.049424358314013254, 0.12229827055429537]
A2: [0.0892543095299269, -0.07291352172978223, -0.12362756915167504, 0.1072862294281941] - [0.10884144799861997, 0.24981390026118563, -0.4048455647717337, 0.046189194563248666] - [0.036635450670808443, 0.46255464066319657, -0.37771791960368045, -0.12147375376167652] - [0.14342629794138184, -0.04460675807749746, -0.20149966754692322, 0.1026797252284971]
B1: 5.670019052035502e-09 - -2.1167699566148015e-09 - -5.8607677762231275e-08 - -2.5694471700343358e-08
B2: 5.842420414082008e-08 - -1.3033446472216512e-08 - 3.678954229207345e-09 - 4.178908445342056e-08
