Number: 4362
Error: 7.412993411318101e-16
A1: [0.06621305464446227, -0.11395220390785561, -0.023984077217741234, 0.07172274132552418] - [0.0374026706334317, 0.18819342533356231, -0.1474088892639551, -0.07818695265753274] - [-0.06022948797801466, 0.3289506880878094, -0.1277532238336324, -0.1409684357453746] - [0.03904616557016219, -0.053322679961359115, -0.03741858416953902, 0.05169512659067297]
A2: [-0.009108440027823858, -0.34680304145022844, 0.24945522718349858, 0.10645682222518903] - [0.08003985490717105, 0.03628228836563708, -0.050250080411117844, -0.06607192737583324] - [-0.04245270009030393, 0.23083202282949827, -0.040531117625960844, -0.14784770695670393] - [0.0681346596190539, -0.29346798341412766, 0.14177111148671295, 0.08356172685400107]
B1: -5.431906418465373e-08 - 1.666995453422448e-08 - 2.5986698937600307e-08 - -5.317242027064726e-08
B2: 2.1299576513516553e-08 - 4.551350207567468e-08 - -1.2075111869094827e-08 - -1.3259866198551674e-07
