Number: 3660
Error: 1.2991406528201262e-14
A1: [0.06621181708328673, -0.11395341381066952, -0.02398531380688819, 0.07172150584094739] - [0.03740227481053653, 0.18819304715048718, -0.14740927838883636, -0.07818734181620986] - [-0.06022877959514116, 0.3289513684513371, -0.1277525306506609, -0.1409677462915675] - [0.03904661032714789, -0.053322257818787695, -0.037418153884056046, 0.051695553384298314]
A2: [-0.009108073807788084, -0.3468026529531147, 0.24945559636362083, 0.1064572061788712] - [0.08003937201730076, 0.03628176815572439, -0.05025060818234625, -0.06607245962554822] - [-0.04245355509528915, 0.23083107919128257, -0.0405320338844376, -0.14784865256082524] - [0.06813480025466612, -0.2934678285728142, 0.14177126394633902, 0.08356188452496233]
B1: 1.6152753860979327e-07 - -2.7194213918560484e-07 - 3.5114301668651437e-07 - 2.6644539951433126e-07
B2: -2.5328208073383634e-07 - 5.665785772275672e-07 - 1.411507904105896e-07 - -1.602893393666219e-07
