Number: 6375
Error: 9.714339314761368e-16
A1: [0.08043170652945868, -0.18046778890814733, -0.01958883515458364, 0.11962499358054743] - [0.03741559714921511, 0.1335964033174394, -0.134726169077023, -0.03628580795144846] - [-0.0017027938129217939, 0.2281901417061033, -0.12282835748223461, -0.1036588850313216] - [0.038863239704694456, -0.11448101329165263, -0.04641643612356613, 0.12203423322522883]
A2: [0.03530756057850757, -0.02927335795471053, -0.07569723821737454, 0.06966353073897] - [0.10289375932902298, 0.282896709996945, -0.3926063878771658, 0.006816005070406763] - [-0.011187072005357294, 0.5390146188396855, -0.35945098900394135, -0.16837643507572625] - [0.09786286396508449, 0.017463381346389913, -0.16885094906017026, 0.053524946147371064]
B1: 3.058279652693909e-08 - 4.292187251775207e-09 - -5.867076721804966e-09 - 1.6956046464229587e-08
B2: 8.943727750299417e-09 - 1.5303797889792164e-08 - 4.338886493700064e-09 - 4.238428851526211e-09
