Number: 7832
Error: 1.233587466973276e-15
A1: [0.08043164086508356, -0.18046785456509415, -0.01958890074043872, 0.1196249279236744] - [0.03741558964748426, 0.13359639582138125, -0.1347261765637931, -0.03628581544902148] - [-0.0017028398232917326, 0.22819009569670873, -0.12282840342523224, -0.1036589310294061] - [0.0388631771769487, -0.1144810756439326, -0.0464164986114667, 0.12203417073634382]
A2: [0.03530736104508234, -0.029273558039991307, -0.07569742793124554, 0.06966332190563115] - [0.1028937374201243, 0.2828966879021249, -0.39260640906715266, 0.0068159821285968] - [-0.011187060386533259, 0.5390146305277934, -0.3594509780063871, -0.16837642283265603] - [0.0978627998082476, 0.017463316897731833, -0.16885101013329806, 0.053524878803549766]
B1: -4.7193131055201465e-09 - -1.191811306018401e-09 - 1.51132472440067e-08 - 3.834081005922389e-09
B2: -2.0544458721082677e-08 - 3.9671892763961314e-08 - -9.335159991182179e-09 - -2.0829813277389425e-08
