Number: 2927
Error: 2.7061282819028335e-08
A1: [0.06377962116055702, -0.04752688223755324, -0.023100755825040856, 0.008197628809162106] - [0.043577710679095015, 0.19118971240453625, -0.1426510773941232, -0.09260422983058868] - [-0.12374245017378001, 0.4145644939067219, -0.10515849107767439, -0.18737221999131964] - [0.03654899684937866, 0.018711925220607085, -0.0335877621018471, -0.023505380463904352]
A2: [0.06380384787699891, -0.17332727527625785, 0.08668265169990641, 0.02431279801815008] - [0.029469602355039558, 0.20047538034127288, -0.10153129537700019, -0.12769747884825117] - [-0.09335627416290108, 0.5137338634533719, -0.22555229373549274, -0.19504610056268698] - [-0.02551620044272071, 0.01892803532767393, -0.049876125739792984, 0.05737778579567166]
B1: -0.00011264708283582599 - -5.671372045900049e-06 - -0.00020492364041279748 - -0.00019912983327561998
B2: 6.061865306390319e-05 - -8.643393795844392e-05 - 2.098640681923965e-05 - 9.88673551032505e-05
