Number: 8535
Error: 1.3708151714881413e-15
A1: [0.08043171455184349, -0.18046778088664828, -0.019588827141807687, 0.11962500160202767] - [0.03741561850815677, 0.13359642466028546, -0.13472614776041084, -0.03628578660421473] - [-0.001702775659741061, 0.22819015985887897, -0.12282833935563726, -0.1036588668829803] - [0.038863264041472535, -0.11448098902309518, -0.04641641180227699, 0.12203425754693589]
A2: [0.035307486092995874, -0.029273432646216357, -0.0756973090370554, 0.06966345278155775] - [0.1028937471456401, 0.2828966977101981, -0.3926063996607213, 0.006815992312594601] - [-0.011187058029641516, 0.5390146328987258, -0.3594509757755244, -0.16837642034914185] - [0.09786284453532851, 0.017463361828212235, -0.16885096755591067, 0.05352492575228416]
B1: -4.453671252579368e-09 - -4.994722432678343e-09 - -6.56884588319835e-09 - -5.47201989947121e-09
B2: 2.496525080059001e-08 - 4.611652194700516e-09 - 3.83135821349632e-10 - 2.278968953075492e-08
