Number: 7681
Error: 9.826502460978406e-16
A1: [0.08043168236868779, -0.1804678130661899, -0.019588859286459162, 0.1196249694225392] - [0.037415589619902954, 0.1335963957938222, -0.13472617659131728, -0.03628581547658485] - [-0.0017028333036326476, 0.2281901022162298, -0.12282839691511878, -0.10365892451148684] - [0.038863231234252796, -0.11448102173833122, -0.046416444588605985, 0.12203422476005249]
A2: [0.03530746475944294, -0.029273454038790902, -0.07569732932084568, 0.06966343045384296] - [0.10289365440855824, 0.2828966041860307, -0.3926064893549003, 0.006815895203420626] - [-0.0111871035801903, 0.5390145870765116, -0.35945101889017994, -0.16837646834725836] - [0.09786277464753487, 0.01746329162256986, -0.1688510340846938, 0.05352485239301996]
B1: -4.7089156899640346e-08 - -4.767779451535459e-08 - 3.4175264555055884e-08 - 5.697707100868348e-09
B2: -1.3330709525577823e-08 - -2.4335341667177904e-08 - -1.2398674747774931e-08 - -1.3714706427935045e-08
