Number: 635
Error: 4.3950683470151584e-14
A1: [-0.012151776434022932, -0.014515508861886992, 0.018089071117814288, 0.008584825726593696] - [0.06583552943225536, 0.18949554372435026, -0.1453222662783059, -0.11000823340238475] - [-0.0962929660038268, 0.42178619432125986, -0.05345721602764107, -0.2720356083625443] - [-0.0013208959375766078, -0.018218663691633087, -0.003834467459053501, 0.023377442069986883]
A2: [0.16158622969034941, -0.16775525513407583, 0.008500852676444844, -0.0023335482638514524] - [0.03548549714671882, 0.2075164990319741, -0.11721064964705308, -0.1257922510086601] - [-0.08621409228466766, 0.5815375854032495, -0.23538925946862221, -0.2599361021670302] - [-0.003835101316822118, -0.004519421594091012, 0.0011101242375442981, 0.007243264548326624]
B1: -7.742215293767838e-08 - -5.545780013784763e-08 - -1.1504096678461981e-08 - -6.964752953954449e-08
B2: 4.2018122945288925e-07 - 2.6675655489519803e-07 - -5.251952585306704e-07 - -1.193370226737954e-08
