Number: 2166
Error: 0.0004437529109147394
A1: [0.12441087692772981, 0.041687947889785734, 0.08250501694661666, 0.11699615927134313] - [0.043145502631680085, 0.17063925236318622, -0.17393668769625376, -0.12011856049324081] - [-0.11845020443018267, 0.4149679674391276, -0.08727056036819214, -0.22379785148740097] - [-0.035415577538608876, -0.018767350101516287, -0.05935146847081914, -0.05616882422277342]
A2: [0.20446112759934865, -0.12245123484100814, 0.16583828196402772, 0.1434387568698761] - [0.019145894643601842, 0.1883018612057558, -0.1096372150384161, -0.141305941925166] - [-0.10960918453360553, 0.5373871252948416, -0.21915086353876295, -0.20045798684046376] - [-0.04577063453320539, 0.035833203687313776, -0.02730453269152218, 0.05023836258862506]
B1: 0.03005711827576423 - -0.011373007978076312 - -0.014738564982639927 - 0.024327253437808248
B2: 0.038899458666468975 - 0.0028042767280682564 - 0.06594657385102676 - -0.04999041051035603
