Number: 2988
Error: 9.32912490609111e-09
A1: [0.06421466742391391, -0.047093521838129156, -0.02266982567710823, 0.008627910592592906] - [0.04381550970839124, 0.1914197991801021, -0.14240512107256248, -0.09234107371022493] - [-0.12316827277042215, 0.41514294769294563, -0.10457659683547306, -0.18678981507718373] - [0.036624394223560654, 0.01879146374626643, -0.03351069357743031, -0.023427873504204912]
A2: [0.06348469055718721, -0.17364423815499153, 0.08636958111896724, 0.024000464832740723] - [0.029221612701005963, 0.2002312882372473, -0.1017787140211726, -0.12794053691363522] - [-0.09331016271518304, 0.5137788831957562, -0.22550513477305928, -0.19500005381530314] - [-0.025557074506852358, 0.018884101637414438, -0.04992105784894572, 0.057336723645025144]
B1: -0.00012968084416393967 - 8.998640316893364e-05 - 4.3382894554237176e-05 - 0.00014914300445903619
B2: -5.440096034757492e-05 - 6.545660766618631e-05 - -0.00019423647761667047 - 6.92281971084618e-05
