Number: 6444
Error: 9.390211665286142e-16
A1: [0.08043170750694129, -0.18046778793077645, -0.019588834178270675, 0.11962499455791781] - [0.03741560338001958, 0.13359640954352697, -0.13472616285863448, -0.03628580172409626] - [-0.0017028050856877147, 0.22819013043357733, -0.1228283687384957, -0.1036588963010793] - [0.038863221773663754, -0.11448103117236216, -0.04641645404317113, 0.12203421530534228]
A2: [0.03530744754774507, -0.029273471298102267, -0.07569734568552755, 0.06966341243996049] - [0.1028937736851968, 0.2828967244749612, -0.3926063739920649, 0.006816020103422778] - [-0.011187071755666194, 0.5390146190908655, -0.3594509887676031, -0.16837643481261824] - [0.09786281749675377, 0.017463334666689194, -0.16885099329499337, 0.053524897370728367]
B1: -1.1397882743409812e-09 - 1.3345763100817842e-08 - 5.580272521767722e-09 - 3.0154732790353377e-09
B2: 1.3411003139172534e-08 - 5.6300445929925534e-09 - 1.188093658317505e-08 - -9.211735294809253e-09
