Number: 6461
Error: 1.0825099835480298e-15
A1: [0.08043169434057114, -0.18046780109565533, -0.01958884732889757, 0.11962498139305144] - [0.037415596782773286, 0.13359640295127392, -0.13472616944273552, -0.03628580831768809] - [-0.0017028136879714223, 0.22819012183147716, -0.12282837732818422, -0.10365890490106726] - [0.038863232997173605, -0.11448101998034992, -0.04641644282681314, 0.12203422652187654]
A2: [0.03530745610733593, -0.029273462714836596, -0.07569733754718141, 0.06966342139850441] - [0.10289375545571489, 0.28289670609076306, -0.39260639162337796, 0.006816001014486154] - [-0.011187091075235975, 0.5390145996560617, -0.3594510070539877, -0.16837645517033276] - [0.0978628163372933, 0.017463333501954694, -0.16885099439872422, 0.05352489615367179]
B1: 2.938601394166936e-09 - 5.7574823882599685e-09 - 3.7308226490162173e-10 - 2.8820213491639586e-09
B2: 3.892549591417878e-09 - 7.816594292032961e-10 - 5.604722643282835e-09 - -2.0511100069073597e-09
