Number: 9632
Error: 2.7955534515889524e-14
A1: [0.05317164520838364, -0.14800217624324769, -0.026999951257280375, 0.12182691661389829] - [0.005313464104990411, 0.13083643828637867, -0.11360099944828506, -0.02255001944763583] - [-0.0144445350238621, 0.22309156235998176, -0.12704123799909317, -0.08160599146603721] - [0.027146340627030478, -0.10002015750791104, -0.04942462812163233, 0.12229800063141155]
A2: [0.08925571912087288, -0.07291211539750563, -0.12362619131893034, 0.10728765640111253] - [0.10884216833317278, 0.24981462072230123, -0.40484485870554865, 0.046189927017465514] - [0.036636654219494066, 0.462555837949965, -0.37771674536089667, -0.1214725377293503] - [0.1434274567861552, -0.04460560355050117, -0.20149853603782014, 0.10268090126540705]
B1: 1.2056136134478312e-07 - -5.224259889240593e-08 - 2.54221756514089e-08 - 1.7425033581337002e-07
B2: -5.746858457394603e-08 - 1.9152154210558093e-07 - 1.9420145935302695e-07 - 3.59256003546355e-07
