Number: 4317
Error: 1.5563111936855067e-15
A1: [0.06621337890441478, -0.1139518868940217, -0.023983753212245967, 0.07172306504130475] - [0.03740261958927445, 0.1881933765643368, -0.14740893944427397, -0.07818700284227746] - [-0.06022917224383324, 0.3289509913331165, -0.1277529148747826, -0.1409681284482497] - [0.03904590516288601, -0.053322927130195076, -0.03741883610493443, 0.05169487670088743]
A2: [-0.009108603544058833, -0.34680321491533506, 0.24945506234421325, 0.10645665078741433] - [0.08003994196373988, 0.036282382150484, -0.05024998526325828, -0.06607183142006906] - [-0.04245268690514014, 0.23083203738145508, -0.040531103496215096, -0.14784769237445305] - [0.0681348107664617, -0.2934678169943245, 0.14177127534503278, 0.08356189631806485]
B1: 2.9452986923098982e-08 - 4.094879652441085e-08 - 7.678442575540094e-09 - -2.3233193173668914e-08
B2: 3.727503406540439e-08 - -1.6338599984741085e-08 - 4.780248160916925e-08 - -7.099763438387275e-09
