Number: 9897
Error: 8.297123297391804e-16
A1: [0.053172499666776736, -0.14800132146781578, -0.026999097738551723, 0.121827771484247] - [0.005313676879015705, 0.13083665128563782, -0.11360078670369077, -0.02254980637462302] - [-0.01444450517582771, 0.22309159221984262, -0.12704120817341852, -0.08160596160839395] - [0.02714632239447495, -0.10002017573924259, -0.0494246463912671, 0.1222979823526034]
A2: [0.0892543942705216, -0.07291343718461336, -0.1236274863204954, 0.10728631521358138] - [0.10884165604551532, 0.24981410834498263, -0.4048453608457175, 0.04618940611059184] - [0.03663575371351545, 0.46255494212891585, -0.3777176239401807, -0.12147344757598251] - [0.14342629903227655, -0.044606756990191475, -0.20149966648188272, 0.10267972633552457]
B1: -1.9789637715930386e-08 - 7.749954463078205e-09 - 1.8914652107736624e-08 - 1.3336398316979367e-08
B2: 7.254227253917185e-09 - 2.0444770593287676e-08 - -5.226365792247188e-09 - -1.4571840493404093e-08
