Number: 7994
Error: 1.0770484885138207e-15
A1: [0.08043171946082568, -0.18046777597825442, -0.01958882223868153, 0.11962500651043673] - [0.037415525030285356, 0.1335963312530956, -0.13472624105220013, -0.0362858800304095] - [-0.001702830218495443, 0.22819010530130046, -0.12282839383449973, -0.10365892142717323] - [0.03886326066569038, -0.11448099238948845, -0.04641641517592441, 0.1220342541731969]
A2: [0.03530745428946679, -0.029273464537720752, -0.07569733927554514, 0.06966341949585657] - [0.10289367902086836, 0.2828966290072298, -0.3926064655501865, 0.006815920976094978] - [-0.011187137902206563, 0.5390145525497592, -0.3594510513767707, -0.16837650451351124] - [0.0978627718799229, 0.017463288842356622, -0.16885103671929255, 0.05352484948793596]
B1: 7.9047783455027e-09 - 2.126303308091066e-09 - -6.390088422218144e-09 - 6.287234162029491e-09
B2: -1.594532402413893e-08 - 4.6438635095170255e-08 - 8.743242301729504e-09 - -1.1314229202963639e-08
