Number: 6811
Error: 8.285121615137278e-16
A1: [0.08043168900214871, -0.18046780643347185, -0.01958885266093794, 0.11962497605523831] - [0.03741558913270283, 0.1335963953069955, -0.1347261770775641, -0.03628581596352144] - [-0.0017028349923529724, 0.22819010052754848, -0.1228283986013723, -0.10365892619976255] - [0.038863231038630014, -0.11448102193339439, -0.04641644478411027, 0.12203422456454943]
A2: [0.03530742901293695, -0.029273489884176152, -0.07569736330818161, 0.06966339304126674] - [0.10289367704698638, 0.28289662701657, -0.39260646745927125, 0.006815918909080427] - [-0.011187086878364467, 0.5390146038779615, -0.35945100308154676, -0.1683764507479549] - [0.09786279697082624, 0.017463314047394103, -0.1688510128343393, 0.05352487582517564]
B1: -1.6523946273905334e-08 - -3.0083127832558196e-08 - -6.910531061167868e-09 - -1.408599486448597e-08
B2: -1.5299473952938276e-08 - -2.0797263120724478e-08 - -1.880415224819871e-08 - -1.8859383246480033e-08
