Number: 3982
Error: 9.465163725352289e-16
A1: [0.06621316889826384, -0.1139520922072172, -0.023983963053583853, 0.07172285538759134] - [0.03740267066230813, 0.18819342536114494, -0.1474088892355819, -0.07818695262913572] - [-0.0602292783622539, 0.32895088941222006, -0.12775301871598296, -0.14096823173099354] - [0.039046071182561905, -0.05332276955057391, -0.03741867548642245, 0.051695036015235014]
A2: [-0.009108593204736792, -0.34680320394697983, 0.24945507276725737, 0.10645666162760614] - [0.08003977204054953, 0.036282199094526464, -0.050250170979633295, -0.06607201871342316] - [-0.042452797222350985, 0.23083191562860453, -0.04053122171647205, -0.1478478143810738] - [0.06813472916077203, -0.2934679068457771, 0.14177118687655596, 0.08356180482298545]
B1: -1.4934875299628996e-08 - -3.6163158050123534e-08 - 1.6192927860505473e-09 - -1.6389227635576828e-08
B2: -1.2383939186425515e-08 - -3.4077849679385753e-10 - -3.809427136545003e-08 - -6.849778676378407e-09
