Number: 7831
Error: 9.431415871122696e-16
A1: [0.08043164371249453, -0.18046785171800553, -0.019588897896432294, 0.11962493077076024] - [0.03741559042002192, 0.13359639659333414, -0.1347261757927947, -0.036285814676911755] - [-0.0017028389461623153, 0.22819009657381953, -0.12282840254938705, -0.10365893015251074] - [0.0388631807896671, -0.11448107204135263, -0.046416495001050224, 0.12203417434681696]
A2: [0.035307382645882415, -0.02927353637944783, -0.07569740739345462, 0.06966334451318465] - [0.10289373819188806, 0.2828966886804386, -0.3926064083207125, 0.006815982936745594] - [-0.011187058403869904, 0.5390146325222822, -0.3594509761297507, -0.16837642074345707] - [0.09786280746287251, 0.017463324587174204, -0.16885100284658233, 0.05352488683840468]
B1: -1.9153819041489013e-08 - -6.194517551770156e-09 - 9.528815037836028e-09 - -4.646519030155037e-09
B2: -1.4675898311464478e-08 - 4.1786632483601335e-08 - -3.985342864819522e-09 - -1.52846222475399e-08
