Number: 4108
Error: 9.728547008716495e-16
A1: [0.0662131874452466, -0.11395207407469822, -0.02398394452115719, 0.07172287390344856] - [0.03740264553795354, 0.18819340135653337, -0.14740891393474023, -0.07818697733048667] - [-0.06022934265135876, 0.3289508276661027, -0.12775308162550025, -0.14096829430213756] - [0.039046236676937074, -0.0533226124695728, -0.03741851537616883, 0.05169519482543994]
A2: [-0.009108646056429484, -0.3468032600143664, 0.24945501948791762, 0.10645660621548911] - [0.0800398225875494, 0.03628225354813458, -0.0502501157346307, -0.06607196299931163] - [-0.04245282972939918, 0.2308318797517871, -0.04053125655233794, -0.14784785033267572] - [0.06813476125023726, -0.2934678715138483, 0.14177122166464806, 0.08356184080124608]
B1: 2.7348011204718812e-08 - 1.2811649948148094e-08 - 1.159382361978545e-08 - 1.1927616579971598e-08
B2: -3.2852449930506423e-09 - 1.2612869092807936e-08 - 1.9401106057046945e-08 - 3.056561769025381e-08
