Number: 9268
Error: 3.1422617649161443e-09
A1: [0.05370543206428482, -0.14746826866410295, -0.02646672740547288, 0.12236101615422536] - [0.0056642242699579915, 0.1311875682470488, -0.11325041356577577, -0.022198757120563614] - [-0.013866819857530239, 0.2236694615927291, -0.1264639173904957, -0.08102800315177654] - [0.027723133205395486, -0.09944344732050708, -0.048846568518542494, 0.12287640476579045]
A2: [0.08941157011873001, -0.07275650231541378, -0.12347384567627549, 0.10744549874431682] - [0.10906594307360938, 0.2500383938342276, -0.4046255630770576, 0.0464175559374667] - [0.0366425479034449, 0.4625618469201792, -0.377710988098798, -0.12146651133867362] - [0.14348821413722285, -0.04454501284131645, -0.20143914247619263, 0.10274250022336684]
B1: 3.5686094155162903e-06 - 2.924424154125248e-05 - -4.0463407799168405e-05 - -3.3414419876440686e-05
B2: -3.490525866338187e-05 - 9.893616979264264e-05 - -4.463220124215798e-05 - -8.584344036414911e-05
