Number: 6937
Error: 9.75205449067497e-16
A1: [0.08043165908815143, -0.18046783634408134, -0.019588882539163608, 0.11962494614465868] - [0.03741559451075056, 0.13359640068097087, -0.13472617171023024, -0.036285810588452774] - [-0.0017028034577477587, 0.22819013206147873, -0.12282836711293825, -0.10365889467357395] - [0.03886323977144387, -0.11448101322508984, -0.04641643605686039, 0.12203423329193551]
A2: [0.03530744564130001, -0.02927347320981932, -0.07569734749814404, 0.0696634104446548] - [0.1028937633166106, 0.2828967140183768, -0.39260638402041975, 0.006816009245991768] - [-0.011187176103463365, 0.5390145141206673, -0.3594510875350469, -0.16837654476756403] - [0.09786280110821723, 0.017463318203605183, -0.16885100889581192, 0.05352488016809158]
B1: 2.0330912675799153e-08 - -4.174497837229077e-09 - -1.4777313977931787e-08 - 4.746194613932677e-09
B2: -1.9385475735269405e-08 - 1.071144064920046e-08 - 1.6268055400920164e-08 - 4.1099103696392336e-09
