Number: 8788
Error: 5.534233952294626e-07
A1: [0.08065088687093519, -0.18024858811741373, -0.019369982137601126, 0.11984417715218199] - [0.037609769094364136, 0.1337903774015283, -0.13453243038977675, -0.03609173742131547] - [-0.0013994196792469005, 0.22849359867587785, -0.12252548853200311, -0.10335555771893837] - [0.039104287332166976, -0.11424059723032992, -0.04617562975714087, 0.12227515224087118]
A2: [0.03581488420004871, -0.02876482655894119, -0.07521474350124853, 0.07019448279486637] - [0.10320934573620376, 0.2832148084274896, -0.3923010541125171, 0.007146443968979267] - [-0.010510410622528511, 0.5396952065642631, -0.35881039950518867, -0.16766336142587476] - [0.09825996695695688, 0.01786211035240486, -0.1684728055496359, 0.05394175850862818]
B1: -0.000489669545415014 - -0.0004727246730654526 - -0.000561943235869786 - -0.00047151065869760364
B2: 0.00023390058973995408 - 0.0003174329832778844 - 9.128350748363416e-05 - 0.0002377081148014895
