Number: 877
Error: 3.5162014365241385e-10
A1: [-0.012192911604815494, -0.014557781114698798, 0.018043593760468355, 0.008540856001205839] - [0.06580653156175051, 0.18946764959675624, -0.1453522469371883, -0.11004051897313533] - [-0.09634910209751985, 0.4217319265818841, -0.053518135118177754, -0.27210101570066747] - [-0.0013601572976308762, -0.01825643278808894, -0.0038762627081013732, 0.02333205987046407]
A2: [0.1616560221084761, -0.1676867482606159, 0.008569256337136944, -0.0022654701439224637] - [0.03548119237178805, 0.20751226643873005, -0.11721493441397676, -0.12579645938221398] - [-0.0861493954600317, 0.5816009792214932, -0.2353262938449927, -0.2598729819789229] - [-0.0038205034110298133, -0.004505049531111413, 0.001124582590220118, 0.007257249807214972]
B1: -4.6112871291633634e-06 - 7.066388591928015e-05 - 1.5783776435772473e-06 - 5.164301724976917e-06
B2: 2.9099133428741445e-05 - -1.8609997222858368e-05 - -2.176001348595583e-06 - -8.525784141405342e-06
