Number: 1203
Error: 7.173921590990829e-08
A1: [-0.006479737244400608, -0.014274835400801213, 0.0037291219413746247, 0.020176954932367732] - [0.0669769327887847, 0.1900296138750726, -0.14658004774619082, -0.10969477638674983] - [-0.11222659925321331, 0.44214183228576015, -0.07041195383388502, -0.25771560627386164] - [-0.02387192361280141, 0.01485419801845053, -0.0304409772659679, 0.038376088262322174]
A2: [0.13331092171328981, -0.22292934898755856, 0.024363101657580592, 0.07184731709086795] - [0.03284314711457563, 0.20394349531065514, -0.11469232267436212, -0.12126571353596037] - [-0.09319955962418908, 0.5569375296726569, -0.23380767787652115, -0.2242400110301927] - [-0.018590596223007353, -0.017074143036717258, 0.01033739477746869, 0.03433334819977795]
B1: 0.00035788711662006255 - 5.1408811537927645e-05 - -6.2928971824101e-05 - 0.00015601044730150084
B2: 0.00021854140510734594 - -0.000261982737637655 - -0.00014067864508794832 - -1.4647737478792346e-05
