Number: 3174
Error: 0.0001798584672285262
A1: [0.050479014849764095, -0.06057752850337464, -0.03589079309834124, -0.004357941746115951] - [0.049780370992713464, 0.19731007715813023, -0.13608823301349948, -0.08565305823504615] - [-0.13453885870547772, 0.4047112126092379, -0.115296209755368, -0.19713135455461792] - [0.004863270801989776, -0.012324696199655226, -0.0649641460536703, -0.054089179235294736]
A2: [0.061994772064049034, -0.17594699459472926, 0.08543156126145356, 0.023100432482904422] - [0.015525827873744525, 0.18670720262571402, -0.11546948922265486, -0.14147180645947757] - [-0.10994253090665917, 0.4977456541586256, -0.24226708679189843, -0.21047844770282084] - [-0.05264788009479046, -0.007325004703171083, -0.07725526167192466, 0.031559097951408537]
B1: -0.009865212025046833 - -0.020653249335634748 - -0.014990627460707538 - -0.012758965416912932
B2: 0.0017758698587020307 - 0.00616444758320398 - -0.004051669583288913 - -0.016470994802137165
