Number: 5916
Error: 6.648781564478962e-09
A1: [0.0806842716756293, -0.18021527737801887, -0.01933655124816992, 0.11987754098202093] - [0.03755076972399059, 0.13373143585451672, -0.13459125635717012, -0.03615070021382765] - [-0.0015583321397592315, 0.22833460496764335, -0.12268406574828056, -0.10351444198232418] - [0.039278816760447165, -0.1140665488762124, -0.04600103975218114, 0.12244959070217801]
A2: [0.035534948495466984, -0.029045333283359703, -0.07548107062248689, 0.0699015046868942] - [0.10265781610756149, 0.2826587664307126, -0.39283463208557357, 0.006568849630077519] - [-0.01137499200520014, 0.5388256161980504, -0.35962887905873825, -0.16857451993889003] - [0.09788236014515002, 0.017482989165199497, -0.168832414691082, 0.053545372026101885]
B1: -6.782331169492987e-05 - 8.318717440951614e-05 - -3.873072794709232e-05 - -5.469539662153571e-05
B2: -0.00017345825758050855 - -7.177952793687583e-05 - 0.00010796440723846029 - -9.64814256772905e-05
