Number: 8823
Error: 6.917600651882804e-05
A1: [0.08141671747801607, -0.17953706213190532, -0.01845501799774074, 0.12059083188445964] - [0.041584245458697676, 0.13769742469689794, -0.1303947616962832, -0.032144127959066675] - [-0.007402363823703771, 0.22244563982108206, -0.12837094303241514, -0.1093708243125119] - [0.04068698883038204, -0.1127117596082839, -0.04444745239179476, 0.12383914671467604]
A2: [0.031150110075187067, -0.03352655437979448, -0.07950521199889334, 0.06530432645470174] - [0.10457665382421173, 0.2845645907618796, -0.39088898777005243, 0.008576218746074312] - [-0.02754927804220693, 0.5224063031026894, -0.3747944010254206, -0.1856255549136437] - [0.0962441421933595, 0.015771449303077063, -0.1702610060204636, 0.0518190350819054]
B1: 0.0030953437221619383 - 0.0016504592529674646 - 0.00763684989341775 - 0.0025591534065148337
B2: -0.005211238897373085 - -0.006965001840069412 - 0.0006383484035401774 - -0.005446387284275958
