Number: 2158
Error: 0.0003238211225392446
A1: [-0.02545283139026757, -0.09982110298308139, -0.04359984758397919, -0.03596062886391774] - [0.04370308547009, 0.17001301136222682, -0.17751837404417609, -0.12072759479463827] - [-0.11297000574983096, 0.427211097809623, -0.05984640505565256, -0.2132249584891389] - [0.007282451101066838, 0.01792696397212697, -0.027346853722157366, -0.014950534259340717]
A2: [0.13825537162878057, -0.18770737989216868, 0.11515920196789696, 0.07186926123385907] - [0.04544322603195787, 0.2144561187949334, -0.08240678775394225, -0.11577790995552721] - [-0.15519535008340116, 0.5055375911800936, -0.2687051969523191, -0.23304413907004617] - [-0.16768904674180052, -0.09414204275444497, -0.14746347649621216, -0.0839496840080214]
B1: -0.03518279796919686 - -0.012558723625094349 - -0.0024680630586390367 - 0.02616902048757664
B2: -0.013933679109916264 - 0.026300227736442333 - -0.021215807484326155 - 0.03263632976934855
