Number: 3348
Error: 1.9785644522372202e-07
A1: [0.06213874091943637, -0.11795222757839222, -0.02809202404728028, 0.06762847827802797] - [0.03542930928939032, 0.18629219194118232, -0.1493631091082832, -0.08013927346874151] - [-0.04660700793318107, 0.34214817169937944, -0.11428974219039335, -0.1276065430517824] - [0.04026798990487623, -0.05217829929033356, -0.03625258657635287, 0.05285003054224942]
A2: [-0.008123852677800704, -0.34575551676843397, 0.25056156892476733, 0.1075013887214056] - [0.07938029802503256, 0.035579348872457894, -0.051010535470164514, -0.06680403112748141] - [-0.04449162669823945, 0.2285566887751461, -0.04274801174990843, -0.1501338894856317] - [0.06629299596190794, -0.2955076055589588, 0.1397756138778563, 0.08148243114207908]
B1: 0.00019805639146790524 - 0.0008625735812660589 - -0.00013124025276769097 - 7.313448998001753e-05
B2: -0.0016578325168184443 - 0.001202110832649748 - -0.0001909454549908361 - 0.0006288581113258894
