Number: 1067
Error: 4.256998557605305e-05
A1: [0.004945892019222242, -0.003315306923199402, 0.015121218732708011, 0.030746918997241197] - [0.08143997864951125, 0.20376988142849492, -0.13218840535223955, -0.09375073691575594] - [-0.08097628709354263, 0.47021635562915587, -0.04618295110462532, -0.22801336856486937] - [-0.050715548683706216, -0.010568129962219463, -0.050932226169294756, 0.012134477596394135]
A2: [0.12409985078365035, -0.23110516063096223, 0.013261954946445621, 0.06494583919061198] - [0.018878840982310068, 0.19037652347068726, -0.12815134500688063, -0.1353289591203556] - [-0.07470667601406078, 0.5758079392255501, -0.20930066796281785, -0.21227793129106642] - [-0.007316729918509644, -0.0063327613881426804, 0.021984722293031115, 0.04490441185432189]
B1: -0.009579007419818215 - 0.005155252186552051 - 0.009509566684341646 - -0.00490423333441268
B2: -0.0017475856165492555 - -0.00359689132582567 - -0.011536925220631822 - 0.002752423744053257
