Number: 5162
Error: 8.049152901023168e-16
A1: [0.06621319309065327, -0.11395206855545051, -0.023983938880210987, 0.07172287953933933] - [0.03740254592589766, 0.18819330618399796, -0.147409011860995, -0.07818707526542638] - [-0.06022933124497559, 0.32895083862122576, -0.12775307046387052, -0.14096828320028973] - [0.039046203968605295, -0.05332264351488826, -0.03741854702024511, 0.05169516343825478]
A2: [-0.009108637151504917, -0.34680325056735184, 0.24945502846467713, 0.10645661555205263] - [0.08003983545763571, 0.03628226741294632, -0.05025010166822724, -0.06607194881354049] - [-0.042452806254427544, 0.23083190566020687, -0.04053123139552059, -0.14784782437019542] - [0.06813478810911243, -0.2934678419411329, 0.1417712507819058, 0.08356187091497798]
B1: -6.145931010068623e-08 - -1.6136146432198283e-08 - -1.0312722575123898e-08 - -1.9377713149028394e-08
B2: -3.525005751649102e-08 - 2.2968356941459775e-08 - -1.2768897731080563e-07 - -2.5765406864848806e-08
