Number: 9874
Error: 9.623774878485759e-16
A1: [0.05317266323490405, -0.14800115783958498, -0.026998934350734884, 0.12182793513122983] - [0.005313853738413627, 0.1308368283304854, -0.1136006098711099, -0.022549629265852272] - [-0.014444430996425187, 0.22309166642641123, -0.12704113405273798, -0.08160588740251816] - [0.027146452971818072, -0.10002004516211559, -0.049424515538491046, 0.12229811326175564]
A2: [0.08925443877676424, -0.07291339278129352, -0.12362744281699457, 0.10728636026860404] - [0.10884171089679022, 0.24981416320593394, -0.4048453070808685, 0.04618946188476339] - [0.03663586583350138, 0.4625550536655157, -0.37771751455031466, -0.12147333429312902] - [0.14342642949933576, -0.04460662700906896, -0.20149953909208287, 0.10267985873820845]
B1: 9.316249583637012e-09 - -3.845014627662014e-09 - -1.5416435748361987e-08 - -7.730532595817308e-09
B2: 2.5793033358518082e-08 - 1.5632035296052208e-08 - -8.323731313046259e-09 - -3.45764307946342e-08
