Number: 9977
Error: 9.614555329048948e-16
A1: [0.053172505612136996, -0.14800131552023904, -0.026999091799696194, 0.12182777743252812] - [0.005313715799888705, 0.1308366902473446, -0.11360074778869497, -0.022549767398853244] - [-0.014444553721352286, 0.22309154365656825, -0.12704125668047087, -0.08160601017119505] - [0.02714640667778787, -0.10002009145624205, -0.049424561930344266, 0.12229806684994765]
A2: [0.08925438953362058, -0.07291344191056763, -0.12362749095070977, 0.10728631041807168] - [0.10884174419435363, 0.24981419650937522, -0.40484527444283597, 0.04618949574253444] - [0.0366359102458046, 0.4625550978467428, -0.3777174712194608, -0.12147328942023004] - [0.14342648942715072, -0.044606567304430626, -0.2014994805777773, 0.10267991955508506]
B1: -4.616084851155932e-08 - 2.7372214125906356e-08 - 1.7504973363255722e-08 - -1.4731582174996656e-08
B2: -2.8149150652965917e-09 - -5.1286366687328425e-09 - 2.1649743079708108e-09 - -1.721385944890386e-08
