Number: 3623
Error: 2.4385132214935676e-13
A1: [0.06621546827010642, -0.11394984420752978, -0.023981665495241094, 0.07172515089926666] - [0.03740498961634666, 0.1881956409663875, -0.14740660952118426, -0.0781846727166653] - [-0.06022686252167575, 0.3289532097140546, -0.12775065469526672, -0.14096588044889238] - [0.03904623037220317, -0.053322618468614684, -0.03741852149489873, 0.051695188763885985]
A2: [-0.009102636874449272, -0.3467968852313241, 0.24946107728780842, 0.10646290647701392] - [0.08003832003463938, 0.0362806348738043, -0.05025175793929215, -0.06607361913682075] - [-0.0424531693670525, 0.23083150488605905, -0.04053162054413943, -0.14784822596158928] - [0.06813836045905274, -0.29346390864075844, 0.14177512356098865, 0.08356587617119422]
B1: -1.7782759045715934e-07 - 1.4121924793703837e-06 - 7.542584235159048e-07 - 4.602836789770431e-07
B2: 9.881541918314906e-07 - -2.3715836224370842e-06 - 8.652510881195166e-07 - 1.9229951741703753e-06
