Number: 5294
Error: 1.5509117638312869e-15
A1: [0.06621320017482585, -0.11395206162955764, -0.023983931801581076, 0.07172288661163102] - [0.03740255521846058, 0.1881933150624576, -0.14740900272566337, -0.07818706612929086] - [-0.060229313089081735, 0.3289508560588076, -0.12775305269767956, -0.14096826552961494] - [0.039046242299903965, -0.05332260713212828, -0.037418509935896585, 0.051695200221479595]
A2: [-0.009108383380746498, -0.34680298135700705, 0.24945528428851158, 0.10645688161625212] - [0.08003993852170647, 0.03628237844233998, -0.05024998902517904, -0.06607183521407942] - [-0.04245273950045384, 0.23083197933373095, -0.04053115985953502, -0.14784775054312746] - [0.06813481340839495, -0.2934678140856505, 0.14177127820862934, 0.0835618992799937]
B1: -7.59506727960522e-08 - -1.982683278043887e-08 - -2.067809865409275e-09 - 1.0724227756200569e-08
B2: 7.746241693113134e-09 - -5.598291289789551e-09 - -4.351392999401237e-08 - 1.4639857501622419e-08
