Number: 2762
Error: 3.178576202440723e-08
A1: [0.0634902578385893, -0.047816972778167856, -0.023388763751048557, 0.007910341184522154] - [0.04398716353949493, 0.19158475824990523, -0.14222948778399278, -0.09215446846518005] - [-0.12228617142638593, 0.4160176607167159, -0.1036937137915399, -0.1859112814607341] - [0.03687310057400064, 0.019036875353649337, -0.033262131668437056, -0.023181058125147223]
A2: [0.06383837545499459, -0.17329018901925508, 0.08672256239249464, 0.024351598167079252] - [0.029428579267558694, 0.2004352768832827, -0.10157201987343777, -0.1277373799605496] - [-0.09300576575188221, 0.514078824722948, -0.22520068732525728, -0.19470675845189173] - [-0.025692670898705857, 0.018754188650512024, -0.050053791635805304, 0.05720512941804626]
B1: -3.754716004601192e-05 - -5.853920109329878e-05 - -0.00014015978125924032 - -6.051715624174822e-05
B2: 0.0001182166779254513 - 0.000133494142535706 - -0.00020416306214633006 - 0.0002341807797237483
