Number: 2090
Error: 0.0015785013417920612
A1: [-0.10756561407611559, -0.15588482216600671, -0.13410403698310866, -0.1413671292573981] - [0.06988563153070658, 0.19849190246221612, -0.13833575578430507, -0.10006417333146106] - [-0.007768369509055474, 0.5612573492766044, 0.0365922063875469, -0.08952027151665129] - [0.1728846690363941, 0.19670678876257358, 0.10742788140180198, 0.16015179662970153]
A2: [0.13037339095754502, -0.19184212831919262, 0.08816102064098214, 0.08207767819258323] - [0.03660757568591236, 0.2025218581393237, -0.11892404215374439, -0.12294087193239345] - [-0.030525267878385363, 0.5884502175256219, -0.1758115299832973, -0.1682031187534534] - [-0.0038195299908960166, -0.01930358022423478, -0.015718669082506975, 0.09769637507601649]
B1: -0.020140530712927228 - -0.03673013619610716 - 0.013925357180571947 - -0.04725812340318976
B2: -0.07088308804307836 - 0.025480626020472845 - 0.02125395674357524 - 0.036404983780161146
