Number: 7580
Error: 7.699609416567272e-16
A1: [0.08043171634338298, -0.18046777909534334, -0.019588825352402854, 0.11962500339334459] - [0.037415613474448654, 0.1335964196303138, -0.13472615278431715, -0.036285791635261896] - [-0.0017027788743149825, 0.228190156644386, -0.12282834256550267, -0.10365887009670038] - [0.03886325833034635, -0.11448099471827959, -0.04641641750979391, 0.12203425183929607]
A2: [0.03530741961255227, -0.029273499310548783, -0.07569737224596758, 0.06966338320275989] - [0.10289374166449168, 0.2828966921825032, -0.392606404962061, 0.006815986573069551] - [-0.011187154421648863, 0.539014535931809, -0.35945106701277424, -0.168376521920628] - [0.09786276654355171, 0.017463283481724, -0.16885104179916569, 0.05352484388647853]
B1: 1.1262652152437166e-08 - 1.3455391107591413e-08 - 1.9957614684310627e-08 - 1.6876526302830902e-08
B2: 1.9344612615505502e-08 - 1.7872073248015525e-08 - 2.3863549595054476e-08 - 1.568845935931331e-08
