Number: 9467
Error: 1.1677134716319998e-13
A1: [0.05317322001129397, -0.1480006008885903, -0.026998378208694353, 0.12182849217255158] - [0.005313568499225918, 0.13083654277070556, -0.11360089508048071, -0.022549914903367323] - [-0.014445389824024399, 0.22309070723795238, -0.12704209212846335, -0.08160684657762347] - [0.027147329124962972, -0.10001916895028064, -0.049423637471660696, 0.12229899171561495]
A2: [0.08925265533922604, -0.0729151720724588, -0.12362918602213246, 0.10728455491250441] - [0.10883901255354549, 0.24981146440189794, -0.4048479519685934, 0.04618671815219651] - [0.036634412964402924, 0.46255360837121134, -0.3777189320261692, -0.1214748022210133] - [0.14342489790915006, -0.04460815289417897, -0.20150103454314483, 0.10267830442430805]
B1: -4.7017784843852804e-08 - -5.223657224365351e-07 - -2.639724571789221e-07 - -6.030675446726162e-08
B2: 5.466134211995077e-07 - -2.40553603196944e-07 - -9.452220073250486e-07 - -4.7191551080162105e-07
