Number: 6456
Error: 9.202437369365153e-16
A1: [0.08043169589852137, -0.18046779953788156, -0.01958884577281022, 0.11962498295082373] - [0.037415597804145204, 0.13359640397187278, -0.13472616842339874, -0.03628580729688194] - [-0.0017028129566196166, 0.22819012256281337, -0.12282837659790324, -0.10365890416991062] - [0.038863231575244656, -0.11448102139828836, -0.046416444247835996, 0.12203422510083135]
A2: [0.03530745554720974, -0.029273463276512035, -0.07569733807974202, 0.06966342081227138] - [0.1028937579018218, 0.28289670855763044, -0.3926063892575358, 0.006816003575918245] - [-0.011187088540703256, 0.5390146022057121, -0.3594510046549984, -0.1683764524996059] - [0.09786281650960131, 0.0174633336750465, -0.1688509942346982, 0.053524896334539225]
B1: 2.690674718944938e-09 - 7.038635257028627e-09 - 1.088766286337943e-09 - 3.1745902670056244e-09
B2: 4.914663966425378e-09 - 1.0772550930339179e-09 - 6.202112515111325e-09 - -3.1745726442187066e-09
