Number: 6994
Error: 1.2308852672374078e-15
A1: [0.08043169179077048, -0.18046780364516643, -0.01958884987564593, 0.11962497884354295] - [0.03741558969586395, 0.13359639586972924, -0.13472617651552207, -0.036285815400671696] - [-0.0017028110642523157, 0.22819012445513712, -0.12282837470830614, -0.10365890227804825] - [0.038863219308032305, -0.11448103363107275, -0.046416456507233236, 0.1220342128412423]
A2: [0.03530739280051435, -0.029273526196754412, -0.07569739773849256, 0.06966335514104503] - [0.10289371247257241, 0.28289666274282255, -0.3926064331961108, 0.006815956004859966] - [-0.011187017391241904, 0.5390146737795349, -0.3594509373104675, -0.16837637752696671] - [0.09786279424536215, 0.017463311309533762, -0.16885101542880626, 0.05352487296432889]
B1: -1.5687624384847256e-08 - -1.183438542939461e-08 - 2.9377763866585188e-08 - -4.1840052061906714e-09
B2: 3.4076857530779384e-09 - -1.8309837274208685e-09 - 3.7285163286867555e-09 - -8.911077031391815e-09
