Number: 8049
Error: 9.751014299388228e-16
A1: [0.08043170861850049, -0.18046778681934916, -0.01958883306804504, 0.1196249956693494] - [0.03741558261901367, 0.13359638879823543, -0.13472618357821273, -0.036285822473579823] - [-0.0017028082918053712, 0.22819012722752394, -0.12282837193991311, -0.1036588995063344] - [0.03886324705946556, -0.11448100595752737, -0.046416428773481413, 0.12203424057542805]
A2: [0.035307479560899205, -0.029273439196405984, -0.07569731524775439, 0.06966344594510959] - [0.10289369242651299, 0.28289664252664837, -0.3926064525844142, 0.006815935013752493] - [-0.0111870648928879, 0.5390146259945362, -0.3594509822717483, -0.1683764275811694] - [0.097862779721754, 0.017463296719853194, -0.1688510292543683, 0.05352485771929473]
B1: -1.8136943902823332e-08 - 2.4648557240098562e-08 - -1.0442866718259084e-08 - 9.437166152335574e-09
B2: 8.898208039872868e-09 - -1.2245081026287956e-08 - 2.4643716303477334e-09 - 6.857913977623298e-09
