Number: 7083
Error: 1.1281906118451687e-15
A1: [0.08043169590411409, -0.18046779953228884, -0.01958884576722158, 0.11962498295641641] - [0.03741559786365866, 0.13359640403134285, -0.1347261683640012, -0.03628580723740115] - [-0.001702799737528683, 0.22819013578161834, -0.12282836339816831, -0.10365889095434806] - [0.038863240525943955, -0.11448101247270559, -0.0464164353028397, 0.12203423404596762]
A2: [0.035307550879429786, -0.029273367680616565, -0.07569724743905192, 0.06966352058774979] - [0.10289367384411634, 0.28289662378652475, -0.3926064705570534, 0.006815915555229929] - [-0.011187122057105278, 0.5390145684893864, -0.35945103637899395, -0.16837648781702982] - [0.09786285612733531, 0.017463373472985426, -0.1688509565211636, 0.053524937920244715]
B1: 1.0609293269625081e-08 - -6.577577349452853e-10 - -7.788462135327372e-09 - 4.262884077817929e-09
B2: -2.028708241890069e-10 - -8.733180886568469e-11 - 5.61651644382575e-09 - -1.6152978714919623e-09
