Number: 333
Error: 1.7872090504832774e-09
A1: [-0.012126402464730691, -0.01448944844428183, 0.018117129314086003, 0.008611970665072516] - [0.06575450326996579, 0.18941759927176477, -0.1454060446951397, -0.11009844989561526] - [-0.09653061763332246, 0.42155652147443307, -0.05371508457819721, -0.2723124955264744] - [-0.001546367741046095, -0.018435496448514405, -0.004074465605526643, 0.02311681765602723]
A2: [0.16152941916294733, -0.16781100890646414, 0.008445183596999492, -0.0023889408084624693] - [0.0354692873077766, 0.20750054915671107, -0.11722679423038974, -0.12580810648448185] - [-0.08627452854775347, 0.581478387979463, -0.23544806024813938, -0.2599950369842938] - [-0.003878615037056967, -0.004562191809951419, 0.001067093706510995, 0.0072016668421072474]
B1: 2.4588187481691273e-05 - -0.00023151348160880557 - 2.4170722774476856e-05 - -3.5701493124004086e-06
B2: 0.00011092243636140016 - -0.00016821475507852987 - 2.073930943602058e-06 - -1.3055624114781678e-05
