Number: 2150
Error: 0.0006694962841709704
A1: [0.005767158833162086, -0.07623602514207306, -0.016283787847146458, -0.0005475226705254285] - [0.04298066243110284, 0.17049780506802872, -0.17890849213747592, -0.12192733429782554] - [-0.07134526687855525, 0.4613307272599007, -0.01777313805496006, -0.17490888370439867] - [-0.07760464577858348, -0.06615300914688607, -0.11251890202929898, -0.09136593641192739]
A2: [0.1722267424855049, -0.13681158573755237, 0.15605261418002708, 0.11578050375099878] - [0.059576330926122106, 0.22756163622808429, -0.06720344583107367, -0.10452448530709056] - [-0.20193883047319527, 0.4647125920695724, -0.3217717710429518, -0.2812300817865706] - [0.12521334856130156, 0.19194426168169218, 0.1566079018654352, 0.181923746270898]
B1: 0.06727384347691949 - 0.007925932789938028 - -0.01429301574363118 - 0.015979057405252857
B2: 0.016994013076642188 - 0.014100891851474685 - -0.015704705986365006 - 0.019938510277198177
