Number: 7775
Error: 8.967004370482782e-16
A1: [0.08043168396225923, -0.18046781147279947, -0.019588857694793224, 0.11962497101592856] - [0.03741566904030223, 0.13359647515411127, -0.13472609732916363, -0.036285736100181036] - [-0.0017027935040708276, 0.22819014201494317, -0.12282835717382865, -0.10365888472254599] - [0.03886322358341234, -0.11448102936770232, -0.04641645223457242, 0.1220342171139661]
A2: [0.03530732508201294, -0.029273594102538207, -0.07569746212450591, 0.06966328426641133] - [0.10289361546114947, 0.2828965649080824, -0.3926065270243443, 0.006815854419825004] - [-0.011187212553134976, 0.5390144774536019, -0.3594511220355596, -0.16837658317572587] - [0.09786269560569932, 0.017463212221207388, -0.1688511093274839, 0.05352476942491342]
B1: 1.2586391613195445e-08 - -6.331184473647766e-10 - 1.3631464980022801e-08 - 1.2710470779932893e-08
B2: -1.3912622494760194e-08 - 8.579738042819846e-08 - 2.528737502999844e-09 - -1.2022063457229762e-08
