Number: 3628
Error: 2.646613017372663e-13
A1: [0.06621620517206608, -0.11394912377387109, -0.023980929167608172, 0.07172588656422028] - [0.03740451901638018, 0.18819519134102763, -0.14740707215550997, -0.07818513539376468] - [-0.060226830844956045, 0.3289532401329424, -0.12775062370510593, -0.140965849617291] - [0.039045350491815047, -0.05332345361823434, -0.03741937274851522, 0.05169434442614813]
A2: [-0.009103440179200487, -0.34679773740996545, 0.24946026748053463, 0.10646206426087901] - [0.0800386855101779, 0.036281028591834893, -0.050251358494994916, -0.06607321630179694] - [-0.04245351476268897, 0.23083112368704972, -0.04053199067583469, -0.1478486079520504] - [0.06813875330771287, -0.2934634760948257, 0.14177554944239953, 0.08356631662456614]
B1: 9.821023363527508e-08 - 1.3909444549540363e-06 - 1.3274017579921889e-06 - 3.2666087311846214e-07
B2: 1.4932534871229992e-06 - -3.2868759938180643e-06 - 1.1342342474400195e-06 - 2.326299246138768e-06
