Number: 1483
Error: 8.791469675568139e-09
A1: [-0.0069176928961632, -0.014721665851724254, 0.0032772298660459004, 0.019731462026122623] - [0.0667365132849848, 0.1897976082335569, -0.14682838668758175, -0.10996273071622428] - [-0.11290084585690173, 0.4414760059139585, -0.07111813814705065, -0.25844122235542105] - [-0.02417940179395835, 0.014548115657684841, -0.030761092066037606, 0.03805687568105936]
A2: [0.13160268824538218, -0.22461199903936802, 0.02268315792863103, 0.07017681116247534] - [0.03265811121327306, 0.20376092028445764, -0.11487645406238241, -0.12144585690980346] - [-0.09451329339044574, 0.5556474354214206, -0.23509521444592382, -0.22552830815828084] - [-0.02065325355540902, -0.01910422706812867, 0.00829050368013558, 0.032348647429871646]
B1: -7.515813896232118e-05 - -6.70994749353555e-05 - 3.71755354358049e-05 - 8.043297906763315e-06
B2: 0.00016650590135258378 - -3.2320641690346654e-05 - 2.7307020134523214e-05 - -0.00020586096115986192
