Number: 4766
Error: 1.0737082845704167e-15
A1: [0.06621322832516685, -0.11395203410831363, -0.02398390367334432, 0.07172291471472081] - [0.03740265573240708, 0.188193411096662, -0.14740890391280348, -0.07818696730768301] - [-0.060229361922997694, 0.3289508091567534, -0.1277531004836068, -0.14096831305860888] - [0.039046227317117134, -0.053322621353427975, -0.03741852443138901, 0.051695185843709905]
A2: [-0.00910862968637352, -0.34680324264820556, 0.24945503599031554, 0.10645662337860377] - [0.0800398646042293, 0.036282298812146854, -0.050250069812740536, -0.06607191668751933] - [-0.04245274521527871, 0.23083197302671538, -0.040531165983589475, -0.14784775686330914] - [0.06813484981716256, -0.2934677739979712, 0.14177131767940632, 0.08356194010094337]
B1: 2.028809408871659e-08 - 9.787920527689885e-09 - -2.1049489562579463e-08 - -1.7058242985910336e-08
B2: 1.6322728443639385e-08 - 3.319094565033376e-08 - -1.8232987394667148e-08 - -2.7172574592283855e-08
