Number: 5576
Error: 3.1451583968707706e-09
A1: [0.06617968506254383, -0.113984806633688, -0.024017406366718768, 0.07168943745123858] - [0.03737205829241751, 0.1881641949319956, -0.14743897451368013, -0.07821704452972406] - [-0.060399545830088434, 0.32878740111601906, -0.1279195919556846, -0.14113391851492293] - [0.038858266911449856, -0.05350099705808362, -0.037600335207556894, 0.051514844063333634]
A2: [-0.009095121938344962, -0.3467889090439713, 0.24946869533821828, 0.10647081917717369] - [0.08003936000578561, 0.03628175884649613, -0.05025061733313067, -0.06607246775295582] - [-0.04252895820825941, 0.23074786777095885, -0.04061285068087011, -0.14793204416559688] - [0.06806521622864141, -0.2935444363521795, 0.14169582103508105, 0.08348387000648798]
B1: 4.824489682696398e-05 - 1.6895791011287002e-05 - 3.071495875504678e-05 - 3.622134258709255e-05
B2: -1.0462474216801917e-05 - -1.3346640581259428e-05 - -2.7131843163360137e-05 - -1.9755891771134127e-05
