Number: 6654
Error: 8.616576360901916e-16
A1: [0.08043167413509567, -0.18046782129884253, -0.019588867510213166, 0.11962496118988367] - [0.037415606548878606, 0.13359641270998837, -0.13472615969608923, -0.03628579855699275] - [-0.0017029058787718953, 0.2281900296426415, -0.12282846938400316, -0.10365899706726385] - [0.038863269044331475, -0.11448098403435315, -0.04641640680262466, 0.1220342625466305]
A2: [0.035307426367040096, -0.029273492537390314, -0.07569736582386574, 0.06966339027204933] - [0.10289375496423504, 0.2828967055951118, -0.3926063920987298, 0.006816000499833092] - [-0.011187154204634933, 0.5390145361501206, -0.3594510668073181, -0.16837652169200584] - [0.09786277708898572, 0.017463294075119148, -0.16885103176056185, 0.05352485495571388]
B1: 9.719828819774234e-10 - 7.292507066726066e-09 - -1.4158740667366126e-08 - -4.451982643126214e-09
B2: -1.6010855634547583e-09 - 1.9727771452147775e-08 - -5.818954393473728e-08 - 3.029790581386452e-08
