Number: 8218
Error: 8.922179594589671e-16
A1: [0.08043168615143843, -0.1804678092838941, -0.019588855508296768, 0.11962497320481338] - [0.03741559302418851, 0.13359639919558294, -0.13472617319368516, -0.03628581207410447] - [-0.0017028170303819278, 0.22819011848912682, -0.12282838066570921, -0.10365890824258917] - [0.038863231727965734, -0.11448102124601166, -0.04641644409523611, 0.12203422525343849]
A2: [0.03530744455860108, -0.02927347429545864, -0.07569734852753367, 0.06966340931147037] - [0.10289370286142883, 0.2828966530501252, -0.392606442491898, 0.00681594594063118] - [-0.01118710075441658, 0.5390145899190936, -0.3594510162155289, -0.16837646536964931] - [0.0978628497427503, 0.017463367059321437, -0.16885096259880428, 0.05352493121841604]
B1: -9.732920719766233e-10 - 5.085970491959579e-09 - -9.349375131762517e-09 - -2.369595763586932e-08
B2: -1.239159271152223e-08 - -3.259820445109234e-09 - -3.4427329143125422e-09 - -1.143102945921838e-08
