Number: 4576
Error: 1.2948844227458545e-15
A1: [0.06621310029969758, -0.11395215927286287, -0.0239840315983429, 0.07172278690411588] - [0.037402501062376275, 0.1881932633199082, -0.14740905596531417, -0.07818711937364747] - [-0.060229534510859446, 0.3289506433955928, -0.12775326936793302, -0.14096848103458992] - [0.039046148924074535, -0.05332269576121987, -0.037418600274092294, 0.05169511061684582]
A2: [-0.00910867510276701, -0.34680329082786865, 0.2494549902065103, 0.10645657576201294] - [0.0800398128841059, 0.03628224309478149, -0.050250126339888894, -0.06607197369463436] - [-0.042452819019498045, 0.23083189157193848, -0.040531245075028755, -0.14784783848782562] - [0.06813478122348271, -0.2934678495224619, 0.1417712433173476, 0.08356186319493593]
B1: 2.8650872473837657e-08 - -1.884143089629254e-08 - -7.623881134522085e-09 - 1.4099531486565742e-09
B2: -2.787479025706013e-09 - -2.14632272869007e-08 - 3.833924150496594e-08 - -1.1908745450684404e-08
