Number: 5868
Error: 1.8419329268625128e-07
A1: [0.08156135652641948, -0.17934094346814608, -0.018459485597883248, 0.12075502302797142] - [0.03895669720101164, 0.13513504376998323, -0.13318819077229807, -0.03474549688432308] - [-0.0015102649931390197, 0.22838153653312143, -0.12263509212455986, -0.10346591183047082] - [0.03906414351883226, -0.11428261528067943, -0.046213750811429026, 0.12223594850987007]
A2: [0.036596134087077035, -0.027983099514095784, -0.07447126434964849, 0.07101419837225974] - [0.10687915550383055, 0.28690963944810244, -0.38875406962948617, 0.01099152746651502] - [-0.010918847486924826, 0.5392837187360652, -0.359194151618935, -0.16809073538256145] - [0.09880682974346315, 0.018410301645049757, -0.16795082597426975, 0.05451794973134353]
B1: 5.2630635069527296e-05 - -0.0011866803703585995 - 0.0011047325792231985 - 0.0003677147882568252
B2: 0.0001315056849393456 - -0.00010659538060863195 - 6.578403819392196e-05 - -3.531266711480512e-05
