Number: 9610
Error: 2.8079345873746778e-14
A1: [0.05317255648426011, -0.14800126463473764, -0.026999040986824596, 0.1218278283277073] - [0.005313602064343313, 0.13083657638952564, -0.11360086151018112, -0.022549881294288428] - [-0.0144444836241806, 0.2230916137784187, -0.12704118663990338, -0.08160594004786965] - [0.027146017131090147, -0.10002048100619813, -0.04942495230116989, 0.12229767631072573]
A2: [0.08925462489349781, -0.072913207093237, -0.12362726089076279, 0.10728654868189394] - [0.1088409556990222, 0.24981340787340234, -0.404846047321985, 0.04618869398054179] - [0.036635771735363185, 0.4625549600576063, -0.37771760635646784, -0.12147342936642096] - [0.1434254070766724, -0.044607645626755794, -0.2015005374025461, 0.10267882114549233]
B1: -1.6035050561402965e-07 - 3.6096736169724395e-07 - -2.0164463947624614e-08 - 1.887443256741351e-07
B2: 2.1093614319427065e-07 - 1.008056842464232e-07 - 1.0763983547945972e-07 - 1.0881571932392161e-07
