Number: 9160
Error: 1.2853264686644672e-06
A1: [0.04681229453048059, -0.15437442925133465, -0.033394867938450874, 0.11548356053242104] - [0.004857914096649895, 0.13036287648656714, -0.11411308596034804, -0.02300887713625041] - [-0.017867025270555736, 0.21969088141731052, -0.13046417841769448, -0.08498391568119808] - [0.023090871528751944, -0.10407967888589567, -0.05351225834274202, 0.11825101543320587]
A2: [0.086327086647818, -0.07586488099347229, -0.1264611772112112, 0.104330230275484] - [0.10536695082354197, 0.24633601526562593, -0.4082565695331993, 0.042655294925753845] - [0.028131731470497443, 0.4540798466464742, -0.38603626965544113, -0.1300863522225361] - [0.14247263797974274, -0.0455378255365178, -0.20242414741145026, 0.10172159238383627]
B1: -0.001750709006363297 - -0.00019178802211713953 - 0.0007825330458331333 - -0.0006719998721461653
B2: 0.0016419181206984465 - -0.0015111921134208788 - 0.000554779857983423 - 0.0006259095706225971
