Number: 3090
Error: 2.0598310736047702e-06
A1: [0.06503095623397494, -0.04633165207081738, -0.02189478614414606, 0.00942160307734347] - [0.04355005294741671, 0.19115308144535234, -0.14268568349654356, -0.09263231078370787] - [-0.12259994588083302, 0.4156597195405792, -0.10403818103746847, -0.18622634287852724] - [0.0377466899439298, 0.019838353602024978, -0.03244524007415402, -0.022348142025473042]
A2: [0.06260628693265956, -0.17446453491231576, 0.08546617452322824, 0.02310613737401346] - [0.03563508292194598, 0.20653911136415148, -0.09537716616853714, -0.12165978689331067] - [-0.09564249182814853, 0.5114994564290241, -0.22783821322309006, -0.19725553075376406] - [-0.034464341846086884, 0.010055452577746527, -0.05885400276404969, 0.048661344013751606]
B1: -0.0003636730119281742 - -0.0033651652879684046 - -0.00010217802432914706 - 0.0020938366322424753
B2: 1.906743108338188e-06 - -0.000434291261812115 - 0.0005202933982640805 - 0.000444536579219285
