Number: 3014
Error: 3.9672368572625094e-08
A1: [0.06431988387743978, -0.046988179599948034, -0.02256476041139474, 0.008732819362207007] - [0.04403421489020164, 0.19163045657284047, -0.14217976739129187, -0.09210036428449954] - [-0.1232843893374199, 0.41502759885673585, -0.10469238194667498, -0.1869041419372775] - [0.0375402617608272, 0.019707085925891488, -0.03259801771786038, -0.02252104297601492]
A2: [0.064242279100357, -0.17289172625527063, 0.08712531937360547, 0.024746955494879368] - [0.029365221847187643, 0.20037296313612582, -0.10163534246197571, -0.12780015437104875] - [-0.09287380892415942, 0.5142067639668509, -0.22506849785246205, -0.19457649040774685] - [-0.02584744078110951, 0.01859437666635471, -0.05021355096974453, 0.057055669165288724]
B1: 0.00028254212481245897 - 1.9895523028387038e-05 - 0.00029913028001963274 - 0.00011097179073964216
B2: 0.000251108702597747 - 2.631774812423876e-05 - -0.00018487338454960305 - 0.00019013670903561254
