Number: 9103
Error: 5.27909796007442e-06
A1: [0.061071477895289744, -0.1409030782265201, -0.0189852180524532, 0.1289599021703045] - [0.003983202528987581, 0.12917261710087538, -0.11529047306623362, -0.024349079356285306] - [-0.01953010484113465, 0.218414421936041, -0.13113544527973833, -0.08566141878731376] - [0.03089312087530932, -0.09665645631476161, -0.0452789425203265, 0.12577010997596194]
A2: [0.11339122086623736, -0.048705668142732673, -0.09860797167118286, 0.13205719757236478] - [0.122998097636409, 0.26354334382333666, -0.39079996615674256, 0.0604270727641018] - [0.03231936094572911, 0.4590806725260265, -0.38134769633077137, -0.12576534639076611] - [0.14001369991545687, -0.048002796818646165, -0.20526814594149823, 0.09904560491332912]
B1: 0.0051425760618108605 - -0.003236478352361531 - 0.00010311488258193339 - -0.0028499822170498955
B2: -0.002121998393669584 - -1.1119883524618457e-05 - 0.0007270373662973785 - -0.0010104712367477904
