Number: 4894
Error: 8.861952117822181e-16
A1: [0.06621316491338104, -0.11395209610304187, -0.02398396703534081, 0.07172285140938883] - [0.03740257671883647, 0.18819333560454893, -0.14740898158919852, -0.07818704499094582] - [-0.06022947183666974, 0.3289507035906652, -0.12775320803865683, -0.14096842003519833] - [0.039046225127637224, -0.053322623431566143, -0.03741852654957473, 0.05169518374272504]
A2: [-0.00910856065476141, -0.3468031694165443, 0.24945510558049463, 0.10645669575446501] - [0.08003986400852328, 0.036282298170409136, -0.050250070463791756, -0.06607191734410627] - [-0.04245283160789182, 0.23083187767866684, -0.040531258565169204, -0.14784785241011428] - [0.06813472818559971, -0.293467907919327, 0.1417711858193211, 0.08356180372982513]
B1: -1.5173762010987994e-09 - 2.095252434947001e-08 - -7.375385137674092e-09 - -1.7450574312632636e-08
B2: -1.8930594989999028e-08 - -1.251132582122343e-08 - 3.919542608625232e-08 - -6.217792736679017e-09
