Number: 9590
Error: 8.709834519675541e-15
A1: [0.05317270761059192, -0.1480011134518156, -0.026998890026507034, 0.12182797952854661] - [0.005313502759991303, 0.13083647697956516, -0.11360096080033283, -0.02254998073771375] - [-0.014444563690025607, 0.22309153368209703, -0.12704126664299334, -0.08160602014259745] - [0.02714639856101662, -0.10002009957870284, -0.04942457006747758, 0.1222980587090049]
A2: [0.08925504102443059, -0.0729127919261853, -0.12362685413793899, 0.10728696994184668] - [0.10884087687961722, 0.24981332904046344, -0.4048461245808328, 0.0461886138341046] - [0.03663559738689775, 0.462554786616056, -0.3777177764607344, -0.12147360552441941] - [0.14342663738505615, -0.04460641990189927, -0.20149933611324433, 0.10268006970741672]
B1: 6.3468345331627484e-09 - -8.44582871740086e-08 - -2.0591697171863324e-07 - 8.1894695123807e-09
B2: 2.098970988929685e-08 - -3.7677271938574674e-08 - -2.3571054244403708e-07 - -2.2609719821561816e-07
