Number: 610
Error: 6.73409956917776e-14
A1: [-0.012152439847984186, -0.014516190256806703, 0.018088337845121323, 0.008584116791853487] - [0.0658351922716052, 0.1894952193900129, -0.14532261487298184, -0.11000860879697177] - [-0.09629417441733142, 0.42178502641185006, -0.0534585273003681, -0.27203701622369575] - [-0.001320858139119773, -0.018218627340791847, -0.0038344272231346154, 0.02337748575881568]
A2: [0.1615863129650191, -0.16775517342718715, 0.00850093427434876, -0.0023334670823864194] - [0.03548565155811266, 0.20751665096204025, -0.11721049588269414, -0.12579209995434243] - [-0.08621397618914758, 0.5815376991192424, -0.23538914650125423, -0.25993598895625103] - [-0.003835149822702802, -0.004519469293142576, 0.0011100762298238585, 0.0072432181414170075]
B1: -1.204432010752635e-07 - 9.015125726455535e-08 - -1.47536430504613e-07 - -3.0307547051846616e-08
B2: 1.0301257422906718e-07 - 3.0711466306507757e-07 - -9.570473899355119e-07 - 9.181080715486726e-08
