Number: 4437
Error: 1.0543883224804367e-15
A1: [0.06621313637711608, -0.11395212400165097, -0.023983995549228265, 0.07172282292101408] - [0.037402645373003675, 0.18819340119893818, -0.14740891409689016, -0.07818697749266697] - [-0.06022934776915196, 0.3289508227507155, -0.12775308663350785, -0.14096829928315086] - [0.039046132454463825, -0.053322711393545844, -0.037418616207882845, 0.05169509481248301]
A2: [-0.009108503965008122, -0.34680310927757707, 0.24945516272898502, 0.10645675519054303] - [0.08003975500668876, 0.036282180744224304, -0.05025018959662599, -0.06607203748845596] - [-0.042452802013071105, 0.23083191034126616, -0.040531226850372165, -0.14784781967936583] - [0.06813485685629055, -0.2934677662474674, 0.1417713253107774, 0.08356194799322743]
B1: -1.126445191711264e-08 - 1.4083173260691892e-10 - -1.1965515545324087e-08 - 1.1105507834593188e-08
B2: -2.9153724633302343e-08 - 2.186831481599883e-08 - -2.0434401856813843e-09 - 4.347192388007968e-09
