Number: 9784
Error: 8.799705700186546e-16
A1: [0.05317248147679484, -0.1480013396645192, -0.02699911590852963, 0.12182775328546826] - [0.005313829038075507, 0.13083680360422717, -0.11360063456773746, -0.022549654001056074] - [-0.014444455150508474, 0.22309164226344294, -0.12704115818774533, -0.08160591156524373] - [0.027146461965187038, -0.1000200361687391, -0.04942450652612717, 0.12229812227797625]
A2: [0.08925434799210598, -0.07291348335605391, -0.12362753155624014, 0.10728626836454977] - [0.1088416567567109, 0.249814109056289, -0.40484536014860534, 0.04618940683373353] - [0.03663585398414016, 0.46255504187781626, -0.3777175261111423, -0.12147334626540424] - [0.14342644476187552, -0.0446066118033795, -0.2014995241895493, 0.10267987422718533]
B1: 2.3742274890555985e-08 - -3.4332532031775983e-09 - -1.5153295823272033e-08 - -2.724086662089085e-08
B2: 6.8420347549165495e-09 - -2.344173247847585e-08 - -4.6900841154859086e-08 - 3.0626007156589933e-08
