Number: 9673
Error: 2.569572486998175e-14
A1: [0.05317254226009326, -0.14800127885935926, -0.026999055192742472, 0.12182781409787971] - [0.005313813845351074, 0.1308367883942345, -0.11360064976033572, -0.022549669214827237] - [-0.014444289452695725, 0.22309180802093398, -0.12704099262245813, -0.08160574580802285] - [0.02714630959868025, -0.10002018853580104, -0.049424659214989564, 0.12229796952404474]
A2: [0.08925467012884093, -0.07291316196504995, -0.12362721667783069, 0.10728659447276537] - [0.10884191319283253, 0.24981436553769948, -0.4048451087909365, 0.046189667584847105] - [0.03663603356488547, 0.4625552205248276, -0.37771735090190506, -0.12147316482154545] - [0.1434257805040909, -0.0446072735882571, -0.20150017278032584, 0.10267920011377395]
B1: -9.295136372558729e-08 - -2.716506040421841e-07 - -3.2151693401590255e-07 - 1.245884034871174e-07
B2: 1.6091170160752518e-07 - -1.830157957198525e-08 - -2.9128348640972455e-07 - 4.567529270618282e-08
