Number: 6433
Error: 1.1851027114101372e-15
A1: [0.08043170309801878, -0.18046779233919955, -0.019588838581921345, 0.11962499014949887] - [0.037415600881564565, 0.133596407046963, -0.13472616535211124, -0.036285804221167284] - [-0.0017028080884811559, 0.228190127430848, -0.12282837173689251, -0.10365889930307136] - [0.03886322348669636, -0.114481029464137, -0.046416452331230096, 0.12203421701731021]
A2: [0.03530744188101954, -0.02927347698050131, -0.07569735107337541, 0.0696634065091151] - [0.10289377273491597, 0.2828967235166152, -0.39260637491116385, 0.006816019108339383] - [-0.01118707414997715, 0.5390146166822735, -0.3594509910338694, -0.16837643733558869] - [0.09786281470184019, 0.01746333185906241, -0.16885099595556907, 0.05352489443697768]
B1: -1.372443971080002e-09 - 1.3268288607655003e-08 - 6.912071057374346e-09 - 2.9074770798081907e-09
B2: 1.138631787312003e-08 - 4.843037196756572e-09 - 1.0137315134940125e-08 - -6.9532561250080076e-09
