Number: 7144
Error: 1.0331798879780903e-15
A1: [0.08043169759119896, -0.1804677978453952, -0.019588844082154513, 0.11962498464330831] - [0.037415604077101504, 0.13359641024008373, -0.13472616216293865, -0.036285801027400144] - [-0.0017027444101064845, 0.22819019110786418, -0.1228283081517482, -0.10365883564168825] - [0.038863230477527974, -0.1144810224929239, -0.046416445344855395, 0.1220342240037954]
A2: [0.035307329068751364, -0.029273590104790498, -0.0756974583338679, 0.06966328843886437] - [0.10289376190208088, 0.28289671259184407, -0.3926063853885304, 0.006816007764773707] - [-0.011187048115754196, 0.5390146428717641, -0.35945096639187657, -0.16837640990246505] - [0.09786278423600012, 0.01746330125464239, -0.1688510249570753, 0.05352486245776046]
B1: -2.545926923822305e-08 - 1.03829711358599e-08 - 3.03692351361685e-08 - 4.0500901312796765e-09
B2: -6.493730826407713e-09 - -7.550714406540713e-09 - 4.995492690708845e-08 - -1.2608929206480809e-08
