Number: 5684
Error: 0.0008754896697845606
A1: [0.011488792052957924, -0.16640634244982153, -0.07802841205923657, 0.01824502475686439] - [0.04016019819833375, 0.19153880078782834, -0.14460991202495782, -0.07570309097805414] - [-0.13702750661960408, 0.24300564933140484, -0.21147004971792396, -0.23478638248719896] - [-0.0492302809806587, -0.13017236517356523, -0.11845083143109912, -0.023551911252508884]
A2: [0.09151625304024652, -0.24087497348745762, 0.3469530956307311, 0.21806273611573496] - [0.10345736061256736, 0.06267623625530476, -0.02362823659905473, -0.04003351358086593] - [0.023383915172133903, 0.30423679090656197, 0.030957236643719587, -0.0730989939758382] - [0.10255301666470605, -0.2546609686331535, 0.18561606811314835, 0.11965347322909275]
B1: 0.0034776666119152276 - 0.009029862082606584 - 0.01230235652437503 - 0.027525139172398336
B2: -0.016162035343563034 - 0.012262691731726163 - -0.01755926457167267 - -0.019935682729337375
