Number: 5
Error: 0.007948694045649888
A1: [0.08184696692716494, 0.08912985418755542, 0.0972145415322755, 0.07577167102557869] - [0.22931523909700924, 0.3628151693130195, -0.002634296614197627, 0.013639567467835427] - [0.03970859733215507, 0.5511402049240407, 0.06411130414385997, -0.13207582498900353] - [0.32616893889713156, 0.3259243426160857, 0.32607791615542164, 0.3265194908271537]
A2: [0.3384728830176539, 0.004653762559159284, 0.1708446781571483, 0.172548855554358] - [0.2785764779603589, 0.44468784335111383, 0.11126608770719171, 0.11233766221278549] - [0.3183035812041367, 0.9845020235367725, 0.1507465272237746, 0.15261605291185165] - [0.3537139082998009, 0.3535617311178782, 0.35282468075241064, 0.3545929520917497]
B1: 0.0631864895097333 - 0.5605914778516577 - 0.06267129470879435 - -0.07980410756165673
B2: 0.14345148418172338 - 0.6784287976866472 - -0.02402765236540496 - 0.04582041963061797
