Number: 8228
Error: 1.0058709287798199e-15
A1: [0.08043165634347055, -0.1804678390884859, -0.019588885280622907, 0.1196249434002504] - [0.03741559649172504, 0.13359640266049652, -0.1347261697330554, -0.036285808608486764] - [-0.0017028208912337492, 0.228190114628358, -0.12282838452090725, -0.10365891210240993] - [0.03886320223528284, -0.11448105065592801, -0.046416473569125705, 0.12203419577908589]
A2: [0.03530739279892489, -0.02927352619829035, -0.0756973977400753, 0.06966335513945854] - [0.10289372824310493, 0.2828966786472124, -0.39260641794304996, 0.006815972518920427] - [-0.011187076913328257, 0.5390146139023785, -0.35945099364937316, -0.16837644024751347] - [0.09786280600203404, 0.01746332311965044, -0.16885100423720975, 0.05352488530498786]
B1: -1.969770241330706e-08 - 6.267978366694285e-09 - 7.963235344394478e-09 - 4.407710816507268e-09
B2: -1.087008054962459e-08 - 1.0714229978513621e-08 - 1.0464200620792888e-08 - -9.329466676632272e-09
