Number: 2801
Error: 4.653066967002331e-09
A1: [0.06341170334824978, -0.04789495043369511, -0.023466370467430293, 0.007832450768490548] - [0.04368658041843964, 0.1912947398997554, -0.14253885252140647, -0.09248470794937387] - [-0.12354374682774712, 0.41476266549972257, -0.1049581923508143, -0.18717147015591995] - [0.036908458839401394, 0.01907194543231609, -0.033227617982524715, -0.023146339624960835]
A2: [0.06316407679232804, -0.17396180741239584, 0.08604750007655051, 0.02368414264329929] - [0.02950221419357699, 0.2005078588440598, -0.10149857023193377, -0.12766522469479466] - [-0.09317745950856962, 0.5139101004601413, -0.22537308083281934, -0.19487285429254253] - [-0.02508862654243552, 0.019354916257309045, -0.04944848968061103, 0.057793483691884605]
B1: 6.215496485813195e-05 - 0.00014212910643844156 - 3.895514064785947e-05 - -0.0001813809690599523
B2: 1.8602071336619797e-05 - 5.491902116703916e-05 - 1.4155530479766792e-05 - -1.0396593352313653e-05
