Number: 9860
Error: 7.974501252942713e-16
A1: [0.053172544600805456, -0.14800127651727976, -0.026999052854063607, 0.12182781643993436] - [0.005313749215206602, 0.13083672369767577, -0.11360071437847376, -0.02254973393643968] - [-0.014444499252319441, 0.2230915981455237, -0.1270412022545945, -0.08160595568276732] - [0.027146428019591155, -0.10002007011429567, -0.049424540543342645, 0.12229808824612923]
A2: [0.08925445200833275, -0.07291337958032298, -0.1236274298835424, 0.10728637366331735] - [0.10884179647637562, 0.24981424880061726, -0.4048452231963482, 0.04618954890424999] - [0.03663598574657924, 0.4625551729546554, -0.37771739755712885, -0.12147321313636607] - [0.1434264975971407, -0.0446065591649013, -0.20149947260047144, 0.1026799278463138]
B1: 8.013773637208383e-09 - 1.7772726729372807e-08 - 2.4078548568033263e-08 - 3.02146972495864e-09
B2: 2.120031342145003e-08 - 2.060909795658351e-08 - 1.533110601871664e-08 - 1.3028367418171716e-08
