Number: 4014
Error: 1.0206158831503716e-15
A1: [0.06621320036198271, -0.11395206144661255, -0.023983931614557284, 0.07172288679850408] - [0.037402566886678736, 0.1881933262105854, -0.147408991254974, -0.0781870546575531] - [-0.06022931862371973, 0.328950850743312, -0.12775305811346963, -0.14096827091658143] - [0.03904623309962178, -0.053322615865037566, -0.03741851883710148, 0.051695191392597206]
A2: [-0.00910847788140286, -0.3468030816069139, 0.24945518902367989, 0.10645678253786817] - [0.0800398269605424, 0.03628225825910105, -0.05025011095519883, -0.06607195817929723] - [-0.04245285792103936, 0.2308318486377309, -0.0405312867636062, -0.1478478815115653] - [0.0681348456531931, -0.29346777858248274, 0.14177131316562502, 0.08356193543259911]
B1: 7.466738348754403e-11 - 6.0813519685354595e-09 - -3.452041046713748e-08 - 1.578864149234531e-08
B2: 3.0006006829389126e-09 - -3.126206747607575e-08 - -7.0016378399205e-09 - 1.8391397067089678e-08
