Number: 6820
Error: 8.51458023176241e-16
A1: [0.08043167777615574, -0.1804678176581939, -0.0195888638735079, 0.11962496483052742] - [0.03741557102647531, 0.13359637721447118, -0.13472619514771453, -0.036285834059719246] - [-0.0017028499534137496, 0.22819008556680628, -0.12282841354052763, -0.10365894115683057] - [0.038863213184343506, -0.11448103973757559, -0.046416462627019706, 0.12203420672135959]
A2: [0.03530748954295373, -0.029273429186741386, -0.07569730575702034, 0.06966345639250134] - [0.10289377326611508, 0.2828967240523208, -0.392606374397392, 0.006816019664574931] - [-0.011187083841693457, 0.5390146069327449, -0.35945100020727194, -0.1683764475481081] - [0.09786284232303456, 0.01746335960589432, -0.16885096966197682, 0.05352492343023522]
B1: -1.3408886956745407e-08 - -1.3148078519925049e-09 - -2.145091316033303e-08 - -1.402066925172233e-08
B2: -6.146476940708603e-09 - -1.2774255584480157e-08 - -1.740111864426031e-08 - -1.2652090883839935e-08
