Number: 7103
Error: 8.749832639767826e-16
A1: [0.0804316954045722, -0.180467800031774, -0.019588846266166086, 0.11962498245693165] - [0.03741559857894706, 0.1335964047460902, -0.1347261676501378, -0.03628580652250889] - [-0.0017028054935270636, 0.22819013002574223, -0.12282836914573944, -0.10365889670881048] - [0.038863240226435385, -0.11448101277137379, -0.046416435602157524, 0.12203423374664514]
A2: [0.035307402855008906, -0.029273516114451024, -0.07569738817881229, 0.06966336566416675] - [0.10289369804019918, 0.28289664818796173, -0.3926064471549157, 0.006815940892061212] - [-0.011187071965029388, 0.5390146188802389, -0.3594509889657448, -0.1683764350332705] - [0.09786280912990335, 0.017463326261779148, -0.16885100125968544, 0.0535248885882499]
B1: -1.431357749621051e-08 - 3.1123692478164944e-08 - 2.128281161936852e-09 - -1.0209883870876282e-08
B2: 2.0209941606111946e-09 - 1.9406091980302895e-09 - 8.346245221655523e-09 - 1.7523719222785793e-09
