Number: 8371
Error: 1.2568217688216864e-15
A1: [0.0804316692742263, -0.18046782615917586, -0.019588872365320104, 0.11962495632954345] - [0.037415615836738005, 0.13359642199085214, -0.13472615042658628, -0.03628578927418711] - [-0.0017028252531540832, 0.22819011026653743, -0.12282838887643184, -0.10365891646315066] - [0.038863210650677896, -0.11448104226413083, -0.04641646515908527, 0.12203420418926351]
A2: [0.03530753707930333, -0.029273381518869133, -0.0756972605598218, 0.06966350614420116] - [0.10289371717567095, 0.2828966674858738, -0.39260642864732803, 0.006815960929719351] - [-0.011187091277413783, 0.539014599452609, -0.3594510072453221, -0.16837645538342783] - [0.09786278813748388, 0.017463305173835104, -0.1688510212431373, 0.05352486655305586]
B1: 2.74642047140728e-08 - 2.232413510552601e-09 - 6.639573766232963e-10 - -1.4224192982994795e-08
B2: -6.874611563967011e-09 - 1.9596134412350126e-08 - 6.699242301333718e-09 - -7.524774701964463e-09
