Number: 5239
Error: 8.841446738891038e-16
A1: [0.06621321313983052, -0.1139520489542778, -0.02398391884675779, 0.07172289955487524] - [0.03740258100539428, 0.18819333970010826, -0.14740897737514463, -0.07818704077653034] - [-0.06022943540454831, 0.32895073858145907, -0.1277531723884317, -0.1409683845766329] - [0.039046215501604004, -0.05332263256810962, -0.03741853586238753, 0.05169517450550425]
A2: [-0.009108783551854906, -0.3468034058747753, 0.24945488087980433, 0.10645646205966308] - [0.08003990557259547, 0.036282342946749715, -0.05025002503667522, -0.06607187153130112] - [-0.04245284591465418, 0.2308318618888721, -0.04053127389692141, -0.14784786823274698] - [0.0681347155156493, -0.2934679218694122, 0.14177117208376555, 0.08356178952465232]
B1: -5.45853487239183e-08 - -4.670455864588452e-08 - 4.756222217750401e-08 - 4.4891086631807536e-08
B2: -2.6562756612348886e-08 - -3.3992213175579166e-08 - 5.7422753400909275e-09 - -3.564321708382428e-09
