Number: 7158
Error: 9.76669751604779e-16
A1: [0.08043171199753989, -0.18046778344068642, -0.01958882969304008, 0.11962499904800344] - [0.03741561875719022, 0.13359642490906137, -0.1347261475121007, -0.0362857863554436] - [-0.0017028209581987025, 0.22819011456140867, -0.12282838458775641, -0.10365891216934833] - [0.0388632628604852, -0.11448099020084708, -0.04641641298253534, 0.12203425636662488]
A2: [0.035307469748271716, -0.029273449036172, -0.0756973245775387, 0.0696634356752038] - [0.1028937432299926, 0.28289669376128457, -0.39260640344793196, 0.006815988212372318] - [-0.011187171400407122, 0.5390145188517752, -0.35945108308351276, -0.16837653981177453] - [0.09786277790301984, 0.017463294892855724, -0.16885103098566395, 0.05352485581019442]
B1: 2.6293642466893447e-08 - -1.594229944761209e-08 - -1.2250145562274525e-08 - 5.874063384206471e-09
B2: 5.089776504597118e-09 - 3.1339911680838372e-09 - -6.228662278338331e-09 - 1.2257902240503099e-08
