Number: 3152
Error: 2.021221242331808e-05
A1: [0.06686133306010075, -0.04444559946449789, -0.01984922125142458, 0.011663423590999245] - [0.03877480730993863, 0.1865400011316592, -0.14757360335676212, -0.09792292061227031] - [-0.1230595726387158, 0.4152589970838565, -0.10423645168852809, -0.18623901006028026] - [0.027686166583064373, 0.009541874256872949, -0.04276224042803326, -0.03219829021833701]
A2: [0.0906149150855004, -0.14685087628486562, 0.11320229514239882, 0.049819121909432065] - [0.02702227609021866, 0.19802235630265466, -0.1039684619751091, -0.13017077792724926] - [-0.09074631428361406, 0.5164203480982668, -0.22292280553916505, -0.19238406316319548] - [-0.031229090722332112, 0.01359846918989201, -0.05548240809683953, 0.05211289881188184]
B1: 0.008988349937524214 - -0.0023448129788483335 - -0.002899827623843904 - -0.00514214463484725
B2: 0.004668921172189311 - -0.0007908731950344123 - 0.0045171094723318265 - 0.0014878444505254363
