Number: 4776
Error: 6.279004812601292e-16
A1: [0.06621320900107817, -0.1139520530005764, -0.023983922982268598, 0.07172289542306179] - [0.0374026528754948, 0.18819340836707474, -0.14740890672136897, -0.07818697011649722] - [-0.060229305487619185, 0.3289508633598625, -0.1277530452592509, -0.14096825813127342] - [0.039046133017635994, -0.05332271085899333, -0.03741861566301406, 0.05169509535285532]
A2: [-0.009108613036458343, -0.34680322498527266, 0.24945505277494467, 0.10645664083511683] - [0.08003983945915304, 0.03628227172371142, -0.050250097294857125, -0.06607194440299002] - [-0.0424528248198418, 0.23083188517033862, -0.0405312512908747, -0.14784784490278738] - [0.06813476951351362, -0.2934678624156293, 0.14177123062263838, 0.08356185006591224]
B1: 2.2294399853483877e-08 - 2.828095009123878e-08 - 1.9264817763018898e-08 - 2.3001396005835358e-08
B2: -4.366577059221169e-09 - 2.2215204241820164e-08 - 4.646080780799413e-08 - 3.6283669305186956e-08
