Number: 7513
Error: 1.1364820745692183e-15
A1: [0.08043171417408249, -0.18046778126439786, -0.01958882751910876, 0.11962500122429241] - [0.037415610663806984, 0.13359641682179943, -0.13472615558935896, -0.036285794444346695] - [-0.001702787996016516, 0.2281901475228798, -0.12282835167384683, -0.10365887921596617] - [0.038863256823308524, -0.11448099622108823, -0.04641641901587152, 0.12203425033319487]
A2: [0.03530741567327316, -0.02927350326072275, -0.07569737599138768, 0.06966337907988067] - [0.10289378916647338, 0.2828967400876342, -0.39260635901874935, 0.00681603631456162] - [-0.011187058440019824, 0.5390146324859191, -0.35945097616400407, -0.16837642078151216] - [0.09786285714709998, 0.017463374497390098, -0.16885095555039212, 0.053524938990640814]
B1: -7.1063868120225285e-09 - 1.0696077506552854e-08 - 2.2954356888264777e-08 - 6.547122413476187e-09
B2: 7.382818726392272e-09 - 5.3923075282399536e-09 - 1.3034026345295186e-08 - 2.9452532732512704e-09
