Number: 2244
Error: 0.0002330356717553382
A1: [0.03788646351821592, -0.06639323405665608, -0.04397172378376059, -0.013214061760423168] - [0.07343550262152555, 0.2096367855819609, -0.13130423519490952, -0.07766703230113914] - [-0.12102267314388804, 0.42682024675571256, -0.0875486214467182, -0.17593777186574974] - [0.009344349304089818, 0.007093329027059551, -0.03995229488716409, -0.04396390238036854]
A2: [0.04089178305629799, -0.21056710919565874, 0.06262778661357436, -0.0015079760729248604] - [0.09147084120305526, 0.26140073233895345, -0.036678533388699155, -0.0687504487773791] - [-0.0904303810356892, 0.5329366867165567, -0.21549293783721782, -0.19545843431375454] - [-0.001765383896001612, 0.06095220486172908, -0.02235605027032021, 0.09037024773405629]
B1: -0.0065802338943062155 - 0.012825262129017335 - 0.009216951595526032 - 0.014143574804571839
B2: -0.002269381868288965 - -0.012467377919342475 - -0.005315542162966649 - -0.0003784946979942753
