Number: 5323
Error: 8.08120817551526e-16
A1: [0.06621319063394318, -0.11395207095723592, -0.023983941334973127, 0.07172287708676345] - [0.03740263604327148, 0.1881933922851282, -0.14740892326865587, -0.0781869866652537] - [-0.060229291154437946, 0.3289508771258106, -0.12775303123377083, -0.1409682441811515] - [0.03904618170365983, -0.05332266464788373, -0.037418568560787416, 0.05169514207259279]
A2: [-0.009108468273137053, -0.34680307141426603, 0.24945519870923866, 0.10645679261139279] - [0.08003992391780704, 0.03628236270978207, -0.05025000498640472, -0.0660718513108245] - [-0.04245289459520805, 0.23083180816222365, -0.040531326064735855, -0.14784792207136513] - [0.06813471293744301, -0.2934679247080976, 0.14177116928879932, 0.08356178663405782]
B1: 3.082466877329392e-08 - -6.251050381087583e-08 - -4.832021684997991e-09 - -1.574259960971456e-08
B2: -1.4355356946629575e-08 - -2.1663384108541684e-08 - -3.3481562110713064e-08 - 4.683792635595149e-09
