Number: 2604
Error: 4.777213997726893e-08
A1: [0.06380277046313396, -0.04750053316992636, -0.023076124603963886, 0.008223219136671556] - [0.04393715591615869, 0.1915366669631478, -0.142280779980069, -0.09220950025317362] - [-0.12312372953829692, 0.41519084494848724, -0.10452664354588179, -0.18674132594399806] - [0.03782574146029858, 0.01999782496998753, -0.03230639845794008, -0.022229353705240366]
A2: [0.06419255649838894, -0.17294281333286493, 0.08707896164567899, 0.02470119390461421] - [0.02925604768750588, 0.20026499873794953, -0.10174413241024871, -0.12790651901125472] - [-0.09277484831964808, 0.5143048345856202, -0.22497156222635548, -0.19448346831034327] - [-0.024732313470589046, 0.01971239915294161, -0.04909661406342343, 0.05813825652645904]
B1: 0.00012862808593558204 - -2.6907966604186237e-05 - 4.041939714199359e-05 - 5.259874445098152e-05
B2: -0.00019834085052845157 - 1.851783748962289e-05 - -3.114477360787182e-05 - -0.0002546103876732496
