Number: 4513
Error: 9.086026762676538e-16
A1: [0.0662131226417189, -0.1139521374301112, -0.023984009273849964, 0.07172280920865036] - [0.03740255252082961, 0.18819331248497334, -0.1474090053776997, -0.078187068781558] - [-0.060229439410337184, 0.32895073473444225, -0.1277531763081176, -0.14096838847539117] - [0.03904601458708237, -0.05332282326886931, -0.0374187302406695, 0.05169498170558275]
A2: [-0.00910854437553006, -0.34680315214682284, 0.2494551219914323, 0.10645671282232294] - [0.08003978846098653, 0.036282216784090465, -0.05025015303297302, -0.06607200061434791] - [-0.04245289383136379, 0.23083180900499445, -0.04053132524635574, -0.14784792122683477] - [0.06813483269771309, -0.2934677928471372, 0.14177129912041658, 0.08356192090698815]
B1: -1.957988040963414e-08 - -1.7126636039266722e-08 - -3.884652483729974e-08 - 7.467487184451818e-09
B2: 1.7455585221272383e-08 - 1.4518306406515774e-08 - -1.258610432671423e-07 - 2.8031482367508176e-08
