Number: 3829
Error: 8.499192287204959e-16
A1: [0.06621316134564695, -0.11395209959105432, -0.02398397060028079, 0.07172284784764689] - [0.03740260693110577, 0.18819336447030757, -0.14740895188824021, -0.07818701528733969] - [-0.060229128069003816, 0.328951033760551, -0.12775287164792895, -0.14096808545395817] - [0.03904604746138308, -0.0533227920658, -0.03741869843586143, 0.051695013252158674]
A2: [-0.00910858750080295, -0.34680319789599146, 0.24945507851733764, 0.10645666760786206] - [0.08003975504270004, 0.03628218078296128, -0.05025018955733787, -0.06607203744885654] - [-0.04245285272302927, 0.2308318543745838, -0.04053128119322183, -0.14784787576275718] - [0.0681347252584621, -0.29346791114238924, 0.14177118264608912, 0.08356180044778391]
B1: -7.348346773833903e-10 - 3.2400406028555786e-08 - 9.442713420182426e-09 - 9.81784638851715e-09
B2: -6.339940186703916e-09 - -2.0455500602729374e-09 - 3.590223025528503e-08 - 2.743039189424569e-08
