Number: 5733
Error: 0.008267260400550524
A1: [0.03464052771943485, -0.2178166783292454, -0.06975690090482028, 0.07395345758834235] - [-0.02033931019383979, 0.06799876004917815, -0.20463298865471205, -0.09910800920592405] - [-0.03144631587973042, 0.23616838463106743, -0.146170168278137, -0.1255856500213735] - [0.08983059131238284, -0.017766248552760818, 0.019493500136913734, 0.1851706316887346]
A2: [0.008316580402571619, -0.05255757758534331, -0.05999195904992749, 0.034112052974613435] - [0.11002376143802796, 0.29481837419691065, -0.361015071925053, 0.003302365707277613] - [-0.029317843913777366, 0.5274944060784363, -0.34416419890261996, -0.2039666209482647] - [0.06408970337760533, -0.010703875325673393, -0.16474970820786317, 0.0038239121889671254]
B1: -0.18803965705022213 - -0.38850827889925715 - -0.21993288422374824 - -0.22507470815696856
B2: -0.2062201188425731 - -0.1857548148692808 - -0.2952131302744939 - -0.21702339132538295
