Number: 8981
Error: 8.875336452769512e-05
A1: [0.03207133944869915, -0.20684526855823873, -0.048151272689490696, 0.09285827089942415] - [-0.09693235355947762, 0.03084162324372778, -0.2208589606231765, -0.12566982202660565] - [-0.07504179519606999, 0.1566509922246484, -0.1706785108100228, -0.14604080724389146] - [-0.05732232511459162, -0.18710735352790414, -0.1308732508185443, 0.03819221651509498]
A2: [-0.19971907884905232, -0.28330230841677556, -0.3529463233681352, -0.1283464783434528] - [-0.005799248854385559, 0.144154638289792, -0.5291382273126543, -0.07194175520339881] - [-0.2336509588941906, 0.26228350846689713, -0.6186230500011111, -0.35368240734835493] - [-0.09782197321681467, -0.22479147045124834, -0.4047494603061657, -0.10254864868346976]
B1: 0.01747391437022353 - -0.034111268310269394 - 0.006000520386639504 - -0.011592082235433322
B2: 0.025635774457430184 - 0.0018033568379656867 - -0.02911568732377108 - 0.008494325018899594
