Number: 213
Error: 1.8687573104890831e-06
A1: [-0.018239371587298013, -0.020770321697205447, 0.011344586788849795, 0.0020880032054535857] - [0.06979618973895466, 0.19329967842669163, -0.14122637894416135, -0.10559723204821093] - [-0.09643886063479422, 0.4217119080668378, -0.05358414040756325, -0.2721615471405302] - [0.003740275714090713, -0.013467554887634741, 0.0014989206204966158, 0.029119068043516973]
A2: [0.1588790051330641, -0.17040488612445442, 0.005928750949364098, -0.005072728059583201] - [0.04309888162145317, 0.21501917140278445, -0.10961894465632323, -0.11834256138369721] - [-0.08697995884182887, 0.5807717338220204, -0.2361168150635325, -0.26075084426781825] - [-0.002225366001064784, -0.0029243974080919465, 0.002736427562971537, 0.008766510988142455]
B1: 0.002176990394500377 - 0.0024318161896798416 - 0.0008047340037990844 - 0.0007952782682101374
B2: 0.006021734917128207 - 0.000961930707397436 - -0.0013411157677188233 - 0.0018711698423883227
