Number: 7772
Error: 7.731789877335995e-16
A1: [0.08043168536996563, -0.1804678100652527, -0.01958885628876994, 0.11962497242347422] - [0.03741566244342873, 0.1335964685622308, -0.13472610391289308, -0.03628574269340041] - [-0.001702794469282869, 0.22819014104975166, -0.12282835813762746, -0.10365888568750042] - [0.03886322465063579, -0.11448102830347405, -0.04641645116802893, 0.1220342181805263]
A2: [0.03530733538920947, -0.029273583766834664, -0.07569745232454379, 0.06966329505399868] - [0.10289357756876735, 0.2828965266941066, -0.3926065636733813, 0.006815814740993905] - [-0.011187171813275184, 0.5390145184364525, -0.3594510834743511, -0.168376540246763] - [0.09786272038208783, 0.017463237110292688, -0.16885108574194113, 0.0535247954320277]
B1: 1.4703113480582424e-09 - -2.9226221158135225e-08 - 1.2892977331434927e-08 - 6.839194433410455e-09
B2: -3.852637878744785e-08 - 6.294632764433237e-08 - -2.1518889191545705e-08 - -3.5053498601342375e-08
