Number: 3731
Error: 1.2168093043368077e-15
A1: [0.06621309629962872, -0.11395216318350784, -0.023984035595261653, 0.07172278291078359] - [0.037402602048956214, 0.1881933598057349, -0.1474089566877788, -0.07818702008728931] - [-0.06022930173843532, 0.32895086696071935, -0.12775304159054926, -0.14096825448253486] - [0.03904599900304886, -0.05332283806062612, -0.037418745317670796, 0.05169496675105134]
A2: [-0.009108355626504827, -0.3468029519134145, 0.24945531226779633, 0.10645691071554919] - [0.08003983166634243, 0.036282263328609725, -0.05025010581202538, -0.06607195299243121] - [-0.042452734495402794, 0.23083198485808018, -0.040531154495712915, -0.14784774500735098] - [0.06813495970018561, -0.29346765301156297, 0.1417714368037871, 0.08356206330059167]
B1: -1.0221334847087922e-08 - 2.78475736565508e-08 - -4.354508462032208e-08 - 2.8559793871524755e-08
B2: -2.82339225146127e-08 - 2.932978047380759e-08 - 2.020203754432775e-08 - -3.2021983887132485e-08
