Number: 6589
Error: 1.0247020800085748e-15
A1: [0.08043167970299958, -0.18046781573156925, -0.019588861948966883, 0.1196249667571516] - [0.03741556824053034, 0.13359637443063346, -0.13472619792810736, -0.03628583684412041] - [-0.0017027898576151563, 0.22819014566132528, -0.12282835353271936, -0.10365888107707076] - [0.0388632023794552, -0.1144810505121432, -0.04641647342502158, 0.12203419592318744]
A2: [0.03530743559647011, -0.02927348328243288, -0.07569735704864305, 0.06966339993165052] - [0.10289373690334018, 0.28289668738093166, -0.3926064095669888, 0.006815981587433262] - [-0.011187101378802567, 0.5390145892910384, -0.35945101680653335, -0.16837646602756562] - [0.09786280603094098, 0.017463323148722017, -0.16885100420970026, 0.053524885335352226]
B1: -1.616524266286475e-10 - -2.0090741856776924e-09 - 6.978446072792727e-10 - 4.798425660579243e-10
B2: -1.2557398073750826e-09 - -1.1669064781790397e-08 - 2.8468219337907003e-08 - -1.6659823589771692e-08
