Number: 7715
Error: 9.426893611679934e-16
A1: [0.08043165292865789, -0.18046784250288672, -0.019588888691287786, 0.11962493998587141] - [0.03741560914974932, 0.13359641530888555, -0.13472615710038569, -0.036285795957559014] - [-0.0017028430477351462, 0.22819009247233468, -0.12282840664495401, -0.10365893425298865] - [0.038863198689535264, -0.11448105419171845, -0.046416477112586604, 0.12203419223556086]
A2: [0.03530736451318594, -0.029273554562308818, -0.07569742463380348, 0.06966332553536209] - [0.10289364482497933, 0.28289659452111765, -0.39260649862401636, 0.006815885168020164] - [-0.01118713118062236, 0.5390145593114581, -0.35945104501461533, -0.16837649743076855] - [0.09786277349824915, 0.01746329046805665, -0.16885103517874026, 0.05352485118664511]
B1: 1.340245001816403e-08 - -8.306581587783514e-09 - -2.508953702085527e-08 - -1.2336235297324752e-08
B2: -1.9631288672554696e-08 - 1.3844295817191974e-08 - -9.519954163863325e-09 - -1.9435500746660283e-08
