Number: 1959
Error: 1.6508746361289465e-05
A1: [0.009868300900227693, 0.0026393427334003147, 0.021030436999809717, 0.037311448686343125] - [0.048059105063437434, 0.17181171839989678, -0.16619297459086702, -0.13082945541241056] - [-0.10896483646905665, 0.44530623170986183, -0.06719167429312323, -0.2541750635852702] - [-0.03689560308536073, 0.001722074683328272, -0.04434963012423744, 0.024313128872248103]
A2: [0.12741687808947288, -0.2291568231063335, 0.01801349302371516, 0.06527433356561363] - [0.0351379255254583, 0.2062722994552079, -0.11240405074388961, -0.1190239949570961] - [-0.07896720705480506, 0.5708288460200281, -0.2199471530397137, -0.2103217443744073] - [-0.009826410341014719, -0.008658106591862252, 0.01878859147565854, 0.042444695777517444]
B1: 0.0051675328905611325 - 0.005180610290754738 - -0.001666267884511632 - -0.0008677917368291039
B2: 9.809661587905152e-05 - 0.0166415256684275 - -0.007495314932698572 - -0.010506520739519565
