Number: 228
Error: 1.7457688661546901e-07
A1: [-0.010922497838759987, -0.013271188255669825, 0.019436913800655133, 0.009895143763149426] - [0.068754975234577, 0.19230112504538202, -0.14230348151521274, -0.1067564532890295] - [-0.09508476574060531, 0.42296975100545126, -0.05213424961825825, -0.2706188099565889] - [-0.002726323930714881, -0.019582087427188748, -0.005336602418151933, 0.0217337551461449]
A2: [0.16311729085193696, -0.1662460772992939, 0.010022773228090686, -0.0008560867210554847] - [0.039361384944719975, 0.2113345342595574, -0.11334714253624532, -0.12200115071803501] - [-0.0865780582154654, 0.5811733254696857, -0.23575287238522952, -0.26031328087365363] - [-0.004591024918001132, -0.005263448330322617, 0.00036087545566446425, 0.006512360718335235]
B1: -0.0005601210068308176 - -0.00018281156583214075 - -5.329103079714073e-05 - -0.00016228405694257756
B2: -0.0022593069847159485 - -0.00026081176756603363 - 0.0014116551956299388 - -0.00011238739141635607
