Number: 5812
Error: 5.577513362060018e-06
A1: [0.06651653759660105, -0.19449786567367489, -0.03351283682437045, 0.10567866336636424] - [0.009938187278979072, 0.10605317356747607, -0.16232650637682425, -0.06386944768270175] - [-0.005297669404574096, 0.22457222790880044, -0.12635878478587245, -0.10722721484099822] - [0.04686229174589199, -0.10652911660982052, -0.038220064631607764, 0.13014375459998312]
A2: [0.03844183221922733, -0.026212843619123384, -0.07259910986067074, 0.07316632942164453] - [0.11936884673607626, 0.2992356637402824, -0.3765766485223907, 0.024402558677477735] - [-0.01360426157662158, 0.5367857836012461, -0.3617932248499251, -0.1711439521495991] - [0.09765245146623801, 0.017326898460550938, -0.1690435108471165, 0.0532565173251782]
B1: -0.0035421621448431207 - 0.004380104330116217 - -0.005838460705280015 - -0.004127370662941355
B2: -0.0015841726816679049 - 0.002214564381189397 - -0.0055227140559389746 - -0.0008846462355457472
