Number: 4250
Error: 8.681279221593335e-16
A1: [0.06621321659951827, -0.11395204557192652, -0.02398391538976246, 0.07172290300879157] - [0.03740259787738892, 0.1881933558201029, -0.1474089607887248, -0.07818702418861606] - [-0.06022937823908158, 0.32895079348606443, -0.12775311644954437, -0.1409683289388677] - [0.039046276359599424, -0.053322574804262675, -0.037418476984497816, 0.05169523290537314]
A2: [-0.009108669655217188, -0.34680328504894475, 0.24945499569820373, 0.10645658147347598] - [0.08003987617250581, 0.036282311274483614, -0.05025005716932508, -0.0660719039367119] - [-0.042452829160123065, 0.23083188038007865, -0.040531255942263394, -0.14784784970305445] - [0.06813473026720225, -0.29346790562749336, 0.14177118807607084, 0.08356180606354953]
B1: 1.8771567799249988e-08 - 1.9006990762161615e-08 - -2.7035203922240406e-09 - -1.04138335452688e-08
B2: -1.95159786791102e-08 - -4.8816424949439675e-08 - 3.007019322377918e-08 - 5.75698425780308e-08
