Number: 6330
Error: 1.2046716610012712e-15
A1: [0.08043170402831439, -0.1804677914090072, -0.019588837652736574, 0.11962499107968948] - [0.03741561986200817, 0.13359642601304308, -0.13472614640948535, -0.03628578525123615] - [-0.0017027600708379557, 0.2281901754474666, -0.12282832378955628, -0.10365885129824313] - [0.038863291367351845, -0.11448096177398139, -0.04641638449383045, 0.12203428485577698]
A2: [0.035307418651968944, -0.029273500273803578, -0.07569737315924564, 0.06966338219737966] - [0.10289381773640233, 0.28289676890003745, -0.39260633138632534, 0.006816066231488245] - [-0.011187055157797247, 0.5390146357877351, -0.35945097305736823, -0.1683764173228562] - [0.09786283827404145, 0.01746335553848592, -0.16885097351636869, 0.0535249191801268]
B1: -1.2215575710017376e-08 - 9.220480649498907e-09 - 1.7144680252437176e-08 - -4.739455169138851e-09
B2: -1.116639574623572e-08 - -1.1246281648558533e-08 - 2.924319168286449e-08 - 1.378201242405504e-08
