Number: 3698
Error: 6.568968396479771e-15
A1: [0.0662132112832011, -0.11395205076938487, -0.023983920701891502, 0.07172289770138167] - [0.03740298818092934, 0.18819372872835638, -0.14740857709053717, -0.07818664045638732] - [-0.06022963116901966, 0.3289505505610441, -0.12775336395187845, -0.1409685751099755] - [0.039046675724625064, -0.05332219574277471, -0.03741809061233205, 0.05169561614038458]
A2: [-0.009108698234169805, -0.34680331536721565, 0.24945496688792276, 0.1064565515095013] - [0.080040271430828, 0.03628273708130533, -0.050249625174275066, -0.06607146827317888] - [-0.04245328910555315, 0.2308313727550798, -0.04053174883822701, -0.14784835838620292] - [0.06813432882445535, -0.2934683476344177, 0.14177075287294225, 0.08356135597084191]
B1: -2.505736793518761e-07 - 4.3424149931684557e-08 - 3.662148876802462e-07 - -8.595080110999744e-08
B2: 6.910697239720571e-08 - 1.5624439370451553e-07 - -7.57562385152462e-08 - -5.21480903751047e-08
