Number: 4051
Error: 9.199431433021904e-16
A1: [0.06621317936804665, -0.1139520819713996, -0.02398395259201826, 0.0717228658398041] - [0.0374026346841347, 0.18819339098644744, -0.1474089246048771, -0.07818698800156498] - [-0.06022941263074585, 0.3289507604547701, -0.12775315010319, -0.1409683624115211] - [0.039046107505773205, -0.053322735073957926, -0.03741864034494342, 0.0516950708713833]
A2: [-0.009108608319449792, -0.3468032199813291, 0.2494550575302344, 0.10645664578065572] - [0.08003984086345, 0.03628227323651763, -0.050250095760108755, -0.0660719428551811] - [-0.042452956368794655, 0.23083173998464418, -0.040531392264143665, -0.1478479903911093] - [0.06813481380827907, -0.2934678136451357, 0.14177127864264977, 0.08356189972854491]
B1: 1.588301867771068e-08 - -3.509829255925167e-09 - -4.1225750717179165e-08 - 2.385988150671695e-08
B2: -1.8174311763506995e-09 - 3.088380806858143e-08 - -1.214429229179417e-08 - -2.3697842110618093e-08
