Number: 5399
Error: 2.3614982162279446e-15
A1: [0.06621316745003272, -0.1139520936230232, -0.023983964500651645, 0.07172285394180584] - [0.037402667761813106, 0.1881934225901123, -0.14740889208684638, -0.07818695548068572] - [-0.060229636689409505, 0.3289505452580657, -0.1277533693539682, -0.14096858048284913] - [0.039046127661054614, -0.053322715943106135, -0.0374186208451267, 0.051695090212792574]
A2: [-0.009108532276547772, -0.34680313931166884, 0.24945513418791904, 0.1064567255074462] - [0.08003979329064559, 0.036282221987116066, -0.050250147754041005, -0.06607199529086516] - [-0.04245293660345815, 0.2308317617995236, -0.040531371082527794, -0.14784796853070065] - [0.06813460684401387, -0.2934680415210665, 0.14177105427350667, 0.08356166768434752]
B1: -1.2018953305775315e-09 - -5.3780078511516924e-08 - 2.0743049981463715e-09 - 7.629373580188047e-09
B2: -1.5031380816667123e-08 - -3.1715074752617864e-08 - 7.797681959151207e-08 - 7.547193050368189e-09
