Number: 2724
Error: 7.113537468724514e-09
A1: [0.06298159709275804, -0.048323998520942525, -0.02389283617982379, 0.007405908598852244] - [0.04346809060088425, 0.19108357170976809, -0.14276397624374748, -0.09272528285373585] - [-0.12329448062066653, 0.41501211644741776, -0.10470500213316437, -0.18691879199596662] - [0.03691878981381507, 0.019082776232012034, -0.03321596345749962, -0.023134955876366957]
A2: [0.06364340263486827, -0.17348399304853326, 0.08652868543818164, 0.024159347174320906] - [0.02938936648057461, 0.20039654745101473, -0.10161085847066309, -0.1277757444781434] - [-0.0926444882187709, 0.514433836561861, -0.22483925636875687, -0.19435636863576133] - [-0.025051273858599087, 0.019392778850900377, -0.0494127757989604, 0.05783032745043918]
B1: 1.5282814289968313e-05 - 0.00019477493054558613 - -2.829680865585525e-05 - -3.9654943946740566e-05
B2: -0.00012399540757455964 - 1.632777030655092e-05 - -3.6017296393922166e-05 - 3.8646945263362534e-05
