Number: 6387
Error: 9.567602978221948e-16
A1: [0.08043169693979468, -0.18046779849672576, -0.019588844732781673, 0.11962498399197832] - [0.03741558222159599, 0.13359638840111773, -0.1347261839748989, -0.036285822870798984] - [-0.0017027998680771332, 0.2281901356510768, -0.12282836352852447, -0.10365889108486114] - [0.038863229705591563, -0.11448102326269438, -0.04641644611629761, 0.12203422323234037]
A2: [0.03530747361760412, -0.02927344515613746, -0.07569732089865079, 0.06966343972490915] - [0.1028937499400964, 0.28289670052833304, -0.39260639695801086, 0.00681599523882541] - [-0.011187062316747893, 0.5390146285860837, -0.35945097983346647, -0.16837642486649498] - [0.09786282226380197, 0.017463339455421275, -0.16885098875707416, 0.053524902374579554]
B1: 1.784569319188758e-10 - 6.058278121553704e-09 - -4.212328289639446e-09 - 6.4446307228336844e-09
B2: 4.298257904696946e-09 - 1.3828356861902696e-08 - -4.199950470867551e-09 - 1.905414514603427e-09
