Number: 6437
Error: 1.0157098048581974e-15
A1: [0.08043170558574496, -0.18046778985175516, -0.019588836097169784, 0.1196249926369409] - [0.0374156025949152, 0.13359640875901685, -0.1347261636421745, -0.03628580250876574] - [-0.0017028068650536035, 0.22819012865424942, -0.12282837051525627, -0.10365889807997031] - [0.038863221968229604, -0.11448103097834235, -0.04641645384872926, 0.1220342154997872]
A2: [0.03530744091325598, -0.02927347795094158, -0.07569735199351223, 0.06966340549624513] - [0.10289378900198654, 0.28289673992174685, -0.392606359177869, 0.006816036142344241] - [-0.011187061438585229, 0.539014629469484, -0.35945097900226614, -0.16837642394114483] - [0.09786281939504558, 0.017463336573615745, -0.16885099148794316, 0.05352489936331759]
B1: -3.331308488738639e-09 - 1.823270220221204e-08 - 9.732212638714927e-09 - 2.6402658275643165e-09
B2: 1.5007683693420186e-08 - 7.68776750209847e-09 - 1.3527415162516465e-08 - -6.1345475160288285e-09
