Number: 6636
Error: 9.70068395338939e-16
A1: [0.0804316809977729, -0.18046781443694243, -0.019588860655741655, 0.11962496805177708] - [0.0374155949483441, 0.13359640111823354, -0.13472617127350942, -0.03628581015110122] - [-0.0017028509739596624, 0.22819008454628378, -0.12282841455958009, -0.10365894217710453] - [0.03886324324681317, -0.11448100975947434, -0.04641643258370454, 0.12203423676514577]
A2: [0.035307456793952995, -0.02927346202632014, -0.0756973368943535, 0.06966342211712262] - [0.10289373932488204, 0.2828966898230255, -0.39260640722490553, 0.0068159841231421265] - [-0.01118709684930232, 0.5390145938475553, -0.35945101251926476, -0.16837646125467062] - [0.09786282159499347, 0.017463338783570665, -0.16885098939373433, 0.053524901672546005]
B1: -3.8987052027767785e-09 - 5.0129751047888326e-09 - -4.632783349364757e-09 - -5.1583935765818124e-09
B2: -2.5665137530158124e-09 - 4.3287860216557695e-09 - -2.51096620756747e-08 - 8.55668612954288e-09
