Number: 9636
Error: 9.66887770502188e-15
A1: [0.053171973711959565, -0.14800184761860305, -0.0269996231156702, 0.12182724527609075] - [0.005313312773671926, 0.13083628679642897, -0.11360115075664028, -0.02255017099229565] - [-0.014444790737777434, 0.22309130655227055, -0.12704149351070293, -0.08160624727141881] - [0.02714589341589308, -0.10002060471799983, -0.04942507627579456, 0.12229755228430748]
A2: [0.0892544028299827, -0.07291342864514047, -0.12362747795360447, 0.10728632387934384] - [0.10884237024944259, 0.2498148226744097, -0.4048446607883503, 0.04619013233124741] - [0.036636518540620236, 0.4625557029770127, -0.3777168777360025, -0.12147267481554351] - [0.14342736309496773, -0.04460569689257064, -0.20149862751883926, 0.10268080618424362]
B1: 1.731408365299356e-07 - 1.3340236464844418e-07 - 1.3033909911534707e-07 - -1.0078684427917509e-07
B2: 7.600170987204757e-08 - 4.506622994117858e-08 - 1.0809144011759096e-08 - 1.0211259496468263e-07
