Number: 4610
Error: 1.0293828090339699e-15
A1: [0.06621311197094464, -0.11395214786243284, -0.02398401993625906, 0.07172279855576941] - [0.037402588895008325, 0.18819334723803965, -0.14740896961910144, -0.07818703301979073] - [-0.06022924308899483, 0.3289509232903397, -0.12775298419964265, -0.14096819740004915] - [0.03904617163958046, -0.05332267420050098, -0.0374185782975888, 0.05169513241491546]
A2: [-0.009108428842333366, -0.3468030295842831, 0.24945523845940895, 0.10645683395245092] - [0.08003987229714551, 0.03628230709962095, -0.050250061404844, -0.06607190820821895] - [-0.04245269642368624, 0.230832026876118, -0.040531113696608265, -0.14784770290165988] - [0.0681347719392224, -0.29346785974482686, 0.1417712332522972, 0.08356185278558594]
B1: -1.4335611033004495e-09 - 1.0794317638738588e-08 - 3.3842723938805376e-08 - -1.2873841338652328e-08
B2: -3.685167224231682e-08 - -1.5168533393836004e-08 - 5.9460305301375685e-08 - 7.2588421024360824e-09
