Number: 5219
Error: 1.122171827144129e-15
A1: [0.06621312909516526, -0.11395213112087033, -0.023984002825474734, 0.07172281565125295] - [0.037402548067757495, 0.18819330823040606, -0.14740900975537954, -0.0781870731596272] - [-0.060229160352152186, 0.3289510027545368, -0.1277529032381503, -0.14096811687393962] - [0.03904611536988796, -0.053322727609503365, -0.037418632736571054, 0.05169507841789772]
A2: [-0.009108574926443529, -0.34680318455645476, 0.24945509119316092, 0.10645668079153245] - [0.08003971661855146, 0.03628213938935387, -0.05025023155242441, -0.06607207980057238] - [-0.042452872637938455, 0.230831832395504, -0.04053130253457377, -0.1478478977875849] - [0.06813474181183925, -0.2934678929162657, 0.14177120059130754, 0.08356181900740921]
B1: -3.834187591947022e-08 - 2.3055164116350255e-08 - -1.219644787411949e-08 - -2.3721118309758793e-08
B2: -3.388146454213179e-08 - -4.142706959987881e-08 - -5.579249277857013e-08 - -7.263574074871497e-09
