Number: 1367
Error: 1.1351978413248785e-09
A1: [-0.00710397615235166, -0.01490944258905141, 0.0030840492129705715, 0.019540613497856726] - [0.06687037710683522, 0.18992640897466034, -0.146690050135821, -0.10981377792378992] - [-0.11256389706308895, 0.441806384994771, -0.07076709152699882, -0.25807658266663125] - [-0.02345503988506326, 0.01525993137523324, -0.03002218731846896, 0.038821129780321414]
A2: [0.13162747754780768, -0.22458784743627222, 0.02270731030092128, 0.07020093924791385] - [0.032649954251677826, 0.20375287373537745, -0.11488463248933468, -0.12145385282616367] - [-0.09473403002185565, 0.5554304011140033, -0.23531165822483224, -0.2257445727527928] - [-0.02093634457193144, -0.019383294678289524, 0.008009979950643925, 0.032076977731254404]
B1: 2.8623864233266288e-05 - -0.00018159821981970762 - -5.901268944457782e-05 - 4.803824738211817e-05
B2: -5.7271501302077744e-05 - -2.3105959402169888e-05 - -1.4534859785856948e-05 - -3.0467988190380576e-05
