Number: 8100
Error: 9.317898185614048e-16
A1: [0.08043167609179667, -0.1804678193423737, -0.019588865555867228, 0.11962496314635608] - [0.037415587759447755, 0.1335963939347884, -0.13472617844800644, -0.03628581733598428] - [-0.0017028213410642075, 0.2281901141785417, -0.12282838497006951, -0.10365891255211233] - [0.03886321674123603, -0.114481036190673, -0.046416459072396145, 0.12203421027604144]
A2: [0.03530743289590276, -0.029273485990468567, -0.07569735961631152, 0.06966339710520383] - [0.10289373788832533, 0.2828966883742895, -0.3926064086143098, 0.00681598261886158] - [-0.011187129021888117, 0.5390145614830499, -0.35945104297134706, -0.16837649515601655] - [0.09786286493055628, 0.017463382316222704, -0.16885094814098012, 0.05352494716065435]
B1: 3.757499718620138e-08 - 5.152078936782076e-09 - -5.517379861108427e-09 - -1.871293265573819e-08
B2: 3.295393384044684e-09 - 8.298537477264567e-09 - -8.193120959899893e-10 - 7.635927806545632e-09
