Number: 8240
Error: 1.391943022150388e-15
A1: [0.08043164089532931, -0.18046785453487607, -0.01958890071029162, 0.11962492795387526] - [0.03741560814115375, 0.13359641430110916, -0.1347261581068362, -0.03628579696551029] - [-0.0017028122381831604, 0.22819012328122393, -0.12282837588052575, -0.10365890345166891] - [0.03886318917079378, -0.11448106368375233, -0.046416486625288994, 0.12203418272271808]
A2: [0.0353074487148566, -0.029273470127703, -0.07569734457580962, 0.06966341366143343] - [0.10289370511372871, 0.28289665532153985, -0.3926064403135014, 0.006815948299115632] - [-0.011187083558330532, 0.5390146072177401, -0.3594509999390274, -0.16837644724956927] - [0.0978627608737993, 0.017463277786149145, -0.16885104719644714, 0.05352483793512113]
B1: -2.57011545797886e-08 - 1.1010408655310178e-08 - -6.310148008231612e-09 - 7.901487868313982e-09
B2: -2.5401729463715388e-08 - 1.708722921532497e-08 - 1.7149304036955572e-08 - -2.3250149380032976e-08
