Number: 4170
Error: 1.197517560870612e-15
A1: [0.06621318951271118, -0.1139520720534355, -0.023983942455316796, 0.07172287596744281] - [0.037402617388051736, 0.1881933744612153, -0.1474089416082494, -0.07818700500644502] - [-0.06022942913254036, 0.32895074460570933, -0.12775316625087355, -0.14096837847234714] - [0.0390461068312665, -0.05332273571416951, -0.03741864099750133, 0.051695070224121197]
A2: [-0.009108438656061637, -0.3468030399949787, 0.24945522856637561, 0.10645682366347002] - [0.08003982230633311, 0.03628225324518533, -0.05025011604198295, -0.06607196330927204] - [-0.0424528423676598, 0.2308318658034259, -0.040531270095984034, -0.14784786431009989] - [0.06813478354859656, -0.29346784696237843, 0.14177124583821926, 0.08356186580183195]
B1: -1.6600578617346e-08 - -1.8279372355828186e-09 - -9.477423021789336e-09 - 4.170517080446519e-09
B2: -1.0476640600119978e-09 - 7.847657911267782e-09 - -4.5738823209443875e-09 - -2.8364901099051644e-08
