Number: 6255
Error: 8.677326932427683e-16
A1: [0.08043165817063634, -0.18046783726148963, -0.01958888345558248, 0.11962494522725037] - [0.037415559294271254, 0.13359636549114934, -0.13472620685654044, -0.03628584578542067] - [-0.0017028313497306645, 0.22819010417009739, -0.12282839496408467, -0.10365892255811045] - [0.03886321384082721, -0.11448103908293306, -0.04641646197095396, 0.12203420737743878]
A2: [0.03530744164013266, -0.0292734772220567, -0.07569735130240327, 0.06966340625699942] - [0.10289371355364672, 0.2828966638330654, -0.39260643215050106, 0.006815957136877451] - [-0.01118714984393783, 0.5390145405368274, -0.35945106267980753, -0.1683765170970122] - [0.09786278479354936, 0.017463301814727127, -0.16885102442630973, 0.053524863042988854]
B1: 7.403517783885894e-09 - -9.573658775932916e-09 - -6.713151420412977e-09 - -5.094154912535478e-09
B2: -8.614111031050343e-09 - -6.315698730372933e-09 - 3.939682068126139e-09 - -1.0303916502934722e-09
