Number: 813
Error: 4.175209038475562e-13
A1: [-0.012157571114374856, -0.014521460586880077, 0.01808266623055692, 0.008578633439283698] - [0.06583528295325351, 0.18949530662514444, -0.1453225211147995, -0.11000850783195729] - [-0.09629359314629991, 0.4217855882123632, -0.05345789658358013, -0.27203633902236324] - [-0.0013240200250700935, -0.018221668192951217, -0.003837792933571461, 0.023373831174678235]
A2: [0.1615896594017863, -0.16775188999978655, 0.008504213228131679, -0.0023302047349679973] - [0.03548706523474215, 0.2075180419240605, -0.11720908812827109, -0.12579071700894798] - [-0.08620925188679683, 0.5815423265646011, -0.23538454960104727, -0.2599313820020122] - [-0.0038302217303681305, -0.004514623119274304, 0.001114953840207207, 0.007247933027425722]
B1: -1.6224877762417214e-07 - 2.562226767143308e-06 - -8.45079698120439e-07 - 3.711697881110891e-07
B2: 3.3446567070087995e-06 - -1.9574501192364432e-06 - 3.886124986066804e-06 - -3.6772986309815043e-06
