Number: 6743
Error: 8.219989991253117e-16
A1: [0.080431629409239, -0.18046786601963336, -0.019588912182591477, 0.11962491646913492] - [0.03741555019434926, 0.13359635639811188, -0.13472621593833167, -0.03628585488030541] - [-0.0017028571669398804, 0.22819007835343386, -0.12282842074349166, -0.10365894836843141] - [0.038863191114305175, -0.11448106174567722, -0.04641648468299437, 0.12203418466503826]
A2: [0.03530742248450568, -0.029273496430663303, -0.07569736951532921, 0.06966338620855528] - [0.10289374979988368, 0.28289670038693027, -0.3926063970936232, 0.006815995092002854] - [-0.011187142596040226, 0.5390145478279538, -0.3594510558195299, -0.16837650945962468] - [0.0978627807669638, 0.017463297769826525, -0.1688510282593646, 0.053524858816393336]
B1: -1.491183674789892e-08 - -4.18536445169591e-09 - -2.222244086215724e-08 - -1.8328012185635285e-08
B2: -2.464435002655213e-08 - -1.3017920312916801e-08 - -1.3129460835933481e-08 - -1.2600905480223497e-08
