Number: 9829
Error: 8.077054624899039e-16
A1: [0.05317256204702953, -0.14800125906465741, -0.026999035427088192, 0.1218278338945552] - [0.005313762793104078, 0.1308367372898044, -0.11360070080264363, -0.022549720339404104] - [-0.014444436917925123, 0.22309166050273463, -0.12704113996956093, -0.08160589332613931] - [0.027146465387553192, -0.10002003274640146, -0.04942450309656749, 0.12229812570903978]
A2: [0.08925425643074612, -0.07291357470564254, -0.12362762105464484, 0.10728617567422721] - [0.10884164139081959, 0.24981409368769653, -0.40484537521014835, 0.04618939120932235] - [0.036635819950819964, 0.4625550080215674, -0.3777175593157561, -0.12147338065169683] - [0.14342632401947453, -0.04460673209606786, -0.20149964208404306, 0.10267975169342523]
B1: 1.8030022769432775e-08 - 2.4011854170835402e-08 - 1.4167198891646117e-08 - -3.069960334064879e-09
B2: 1.9964397142536584e-08 - 1.1860722128965521e-08 - 2.6271875835692108e-08 - 1.1240686415169414e-08
