Number: 9569
Error: 2.1936712772034966e-13
A1: [0.05317297175733679, -0.14800084921106577, -0.026998626172872405, 0.121828243807637] - [0.005313316443166092, 0.13083629046099515, -0.1136011470928196, -0.02255016731357114] - [-0.014444730566102662, 0.2230913667422086, -0.12704143338864848, -0.08160618707744215] - [0.02714654476784823, -0.10001995337448417, -0.04942442355414222, 0.12229820528692445]
A2: [0.08925632464730344, -0.07291151127646833, -0.12362559944243241, 0.10728826938367203] - [0.10884300561529577, 0.24981545815145312, -0.40484403801404595, 0.04619077837976151] - [0.036638245944224546, 0.4625574213897931, -0.3777151924024709, -0.12147092950487079] - [0.14342890991131288, -0.044604155846004585, -0.20149711719240204, 0.10268237594509504]
B1: 3.3504535368597636e-07 - 4.3462845970562767e-07 - 5.175800552453354e-07 - 2.824558805313879e-07
B2: 3.4524468930758954e-07 - 9.800236976531277e-08 - 1.2631051010602557e-07 - -1.651099031367201e-07
