Number: 3424
Error: 2.643296418334976e-08
A1: [0.06729648050427552, -0.11289419413227522, -0.022903081452017672, 0.07280354976427608] - [0.03774070774641782, 0.18851627265268478, -0.14707650931386881, -0.07785434986038281] - [-0.05882474539402517, 0.3302984609535108, -0.12638010108401362, -0.13960454251813548] - [0.040258315447963336, -0.05217042661063968, -0.03624512092665063, 0.05285775076351286]
A2: [-0.009407381945212139, -0.3471192165022588, 0.24915308875725437, 0.10614549542819428] - [0.08037507305987494, 0.03664331684865968, -0.04988470841839101, -0.06570347174531901] - [-0.04167817039790847, 0.23168644350390522, -0.03970261354431586, -0.14699172258803272] - [0.06898504549363399, -0.2925314741758072, 0.14269498630114036, 0.08451746904806477]
B1: -0.00046983894531370474 - 7.62232984337786e-07 - 6.125687727379098e-05 - -0.0001787197962533705
B2: -0.0005159432230222201 - -9.526492122805672e-06 - -8.017445793787994e-05 - 0.00017853498643935988
