Number: 6377
Error: 1.0553739957943276e-15
A1: [0.080431703996407, -0.18046779144091224, -0.01958883768460663, 0.11962499104778497] - [0.03741559262006083, 0.1335963987917129, -0.13472617359715292, -0.03628581247809396] - [-0.001702795401673603, 0.22819014011738528, -0.1228283590686603, -0.10365888661964945] - [0.03886323706946203, -0.1144810159194896, -0.046416438757119365, 0.12203423059163421]
A2: [0.035307569511923514, -0.029273348996585753, -0.07569722972360092, 0.06966354008876328] - [0.10289375872249304, 0.2828967093852673, -0.3926063884637935, 0.006816004435281067] - [-0.01118707520412904, 0.5390146156218343, -0.3594509920316468, -0.16837643844638553] - [0.09786286838642375, 0.017463385787840482, -0.16885094485134336, 0.053524950788340145]
B1: 3.1338807191805544e-08 - 7.814238163650582e-10 - -8.62173422008733e-09 - 1.5339855948465643e-08
B2: 1.4277084459746155e-08 - 2.1779919818440954e-08 - 8.51746713507994e-09 - 9.988469773111367e-09
