Number: 4482
Error: 9.656699340293017e-16
A1: [0.06621315638187271, -0.11395210444393325, -0.023983975560175372, 0.07172284289219183] - [0.03740261060160103, 0.18819336797721706, -0.14740894827984613, -0.07818701167864445] - [-0.0602291162435286, 0.32895104511838524, -0.1277528600761448, -0.14096807394432181] - [0.03904614713209396, -0.05332269746208646, -0.037418602007763285, 0.05169510889729828]
A2: [-0.009108602493553901, -0.34680321380091617, 0.24945506340321857, 0.10645665188878475] - [0.08003982321674714, 0.036282254225990664, -0.05025011504692657, -0.06607196230574526] - [-0.042452866576023075, 0.23083183908564014, -0.04053129603853766, -0.14784789108349605] - [0.06813486947822417, -0.29346775235020506, 0.14177133899412475, 0.08356196214471387]
B1: 2.149995125373667e-08 - -1.182165942234757e-09 - -2.3946989356077655e-08 - 3.202277843498516e-08
B2: 3.88563105327339e-09 - -2.8666377886979025e-10 - 2.0705664396552635e-08 - 5.027954302930184e-09
