Number: 4401
Error: 1.0435794327476063e-15
A1: [0.06621317599105744, -0.11395208527294677, -0.02398395596637376, 0.07172286246847867] - [0.0374026325061355, 0.1881933889055161, -0.14740892674600983, -0.07818699014290652] - [-0.06022937671216324, 0.32895079495254376, -0.1277531149554333, -0.14096832745275073] - [0.03904605127133233, -0.05332278844952853, -0.037418694749859385, 0.05169501690823711]
A2: [-0.009108498621516815, -0.346803103608968, 0.24945516811571125, 0.10645676079290314] - [0.08003987928962725, 0.036282314632526715, -0.050250053762480006, -0.06607190050091412] - [-0.042452795953246324, 0.23083191702925826, -0.04053122035642991, -0.14784781297743516] - [0.06813465330572893, -0.29346799036535864, 0.1417711046424545, 0.08356171977561756]
B1: -4.1981314693182195e-08 - 3.745196812517448e-08 - 2.1362476091887043e-08 - -2.979178854782594e-08
B2: -5.173872299413506e-08 - 3.1640678570359874e-08 - -4.816320416412786e-09 - 2.0212361740832812e-08
