Number: 6520
Error: 9.522803027261937e-16
A1: [0.08043168591083548, -0.18046780952443633, -0.019588855748553756, 0.11962497296427844] - [0.03741557218384115, 0.1335963783709595, -0.13472619399265365, -0.03628583290299398] - [-0.001702796240410927, 0.22819013927866577, -0.12282835990616975, -0.10365888745816305] - [0.03886320439181306, -0.11448104850543306, -0.046416471413946024, 0.12203419793429456]
A2: [0.035307440495576534, -0.029273478369776285, -0.07569735239063678, 0.0696634050590984] - [0.10289373230935889, 0.28289668274796076, -0.3926064140102269, 0.006815976776862474] - [-0.011187100271839365, 0.5390145904046041, -0.35945101575876925, -0.16837646486111893] - [0.09786280086725545, 0.017463317961548493, -0.1688510091251932, 0.053524879915161805]
B1: -2.3534335397811477e-09 - 3.2805829775440505e-10 - -2.416661073162085e-09 - -1.5234172357709926e-11
B2: 9.537703151601485e-10 - -1.1035066045634137e-08 - 2.1923001896176162e-08 - -1.752133148339994e-08
