Number: 3063
Error: 1.4003477055315906e-07
A1: [0.062251937333849684, -0.0490470021980541, -0.02461531767220409, 0.006675151753224886] - [0.043975185004579496, 0.19157392051088107, -0.14223696818551754, -0.09216233085279595] - [-0.12423870963406997, 0.414083838128488, -0.10564452459120903, -0.1878467251577916] - [0.035371584118727574, 0.01753630292318468, -0.0347687820391553, -0.02468919747800422]
A2: [0.05966197794690948, -0.17744452810828, 0.08255190725187418, 0.02022393245177414] - [0.029075773169667165, 0.20008965101662457, -0.10192505101998363, -0.1280835339881428] - [-0.09633966586926607, 0.5108037032733662, -0.22854290919668674, -0.19793223136536073] - [-0.029133769399620164, 0.015321720857205368, -0.05350967320067012, 0.05385895351934964]
B1: 0.0003047612279116725 - -0.00012809739943963082 - 6.607613166574995e-05 - 6.23845467343458e-07
B2: -0.0003034489947128528 - 0.001231305846788492 - -0.00024664378744709945 - -0.00047100260558294787
