Number: 7416
Error: 9.062303919684242e-16
A1: [0.08043167806696208, -0.1804678173674251, -0.019588863583052278, 0.11962496512129982] - [0.03741558042851503, 0.13359638660939493, -0.13472618576440334, -0.03628582466288652] - [-0.001702797052369364, 0.2281901384667201, -0.12282836071694096, -0.10365888826990192] - [0.038863232679553404, -0.11448102029708371, -0.04641644314423893, 0.12203422620444886]
A2: [0.03530721871032098, -0.029273700768440603, -0.07569756326137099, 0.06966317293691013] - [0.10289369205074536, 0.2828966421476832, -0.3926064529478428, 0.0068159346202491524] - [-0.011187107152683652, 0.5390145834827091, -0.35945102227163045, -0.16837647211171416] - [0.09786275538631115, 0.017463272273732403, -0.16885105242013754, 0.053524832175007954]
B1: -2.3739193666031824e-08 - 1.9840089869867122e-08 - 5.339063631810854e-08 - 2.3398343005176178e-08
B2: 1.0183905861555405e-08 - 6.799449498945576e-09 - 3.7184885315917334e-08 - 1.6177279094603938e-08
