Number: 7701
Error: 8.297779372784383e-16
A1: [0.08043167430736957, -0.1804678211265959, -0.019588867338138923, 0.11962496136214099] - [0.037415568352533, 0.13359637454254658, -0.1347261978163124, -0.03628583673217525] - [-0.0017028307927261428, 0.22819010472708245, -0.12282839440788865, -0.10365892200125072] - [0.038863216211829206, -0.11448103671859759, -0.04641645960145778, 0.12203420974696463]
A2: [0.03530726126908462, -0.02927365809196176, -0.07569752279708028, 0.0696632174793182] - [0.10289362735834798, 0.282896576906247, -0.39260651551752246, 0.006815866877917477] - [-0.011187110825618105, 0.5390145797878682, -0.3594510257481412, -0.1683764759820121] - [0.09786277786895219, 0.017463294858639917, -0.16885103101811, 0.05352485577445603]
B1: 6.264827736576166e-08 - -4.910873319771948e-09 - -3.728851139010095e-08 - -1.0541910524490746e-08
B2: -2.84330708123379e-09 - 8.68289798956617e-09 - -5.726069755551431e-09 - 3.2328539209106313e-10
