Number: 7712
Error: 1.0500100960077172e-15
A1: [0.0804316667201002, -0.1804678287130061, -0.019588874916336006, 0.11962495377573838] - [0.037415601349043, 0.13359640751408314, -0.13472616488554892, -0.036285803753944086] - [-0.0017028347727014105, 0.2281901007471921, -0.12282839838203628, -0.10365892598016349] - [0.03886321286606383, -0.11448104005497396, -0.04641646294509152, 0.12203420640327843]
A2: [0.035307370775294805, -0.029273548282879928, -0.075697418679864, 0.06966333208933179] - [0.10289363850214311, 0.28289658814461965, -0.3926065047393839, 0.006815878547091297] - [-0.01118713953502114, 0.5390145509072299, -0.3594510529222439, -0.16837650623408096] - [0.09786277279857016, 0.017463289765195098, -0.16885103584479, 0.053524850452210636]
B1: 2.1626695356994673e-08 - -9.144355656669594e-09 - -2.5096160172928155e-08 - -8.981465019715908e-09
B2: -2.071046274705729e-08 - 6.859503300943173e-10 - -1.50600338266849e-08 - -1.9996912830912026e-08
