Number: 9074
Error: 0.00011838924248776135
A1: [0.06140783395381001, -0.14289735817083493, -0.019037089848898993, 0.12854867887286175] - [0.013522638410410064, 0.1368803587214364, -0.10680582872200367, -0.015968625095813507] - [-0.02117521808360176, 0.21931637259219006, -0.12738461536149273, -0.08375779828853207] - [0.033256444910543505, -0.09463398712074225, -0.041732736145351, 0.1283343540337016]
A2: [0.15251998593006155, -0.00977156629367136, -0.05491763298706668, 0.17275409751842913] - [0.2196793203221865, 0.3586270682826336, -0.2972686780646635, 0.15731912418648236] - [0.13504841311341695, 0.5611593317283611, -0.2855429653902549, -0.023091454006892265] - [0.23862314457586517, 0.04990563335323714, -0.11150144897455602, 0.19867494747317666]
B1: -0.012579139267769062 - -0.012078313055565277 - 0.0019330481517429914 - -0.00108421326578487
B2: -0.007835616576729269 - -0.007592154780280999 - -0.01336344863348276 - -0.007386693712948768
