Number: 8865
Error: 5.159814055680078e-06
A1: [0.07370181698263582, -0.18669032710669525, -0.027408196803928524, 0.11331059985995452] - [0.03043809566101965, 0.1272188706528179, -0.14184850586156786, -0.04306972871836719] - [0.0020101705252065297, 0.2320717304780053, -0.1192980352022252, -0.09992904944364596] - [0.03342810605511595, -0.11925209638112941, -0.05320323041009911, 0.11710558963735809]
A2: [0.014414614673581962, -0.05026181717278226, -0.09562488143733197, 0.047840119766350504] - [0.0928834183880269, 0.272931936512258, -0.4015778166232105, -0.0037538250203158676] - [-0.00045237691817183717, 0.5487537148213688, -0.34990519954347105, -0.15693638961797582] - [0.08052144410175183, 0.00029664914524153013, -0.18519551168242113, 0.035338586627696976]
B1: -0.0012253713493318597 - -0.0011492763384311588 - 0.00017754284472175363 - 0.0071823100838397476
B2: 0.0007431072592496001 - 0.0012474746386109952 - 0.0015314247333570387 - -0.0025873626691895646
