Number: 7257
Error: 1.2518578705650985e-15
A1: [0.08043167871932817, -0.18046781671512846, -0.01958886293145893, 0.11962496577359323] - [0.03741558000210139, 0.13359638618330588, -0.1347261861899659, -0.03628582508906302] - [-0.001702830689631278, 0.2281901048301807, -0.12282839430494429, -0.10365892189818514] - [0.0388632230228747, -0.11448102992665758, -0.046416452794758714, 0.12203421655377464]
A2: [0.03530748259781665, -0.02927343615108738, -0.07569731236035225, 0.06966344912363766] - [0.10289375357859797, 0.28289670419771906, -0.39260639343889236, 0.006815999048872519] - [-0.011187096320878305, 0.5390145943791173, -0.3594510120190885, -0.1683764606978735] - [0.09786282461666596, 0.01746334181898438, -0.168850986517287, 0.053524904844301446]
B1: 5.830597855964655e-09 - -1.4438537750850223e-09 - -6.228136956792388e-09 - 2.47254259404251e-09
B2: -2.0005954246121512e-09 - -5.940563742596159e-10 - -3.036212326073931e-09 - -1.7561480006321961e-09
