Number: 5441
Error: 2.4408435760224913e-15
A1: [0.0662130950520531, -0.11395216440317679, -0.023984036841840597, 0.07172278166529715] - [0.03740266346958023, 0.18819341848916718, -0.14740889630645998, -0.07818695970067871] - [-0.060229508179425406, 0.3289506686849663, -0.12775324360148538, -0.14096845540662797] - [0.03904616933767462, -0.05332267638515908, -0.03741858052433597, 0.051695130206197315]
A2: [-0.009109186870556955, -0.34680383373114987, 0.2494544742978261, 0.10645603920328822] - [0.08003990326652102, 0.03628234046247748, -0.05025002755681749, -0.06607187407311377] - [-0.04245273456670915, 0.23083198477880076, -0.0405311545728016, -0.14784774508674114] - [0.06813478981973296, -0.2934678400577668, 0.14177125263587592, 0.08356187283279097]
B1: 7.712347660604578e-08 - 1.7336748973285684e-07 - -1.5400051935361793e-08 - -6.523757957358228e-08
B2: 4.875886568954742e-08 - 9.290533040607014e-08 - 2.9861391954926026e-08 - 6.715678362891941e-08
