Number: 6948
Error: 1.316880848340801e-15
A1: [0.08043166917348994, -0.18046782625988486, -0.01958887246588392, 0.11962495622884546] - [0.03741559686581805, 0.13359640303425582, -0.13472616935985426, -0.036285808234689645] - [-0.0017028032364993363, 0.22819013228272228, -0.12282836689201329, -0.1036588944523845] - [0.0388632425837534, -0.11448101042067281, -0.04641643324634276, 0.12203423610249715]
A2: [0.0353074590120026, -0.029273459802134395, -0.07569733478544954, 0.06966342443854566] - [0.10289382417076047, 0.2828967753890025, -0.392606325163079, 0.0068160729691787] - [-0.011187255825273985, 0.5390144339233488, -0.3594511629934782, -0.16837662877322] - [0.09786280875203006, 0.01746332588218737, -0.16885100161939642, 0.05352488819160675]
B1: 4.62440582115712e-08 - -3.547619780197913e-10 - -2.981775967254255e-08 - 1.3203837787372861e-08
B2: -9.692081404708259e-09 - 1.1514085175814933e-08 - 1.8412176038369623e-08 - 8.11278099368757e-09
