Number: 6627
Error: 1.1995361531444296e-15
A1: [0.08043168165531492, -0.18046781377947488, -0.01958885999898586, 0.11962496870924401] - [0.03741559481396348, 0.1335964009839546, -0.1347261714076223, -0.036285810285407415] - [-0.001702846545518466, 0.22819008897463056, -0.12282841013762276, -0.10365893774984518] - [0.03886324159916248, -0.11448101140250112, -0.046416434230305385, 0.1220342351185191]
A2: [0.03530746016320987, -0.029273458647744294, -0.07569733369090798, 0.06966342564341639] - [0.10289374978697521, 0.2828967003739119, -0.39260639710610706, 0.0068159950784845704] - [-0.011187089722777781, 0.539014601016587, -0.3594510057738564, -0.16837645374520052] - [0.09786282569925583, 0.017463342906502, -0.1688509854867433, 0.053524905980686543]
B1: -3.167681228174966e-10 - 5.670906049984992e-09 - -1.3102835055365966e-09 - -9.874639836898403e-10
B2: 2.989099025520693e-09 - 9.01460217642341e-09 - -1.7030882585190222e-08 - 1.2512390942187469e-08
