Number: 1473
Error: 2.787706437100925e-09
A1: [-0.007333535675264956, -0.015141251789441054, 0.0028451390897253947, 0.019304573576615348] - [0.06674046042125048, 0.18980140860480454, -0.14682430303853553, -0.10995833745829552] - [-0.1129643868343821, 0.4414136665041901, -0.07118446546006242, -0.2585102199285529] - [-0.02342913607492567, 0.015285270185847192, -0.029995594433790282, 0.038848742432342806]
A2: [0.13173942178310727, -0.22447751963338874, 0.022817452113549127, 0.07031034027725559] - [0.03267506330255386, 0.20377759317213506, -0.1148595845586245, -0.12142928581445026] - [-0.09476886006823049, 0.5553959868881074, -0.23534624402654378, -0.22577917136540754] - [-0.020982273430481688, -0.019428620928699895, 0.00796434072744478, 0.03203252869476473]
B1: 3.482301183531219e-05 - 8.854099094185835e-06 - -2.315464382566921e-05 - -4.6258797615238787e-05
B2: 5.999555460119654e-05 - 1.9212023083314762e-05 - 5.457722109500983e-05 - -0.00012653359832585784
