Number: 578
Error: 3.347527690926706e-14
A1: [-0.012153505769624573, -0.01451728506719672, 0.01808715967892911, 0.008582977731238301] - [0.06583549969002525, 0.18949551511351678, -0.1453222970292162, -0.11000826651736205] - [-0.09629395811756776, 0.4217852354620121, -0.05345829258753887, -0.27203676422337764] - [-0.0013216958071382032, -0.018219432939597147, -0.003835318893574077, 0.023376517555222073]
A2: [0.16158645596495483, -0.16775503312093507, 0.008501074390300942, -0.0023333276771473383] - [0.03548579813632564, 0.20751679518495966, -0.11721034991833504, -0.12579195656288544] - [-0.08621367385102072, 0.5815379952579731, -0.2353888523173645, -0.2599356941314592] - [-0.003834770249777128, -0.004519096031074175, 0.0011104519150747563, 0.007243581290382707]
B1: -1.9196452665186452e-08 - 2.746801528287489e-07 - -8.159168095427536e-08 - 2.8353267954094304e-08
B2: 1.8958264020079724e-07 - -4.0874797048209765e-08 - -4.7108369805200404e-07 - 8.834289363738206e-08
