Number: 8415
Error: 1.02448930616022e-15
A1: [0.08043169355662784, -0.18046780187950912, -0.019588848111941587, 0.11962498060918707] - [0.03741558291284315, 0.13359638909184654, -0.1347261832849011, -0.036285822179872335] - [-0.00170281833110256, 0.22819011718844115, -0.12282838196451508, -0.10365890954294624] - [0.03886324497271778, -0.11448100803838983, -0.04641643085890074, 0.1220342384899923]
A2: [0.035307470986142495, -0.02927344779483555, -0.07569732340050148, 0.06966343697068823] - [0.1028937286766537, 0.2828966790844678, -0.39260641752371667, 0.006815972972913533] - [-0.01118709600338156, 0.5390145946984573, -0.35945101171856386, -0.16837646036333231] - [0.09786282693168796, 0.017463344144502152, -0.16885098431348544, 0.053524907274252166]
B1: -9.657412145791039e-09 - 2.9191318745671238e-09 - -1.5710048044698598e-09 - -9.651345255821765e-09
B2: 1.5915314590933146e-09 - -1.3980831933031701e-08 - -1.945190257252515e-09 - 4.2678521202104945e-09
