Number: 9754
Error: 2.2538106555189337e-15
A1: [0.05317254234071922, -0.14800127877823618, -0.026999055111680433, 0.12182781417873478] - [0.00531373510308692, 0.13083670957072252, -0.11360072848854269, -0.0225497480685112] - [-0.014444568261567559, 0.2230915291109365, -0.12704127120925093, -0.0816060247166765] - [0.02714653273943726, -0.10001996539457492, -0.049424435602542394, 0.12229819323209279]
A2: [0.08925469251567711, -0.07291313962922916, -0.12362719479507016, 0.107286617136212] - [0.10884166844902331, 0.24981412075064893, -0.4048453486878698, 0.04618941872275439] - [0.036635470831815724, 0.4625546607191819, -0.37771789993361743, -0.12147373339168148] - [0.14342637118935606, -0.04460668510190258, -0.20149959602674547, 0.10267979956311293]
B1: -2.247124982075018e-09 - -8.30403040841552e-09 - -1.3529019755180672e-07 - -1.855723719503247e-08
B2: -5.676624335665429e-08 - -2.8493576799460808e-08 - -7.728691062065535e-08 - -3.866100821832349e-08
