Number: 6861
Error: 9.441809830208329e-16
A1: [0.08043165635572692, -0.18046783907619707, -0.01958888526832395, 0.11962494341254508] - [0.0374155593895166, 0.1335963655863191, -0.13472620676148608, -0.03628584569023184] - [-0.0017028501746185162, 0.2281900853456056, -0.12282841376140856, -0.10365894137797642] - [0.03886320128324166, -0.1144810516052791, -0.04641647452053796, 0.12203419482765436]
A2: [0.035307412922548694, -0.02927350601906739, -0.07569737860671671, 0.06966337620093088] - [0.10289378718277374, 0.28289673808709265, -0.3926063609373806, 0.0068160342373514895] - [-0.011187107042696747, 0.5390145835933561, -0.35945102216752517, -0.16837647199581876] - [0.09786281349838587, 0.01746333065013222, -0.16885099710117396, 0.0535248931737352]
B1: 1.4278716520789136e-08 - -2.3995687228196494e-08 - 6.531484057738659e-09 - 1.9502867125655175e-09
B2: -9.230040104652133e-10 - -7.918614701204887e-10 - -6.307097759467071e-09 - -7.463065873008832e-10
