Number: 9903
Error: 9.287822812444317e-16
A1: [0.05317247501397512, -0.1480013461296765, -0.026999122364178046, 0.12182774681955978] - [0.005313637173306324, 0.13083661153829373, -0.11360082640338105, -0.022549846136318483] - [-0.014444528459657146, 0.2230915689274864, -0.12704123143881563, -0.08160598490053249] - [0.027146272979198468, -0.10002022515443437, -0.04942469591077225, 0.12229793281176247]
A2: [0.08925428893050766, -0.07291354228103218, -0.12362758928714286, 0.10728620857470954] - [0.10884163878227901, 0.2498140910787004, -0.40484537776702445, 0.046189388556893266] - [0.0366357671006222, 0.46255495544636527, -0.3777176108790506, -0.12147343405003529] - [0.14342629121587228, -0.044606764777483474, -0.20149967411392622, 0.10267971840315071]
B1: -2.871249531403834e-08 - 9.841795128467228e-09 - 1.7500936122031893e-08 - 5.4880346358620394e-09
B2: -4.74393411692778e-09 - 1.535281659444896e-08 - -2.690868181156868e-08 - -2.664984591254997e-08
