Number: 6818
Error: 9.009447581796663e-16
A1: [0.08043168154910063, -0.18046781388567618, -0.01958886010507432, 0.11962496860304142] - [0.03741557721516294, 0.13359638339847502, -0.134726188971358, -0.036285827874459754] - [-0.0017028454862960212, 0.22819009003382884, -0.12282840907995046, -0.10365893669090501] - [0.038863218920824616, -0.11448103401719309, -0.04641645689419395, 0.12203421245427541]
A2: [0.03530749153030993, -0.029273427193888455, -0.07569730386746766, 0.06966345847248534] - [0.10289376244922845, 0.2828967131436301, -0.3926063848593429, 0.006816008337713276] - [-0.011187072026669664, 0.5390146188182403, -0.3594509890240963, -0.16837643509820358] - [0.09786284522748442, 0.01746336252355551, -0.16885096689712883, 0.05352492647896232]
B1: -1.7295298440605465e-08 - -6.692482121408903e-09 - -2.1218630865099618e-08 - -1.6586634057019383e-08
B2: -1.0638925533670896e-08 - -1.6620999966619954e-08 - -1.929511798144241e-08 - -1.598098751186348e-08
