Number: 541
Error: 9.633038438138096e-14
A1: [-0.012153070836692252, -0.01451683834479443, 0.018087640413725483, 0.008583442509349426] - [0.06583607800833492, 0.18949607143127833, -0.14532169909851603, -0.11000762261775242] - [-0.0962919363317035, 0.42178718948494054, -0.053456098704572325, -0.27203440873998247] - [-0.0013215415480037974, -0.018219284583587833, -0.0038351546889518963, 0.023376695855148948]
A2: [0.16158660367466748, -0.16775488819354736, 0.008501219122421492, -0.0023331836764302507] - [0.03548580599305585, 0.20751680291557753, -0.11721034209465958, -0.12579194887638923] - [-0.08621354690127302, 0.5815381196045886, -0.23538872879198913, -0.25993557033508474] - [-0.0038338677736348904, -0.004518208561523484, 0.0011113451457152265, 0.007244444713570214]
B1: -5.022387827288468e-08 - 3.5696641820670926e-08 - 1.2631780045352682e-07 - 2.8555480872368185e-07
B2: 2.979719352570007e-07 - 4.469969608974268e-07 - 4.2447431936974093e-07 - 8.360735887758915e-08
