Number: 3286
Error: 3.7124823262670565e-05
A1: [0.1123257054653398, -0.06892015822596302, 0.020743438064653754, 0.11678148392247219] - [0.013952368335109183, 0.16398589300469082, -0.16989531447536063, -0.10079140652434945] - [-0.04153739996023596, 0.3475191538631834, -0.10875113275690353, -0.12215886344938999] - [0.052080698615657346, -0.04048426065742617, -0.025043895998593316, 0.064073948039478]
A2: [0.044806967063408566, -0.2933293490629529, 0.30359613657006745, 0.16178096657112415] - [0.09098081927190842, 0.04922642509882478, -0.038856560899533314, -0.054679356593755356] - [0.01734765649445669, 0.2913221494097726, 0.020458826896850895, -0.08426083899581417] - [0.11307204584963, -0.24850128705011149, 0.18780871386059825, 0.13175551715609496]
B1: 0.010173563906602024 - -0.012416424340026622 - -0.0037051253393088728 - -0.004833338354357896
B2: -0.006201776490442863 - 0.0020099999589670552 - 0.0056611184383397566 - 0.011890316148823172
