Number: 9452
Error: 2.280783240084327e-13
A1: [0.05317371233179885, -0.1480001083892722, -0.02699788643606189, 0.12182898472484283] - [0.0053135004347493265, 0.1308364746286575, -0.11360096312889034, -0.022549983051972554] - [-0.014442367464888334, 0.22309373069528038, -0.12703907216836674, -0.08160382315002465] - [0.027146167271565224, -0.10002033079757748, -0.04942480176184084, 0.12229782693354482]
A2: [0.08925654663844908, -0.07291128977503243, -0.12362538239479537, 0.10728849419808952] - [0.10884545023686104, 0.24981790322116101, -0.40484164178949084, 0.04619326414966541] - [0.036636511122527526, 0.46255569559125315, -0.3777168849598451, -0.1214726823254911] - [0.14342742336076492, -0.04460563687706724, -0.20149856865684387, 0.10268086730785632]
B1: -2.500691944767165e-06 - 4.79130207791094e-07 - 8.640549131614312e-07 - 9.226472776117129e-07
B2: 2.3408509219692996e-07 - -2.564319534870208e-08 - 4.211833905511313e-07 - 3.236793626939583e-07
