Number: 7421
Error: 5.45307753965642e-16
A1: [0.08043167300345361, -0.18046782243035958, -0.019588868640505595, 0.1196249600583702] - [0.037415577217152836, 0.13359638340046362, -0.13472618896936636, -0.036285827872469444] - [-0.001702811007000349, 0.22819012451238865, -0.12282837465113766, -0.10365890222080675] - [0.03886322424713059, -0.1144810287058411, -0.04641645157128731, 0.12203421777726786]
A2: [0.03530716847138091, -0.029273751146332752, -0.07569761102794363, 0.06966312035644057] - [0.10289368507046202, 0.2828966351081581, -0.3926064596990837, 0.0068159273108754775] - [-0.01118711179896485, 0.5390145788087153, -0.3594510266694398, -0.1683764770076599] - [0.09786274280257572, 0.017463259632758705, -0.168851064399046, 0.05352481896618982]
B1: -2.6730775362554223e-08 - 2.6870328759727895e-08 - 6.788618482179497e-08 - 3.0129211369245666e-08
B2: 2.360307118405176e-08 - 2.0317260068435123e-08 - 4.392490671545719e-08 - 2.7600205791570502e-08
