Number: 3336
Error: 2.646496679733909e-07
A1: [0.06804882954288013, -0.11218469855341165, -0.022237801472374943, 0.07349675035083522] - [0.03368897063282108, 0.1846243501078051, -0.15106373010953628, -0.08184285991777034] - [-0.05923795568344174, 0.3300394967790807, -0.12659486519746466, -0.1398605482412057] - [0.03784620077259051, -0.05447436155076398, -0.03860277341206625, 0.05051768537575104]
A2: [-0.0078822024723379, -0.3454821559434615, 0.25084966998278824, 0.1077747748535199] - [0.07856797218810709, 0.03471793372592015, -0.051903803088631933, -0.06769701546889431] - [-0.04144721604686524, 0.23186412855835523, -0.03952883838826527, -0.14679303967529855] - [0.06800269632636483, -0.2936553283607825, 0.1415939996868851, 0.08338831078558427]
B1: 0.0016585482581742386 - -0.0013680060509320066 - -0.0008493751241161338 - -0.00013520321365923782
B2: 0.0015800586138072742 - -0.00010222857709007017 - -0.001468265736616884 - -0.0003033692851637864
