Number: 6166
Error: 8.407414005653883e-16
A1: [0.08043160472933823, -0.18046789069673502, -0.0195889368329804, 0.11962489179205599] - [0.037415506425439456, 0.13359631266233193, -0.13472625962002974, -0.03628589862496584] - [-0.0017028171050477263, 0.2281901184144764, -0.12282838074025784, -0.10365890831723004] - [0.03886320331832383, -0.11448104957590545, -0.046416472486752236, 0.12203419686147435]
A2: [0.03530742679601698, -0.029273492107228977, -0.07569736541599226, 0.0696633907210135] - [0.10289379966448006, 0.2828967506747364, -0.3926063488652506, 0.006816047307543565] - [-0.011187131373371668, 0.5390145591175649, -0.35945104519702853, -0.16837649763392604] - [0.09786278684911143, 0.017463303879639645, -0.1688510224695494, 0.05352486520066084]
B1: 1.2751728344554084e-08 - 3.0422532286941904e-08 - 9.879685573208443e-09 - 6.706839347792957e-10
B2: 7.501758034395443e-09 - -3.3130967365359364e-09 - 1.851179680722452e-08 - 3.7606860301025605e-08
