Number: 5716
Error: 0.03410615696472893
A1: [-0.12914717554430194, -0.35786211801659573, -0.23431694305002423, -0.08899671583131966] - [-0.18501544229564215, -0.07646704997348025, -0.3706282552545443, -0.2636139877098601] - [-0.024297477667489464, 0.26993539101556374, -0.13868585335328928, -0.11669451014463592] - [-0.3680664769043719, -0.4478229972640119, -0.4392709503021244, -0.27135892845482934]
A2: [0.005459773727375911, -0.06596143366607746, 0.15955058253122914, -0.3281205908249076] - [0.29200957095660895, 0.47123877852841434, 0.09810016561542492, -0.22264613422014978] - [-0.07880995460920476, 0.46321884351291487, -0.15932951239419502, -0.6268978617999953] - [0.09125859689317312, 0.005247186327023527, 0.09947674471360789, -0.34323782712967654]
B1: -0.4301898675522009 - -0.638606818523261 - -0.4584026325656159 - -0.47082177531402203
B2: -0.7017856138283111 - -0.622178606841398 - -0.866340929752792 - -0.6416253389386197
