Number: 6250
Error: 8.464635946495807e-16
A1: [0.0804316578869053, -0.18046783754518855, -0.019588883738974293, 0.11962494494355172] - [0.03741555924075493, 0.13359636543767353, -0.1347262069099502, -0.03628584583890735] - [-0.0017028312877211261, 0.2281901042321056, -0.1228283949021659, -0.10365892249611745] - [0.03886321396211558, -0.11448103896198505, -0.046416461849742886, 0.12203420749865176]
A2: [0.0353074338638511, -0.029273485019846616, -0.0756973586959881, 0.06966339811827257] - [0.1028937200726925, 0.2828966704074394, -0.3926064258453668, 0.006815963963273693] - [-0.011187146258026824, 0.5390145441441272, -0.35945105928566684, -0.16837651331841014] - [0.09786278950452602, 0.01746330654713265, -0.16885101994176727, 0.053524867987983574]
B1: 5.861118581771315e-09 - -8.31668286188405e-09 - -2.043815121368443e-09 - -4.552712645853726e-09
B2: -6.7716124820843126e-09 - -4.773997845565419e-09 - 6.015341028020799e-09 - 8.00826829039821e-10
