Number: 8015
Error: 1.3163196802995093e-15
A1: [0.0804316806278949, -0.18046781480678784, -0.019588861025178966, 0.11962496768194067] - [0.037415663124948394, 0.13359646924324473, -0.13472610323269144, -0.03628574201224008] - [-0.0017027921191413154, 0.22819014339984325, -0.12282835579092785, -0.10365888333798624] - [0.03886323033720534, -0.11448102263286179, -0.04641644548508302, 0.12203422386356089]
A2: [0.0353074364392873, -0.029273482437270147, -0.07569735624729397, 0.06966340081373454] - [0.10289368279625284, 0.2828966328146548, -0.3926064618986822, 0.00681592492947048] - [-0.011187100599831915, 0.5390145900746182, -0.3594510160692077, -0.1683764652067577] - [0.09786277744077138, 0.01746329442849655, -0.16885103142571822, 0.053524855325008086]
B1: -8.620216176645942e-09 - 1.6606453696164424e-08 - -5.826665065589424e-09 - 3.3562856779451493e-09
B2: 7.192465670479502e-08 - -1.0966275692864011e-07 - 2.6123225212873234e-09 - 5.73069871612138e-08
